1, P61978, HNRPK_HUMAN Heterogeneous nuclear ribonucleoprotein K, 13961421, IDR_0, 1, 33, METEQPEETFPNTETNGEFGKRPAEDMEEEQAF, 41.12, 16.33, 1.23, IDR_1, 252, 385, GFPMRGRGGFDRMPPGRGGRPMPPSRRDYDDMSPRRGPPPPPPGRGGRGGSRARNLPLPPPPPPRGGDLMAYDRRGRPGDRYDGMVGFSADETWDSAIDTWSPSEWQMAYEPQGGSGYDYSYAGGRGSYGDLGG, 69.9, 31.81, 1.04
2, P22626, ROA2_HUMAN Heterogeneous nuclear ribonucleoproteins A2/B1, 10053848, IDR_0, 196, 353, VQSSRSGRGGNFGFGDSRGGGGNFGPGPGSNFRGGSDGYGSGRGFGDGYNGYGGGPGGGNFGGSPGYGGGRGGYGGGGPGYGNQGGGYGGGYDNYGGGNYGSGNYNDFGNYNQQPSNYGPMKSGNFGGSRNMGGPYGGGNYGPGGSGGSGGYGGRSRY, 61.19, 27.08, 0.85
3, P09651, ROA1_HUMAN Heterogeneous nuclear ribonucleoprotein A1, 9198057, IDR_0, 184, 372, QEMASASSSQRGRSGSGNFGGGRGGGFGGNDNFGRGGNFSGRGGFGGSRGGGGYGGSGDGYNGFGNDGGYGGGGPGYSGGSRGYGSGGQGYGNQGSGYGGSGSYDSYNNGGGGGFGGGSGSNFGGGGSYNDFGNYNNQSSNFGPMKGGNFGGRSSGPYGGGGQYFAKPRNQGGYGGSSSSSSYGSGRRF, 63.78, 28.03, 0.81
4, P06748, NPM_HUMAN Nucleophosmin, 8816791, IDR_0, 1, 13, MEDSMDMDMSPLR, 23.16, 9.32, 1.1, IDR_1, 118, 243, AVEEDAESEDEEEEDVKLLSISGKRSAPGGGSKVPQKKVKLAADEDDDDDDEEDDDEDDDDDDFDDEEAEEKAPVKKSIRDTPAKNAQKSNQNGKDSKPSSTPRSKGQESFKKQEKTPKTPKGPSS, 78.3, 31.4, 1.19
5, P19338, NUCL_HUMAN Nucleolin, 6131640, IDR_0, 1, 302, MVKLAKAGKNQGDPKKMAPPPKEVEEDSEDEEMSEDEEDDSSGEEVVIPQKKGKKAAATSAKKVVVSPTKKVAVATPAKKAAVTPGKKAAATPAKKTVTPAKAVTTPGKKGATPGKALVATPGKKGAAIPAKGAKNGKNAKKEDSDEEEDDDSEEDEEDDEDEDEDEDEIEPAAMKAAAAAPASEDEDDEDDEDDEDDDDDEEDDSEEEAMETTPAKGKKAAKVVPVKAKNVAEDEDEEEDDEDEDDDDDEDDEDDDDEDDEEEEEEEEEEPVKEAPGKRKKEMAKQKAAPEAKKQKVEGTE, 130.96, 55.5, 1.29, IDR_1, 559, 710, GPRGSPNARSQPSKTLFVKGLSEDTTEETLKESFDGSVRARIVTDRETGSSKGFGFVDFNSEEDAKAAKEAMEDGEIDGNKVTLDWAKPKGEGGFGGRGGGRGGFGGRGGGRGGRGGFGGRGRGGFGGRGGFRGGRGGGGDHKPQGKKTKFE, 81.61, 34.08, 1.15
6, Q9NSB2, KRT84_HUMAN Keratin; type II cuticular Hb4, 4135362, IDR_0, 1, 159, MSCRSYRVSSGHRVGNFSSCSAMTPQNLNRFRANSVSCWSGPGFRGLGSFGSRSVITFGSYSPRIAAVGSRPIHCGVRFGAGCGMGFGDGRGVGLGPRADSCVGLGFGAGSGIGYGFGGPGFGYRVGGVGVPAAPSITAVTVNKSLLTPLNLEIDPNAQ, 85.65, 36.03, 1.17, IDR_1, 476, 600, LCEGVGPVNISVSSSRGGLVCGPEPLVAGSTLSRGGVTFSGSSSVCATSGVLASCGPSLGGARVAPATGDLLSTGTRSGSMLISEACVPSVPCPLPTQGGFSSCSGGRSSSVRFVSTTTSCRTKY, 84.48, 35.22, 1.3
7, P43243, MATR3_HUMAN Matrin-3, 3240673, IDR_0, 1, 284, MSKSFQQSSLSRDSQGHGRDLSAAGIGLLAAATQSLSMPASLGRMNQGTARLASLMNLGMSSSLNQQGAHSALSSASTSSHNLQSIFNIGSRGPLPLSSQHRGDADQASNILASFGLSARDLDELSRYPEDKITPENLPQILLQLKRRRTEEGPTLSYGRDGRSATREPPYRVPRDDWEEKRHFRRDSFDDRGPSLNPVLDYDHGSRSQESGYYDRMDYEDDRLRDGERCRDDSFFGETSHNYHKFDSEYERMGRGPGPLQERSLFEKKRGAPPSSNIEDFHGL, 112.75, 48.84, 1.15, IDR_1, 330, 393, NPDNDTGHTMGDPFMLQQSTNPAPGILGPPPPSFHLGGPAVGPRGNLGAGNGNLQGPRHMQKGR, 56.68, 24.07, 1.22, IDR_2, 587, 778, LKKDKSRKRSYSPDGKESPSDKKSKTDGSQKTESSTEGKEQEEKSGEDGEKDTKDDQTEQEPNMLLESEDELLVDEEEAAALLESGSSVGDETDLANLGDVASDGKKEPSDKAVKKDGSASAAAKKKLKKVDKIEELDQENEAALENGIKNEENTEPGAESSENADDPNKDTSENADGQSDENKDDYTIPDE, 110.48, 46.61, 1.37
8, O00193, SMAP_HUMAN Small acidic protein, 3226133, IDR_0, 1, 183, MSAARESHPHGVKRSASPDDDLGSSNWEAADLGNEERKQKFLRLMGAGKKEHTGRLVIGDHKSTSHFRTGEEDKKINEELESQYQQSMDSKLSGRYRRHCGLGFSEVEDHDGEGDVAGDDDDDDDDSPDPESPDDSESDSESEKEESAEELQAAEHPDEVEDPKNKKDAKSNYKMMFVKSSGS, 96.07, 40.25, 1.22
9, Q8NC51, PAIRB_HUMAN Plasminogen activator inhibitor 1 RNA-binding protein, 2606475, IDR_0, 1, 408, MPGHLQEGFGCVVTNRFDQLFDDESDPFEVLKAAENKKKEAGGGGVGGPGAKSAAQAAAQTNSNAAGKQLRKESQKDRKNPLPPSVGVVDKKEETQPPVALKKEGIRRVGRRPDQQLQGEGKIIDRRPERRPPRERRFEKPLEEKGEGGEFSVDRPIIDRPIRGRGGLGRGRGGRGRGMGRGDGFDSRGKREFDRHSGSDRSSFSHYSGLKHEDKRGGSGSHNWGTVKDELTESPKYIQKQISYNYSDLDQSNVTEETPEGEEHHPVADTENKENEVEEVKEEGPKEMTLDEWKAIQNKDRAKVEFNIRKPNEGADGQWKKGFVLHKSKSEEAHAEDSVMDHHFRKPANDITSQLEINFGDLGRPGRGGRGGRGGRGRGGRPNRGSRTDKSSASAPDVDDPEAFPALA, 146.46, 60.95, 1.25
10, P51991, ROA3_HUMAN Heterogeneous nuclear ribonucleoprotein A3, 2437879, IDR_0, 1, 29, MEVKPPPGRPQPDSGRRRRRRGEEGHDPK, 39.26, 14.86, 1.25, IDR_1, 205, 378, QEMQSAGSQRGRGGGSGNFMGRGGNFGGGGGNFGRGGNFGGRGGYGGGGGGSRGSYGGGDGGYNGFGGDGGNYGGGPGYSSRGGYGGGGPGYGNQGGGYGGGGGYDGYNEGGNFGGGNYGGGGNYNDFGNYSGQQQSNYGPMKGGSFGGRSSGSPYGGGYGSGGGSGGYGSRRF, 59.48, 26.51, 0.79
11, O60506, HNRPQ_HUMAN Heterogeneous nuclear ribonucleoprotein Q, 2401970, IDR_0, 1, 19, MATEHVNGNGTEEPMDTTS, 28.93, 11.27, 1.15, IDR_1, 425, 623, NQMYDDYYYYGPPHMPPPTRGRGRGGRGGYGYPPDYYGYEDYYDYYGYDYHNYRGGYEDPYYGYEDFQVGARGRGGRGARGAAPSRGRGAAPPRGRAGYSQRGGPGSARGVRGARGGAQQQRGRGVRGARGGRGGNVGGKRKADGYNQPDSKRRQTNNQNWGSQPIAQQPLQGGDHSGNYGYKSENQEFYQDTFGQQWK, 48.1, 26.8, 0.59
12, Q00839, HNRPU_HUMAN Heterogeneous nuclear ribonucleoprotein U, 2330566, IDR_0, 1, 281, MSSSPVNVKKLKVSELKEELKKRRLSDKGLKAELMERLQAALDDEEAGGRPAMEPGNGSLDLGGDSAGRSGAGLEQEAAAGGDEEEEEEEEEEEGISALDGDQMELGEENGAAGAADSGPMEEEEAASEDENGDDQGFQEGEDELGDEEEGAGDENGHGEQQPQPPATQQQQPQQQRGAAKEAAGKSSGPTSLFAVTVAPPGARQGQQQAGGKKKAEGGGGGGRPGAPAAGDGKTEQKGGDKKRGVKRPREDHGRGYFEYIEENKYSRAKSPQPPVEEEDE, 130.17, 55.65, 1.34, IDR_1, 673, 825, SKKALPPEKKQNTGSKKSNKNKSGKNQFNRGGGHRGRGGFNMRGGNFRGGAPGNRGGYNRRGNMPQRGGGGGGSGGIGYPYPRAPVFPGRGSYSNRGNYNRGGMPNRGNYNQNFRGRGNNRGYKNQSQGYNQWQQGQFWGQKPWSQHYHQGYY, 66.55, 29.35, 0.93
13, O43390, HNRPR_HUMAN Heterogeneous nuclear ribonucleoprotein R, 2136134, IDR_0, 1, 24, MANQVNGNAVQLKEEEEPMDTSSV, 32.91, 12.97, 1.15, IDR_1, 412, 633, PDKKRKERQAARQASRSTAYEDYYYHPPPRMPPPIRGRGRGGGRGGYGYPPDYYGYEDYYDDYYGYDYHDYRGGYEDPYYGYDDGYAVRGRGGGRGGRGAPPPPRGRGAPPPRGRAGYSQRGAPLGPPRGSRGGRGGPAQQQRGRGSRGSRGNRGGNVGGKRKADGYNQPDSKRRQTNNQQNWGSQPIAQQPLQQGGDYSGNYGYNNDNQEFYQDTYGQQWK, 55.52, 28.57, 0.64
14, P17844, DDX5_HUMAN Probable ATP-dependent RNA helicase DDX5, 1789549, IDR_0, 1, 38, MSGYSSDRDRGRDRGFGAPRFGGSRAGPLSGKKFGNPG, 39.86, 16.72, 1.12, IDR_1, 476, 614, EDRGSGRSRGRGGMKDDRRDRYSAGKRGGFNTFRDRENYDRGYSSLLKRDFGAKTQNGVYSAANYTNGSFGSNFVSAGIQTSFRTGNPTGTYQNGYDSTQQYGSNVPNMHNGMNQQAYAYPATAAAPMIGYPMPTGYSQ, 68.05, 29.25, 0.99
15, P67809, YBOX1_HUMAN Y-box-binding protein 1, 1730365, IDR_0, 1, 54, MSSEAETQQPPAAPPAAPALSAADTKPGTTGSGAGSGGPGGLTSAAPAGGDKKV, 55.96, 22.55, 1.3, IDR_1, 99, 324, YLRSVGDGETVEFDVVEGEKGAEAANVTGPGGVPVQGSKYAADRNHYRRYPRRRGPPRNYQQNYQNSESGEKNEGSESAPEGQAQQRRPYRRRRFPPYYMRRPYGRRPQYSNPPVQGEVMEGADNQGAGEQGRPVRQNMYRGYRPRFRRGPPRQRQPREDGNEEDKENQGDETQGQQPPQRRYRRNFNYRRRRPENPKPQDGKETKAADPPAENSSAPEAEQGGAE, 80.22, 35.99, 0.92
16, P35637, FUS_HUMAN RNA-binding protein FUS, 1686727, IDR_0, 1, 287, MASNDYTQQATQSYGAYPTQPGQGYSQQSSQPYGQQSYSGYSQSTDTSGYGQSSYSSYGQSQNTGYGTQSTPQGYGSTGGYGSSQSSQSSYGQQSSYPGYGQQPAPSSTSGSYGSSSQSSSYGQPQSGSYSQQPSYGGQQQSYGQQQSYNPPQGYGQQNQYNSSSGGGGGGGGGGNYGQDQSSMSSGGGSGGGYGNQDQSGGGGSGGYGQQDRGGRGRGGSGGGGGGGGGGYNRSSGGYEPRGRGGGRGGRGGMGGSDRGGFNKFGGPRDQGSRHDSEQDNSDNNTI, 83.82, 37.54, 0.86, IDR_1, 371, 526, RRADFNRGGGNGRGGRGRGGPMGRGGYGGGGSGGGGRGGFPSGGGGGGGQQRAGDWKCPNPTCENMNFSWRNECNQCKAPKPDGPGGGPGGSHMGGNYGDDRRGGRGGYDRGGYRGRGGDRGGFRGGRGGGDRGGFGPGKMDSRGEHRQDRRERPY, 75.36, 33.35, 1.05
17, Q12906, ILF3_HUMAN Interleukin enhancer-binding factor 3, 1684584, IDR_0, 1, 83, MRPMRIFVNDDRHVMAKHSSVYPTQEELEAVQNMVSHTERALKAVSDWIDEQEKGSSEQAESDNMDVPPEDDSKEGAGEQKTE, 66.0, 27.17, 1.24, IDR_1, 339, 530, LPSKMPKKPKNENPVDYTVQIPPSTTYAITPMKRPMEEDGEEKSPSKKKKKIQKKEEKAEPPQAMNALMRLNQLKPGLQYKLVSQTGPVHAPIFTMSVEVDGNSFEASGPSKKTAKLHVAVKVLQDMGLPTGAEGRDSSKGEDSAEETEAKPAVVAPAPVVEAVSTPSAAFPSDATAEQGPILTKHGKNPVM, 113.29, 46.34, 1.4, IDR_2, 595, 894, ALDANKKKRAPVPVRGGPKFAAKPHNPGFGMGGPMHNEVPPPPNLRGRGRGGSIRGRGRGRGFGGANHGGYMNAGAGYGSYGYGGNSATAGYSQFYSNGGHSGNASGGGGGGGGGSSGYGSYYQGDNYNSPVPPKHAGKKQPHGGQQKPSYGSGYQSHQGQQQSYNQSPYSNYGPPQGKQKGYNHGQGSYSYSNSYNSPGGGGGSDYNYESKFNYSGSGGRSGGNSYGSGGASYNPGSHGGYGGGSGGGSSYQGKQGGYSQSNYNSPGSGQNYSGPPSSYQSSQGGYGRNADHSMNYQYR, 85.15, 35.27, 0.85
18, P62995, TRA2B_HUMAN Transformer-2 protein homolog beta, 1611497, IDR_0, 1, 118, MSDSGEQNYGERESRSASRSGSAHGSGKSARHTPARSRSKEDSRRSRSKSRSRSESRSRSRRSSRRHYTRSRSRSRSHRRSRSRSYSRDYRRRHSHSHSPMSTRRRHVGNRANPDPNC, 79.18, 34.68, 1.25, IDR_1, 181, 288, GMELDGRRIRVDFSITKRPHTPTPGIYMGRPTYGSSRRRDYYDRGYDRGYDDRDYYSRSYRGGGGGGGGWRAAQDRDQIYRRRSPSPYYSRGGYRSRSRSRSYSPRRY, 59.98, 26.4, 0.99
19, P04264, K2C1_HUMAN Keratin; type II cytoskeletal 1, 1413351, IDR_0, 1, 165, MSRQFSSRSGYRSGGGFSSGSAGIINYQRRTTSSSTRRSGGGGGRFSSCGGGGGSFGAGGGFGSRSLVNLGGSKSISISVARGGGRGSGFGGGYGGGGFGGGGFGGGGFGGGGIGGGGFGGFGSGGGGFGGGGFGGGGYGGGYGPVCPPGGIQEVTINQSLLQPL, 78.44, 31.7, 1.06, IDR_1, 491, 644, SRMSGECAPNVSVSVSTSHTTISGGGSRGGGGGGYGSGGSSYGSGGGSYGSGGGGGGGRGSYGSGGSSYGSGGGSYGSGGGGGGHGSYGSGSSSGGYRGGSGGGGGGSSGGRGSGGGSSGGSIGGRGSSSGGVKSSGGSSSVKFVSTTYSGVTR, 79.98, 32.31, 1.12
20, O00571, DDX3X_HUMAN ATP-dependent RNA helicase DDX3X, 1360204, IDR_0, 1, 175, MSHVAVENALGLDQQFAGLDLNSSDNQSGGSTASKGRYIPPHLRNREATKGFYDKDSSGWSSSKDKDAYSSFGSRSDSRGKSSFFSDRGSGSRGRFDDRGRSDYDGIGSRGDRSGFGKFERGGNSRWCDKSDEDDWSKPLPPSERLEQELFSGGNTGINFEKYDDIPVEATGNNC, 83.85, 35.59, 1.09, IDR_1, 579, 662, HYKGSSRGRSKSSRFSGGFGARDYRQSSGASSSSFSSSRASSSRSGGGGHGSSRGFGGGGYGGFYNSDGYGGNYNSQGVDWWGN, 41.91, 20.63, 0.79
21, Q9NQI0, DDX4_HUMAN Probable ATP-dependent RNA helicase DDX4, 1360204, IDR_0, 1, 250, MGDEDWEAEINPHMSSYVPIFEKDRYSGENGDNFNRTPASSSEMDDGPSRRDHFMKSGFASGRNFGNRDAGECNKRDNTSTMGGFGVGKSFGNRGFSNSRFEDGDSSGFWRESSNDCEDNPTRNRGFSKRGGYRDGNNSEASGPYRRGGRGSFRGCRGGFGLGSPNNDLDPDECMQRTGGLFGSRRPVLSGTGNGDTSQSRSGSGSERGGYKGLNEEVITGSGKNSWKSEAEGGESSDTQGPKVTYIPPP, 98.42, 42.13, 1.07, IDR_1, 687, 724, TRGNVFASVDTRKGKSTLNTAGFSSSQAPNPVDDESWD, 39.37, 16.57, 1.1
22, O15523, DDX3Y_HUMAN ATP-dependent RNA helicase DDX3Y, 1360204, IDR_0, 1, 173, MSHVVVKNDPELDQQLANLDLNSEKQSGGASTASKGRYIPPHLRNREASKGFHDKDSSGWSCSKDKDAYSSFGSRDSRGKPGYFSERGSGSRGRFDDRGRSDYDGIGNRERPGFGRFERSGHSRWCDKSVEDDWSKPLPPSERLEQELFSGGNTGINFEKYDDIPVEATGSNC, 85.73, 36.03, 1.12, IDR_1, 576, 660, HHYKGGSRGRSKSNRFSGGFGARDYRQSSGSSSSGFGASRGSSSRSGGGGYGNSRGFGGGGYGGFYNSDGYGGNYNSQGVDWWGN, 39.72, 19.83, 0.75
23, O75526, RMXL2_HUMAN RNA-binding motif protein; X-linked-like-2, 1350747, IDR_0, 64, 392, AAARDMNGKSLDGKAIKVAQATKPAFESSRRGPPPPRSRGRPRFLRGTRGGGGGPRRSPSRGGPDDDGGYTADFDLRPSRAPMPMKRGPPPRRVGPPPKRAAPSGPARSSGGGMRGRALAVRGRDGYSGPPRREPLPPRRDPYLGPRDEGYSSRDGYSSRDYREPRGFAPSPGEYTHRDYGHSSVRDDCPLRGYSDRDGYGGRDRDYGDHLSRGSHREPFESYGELRGAAPGRGTPPSYGGGGRYEEYRGYSPDAYSGGRDSYSSSYGRSDRYSRGRHRVGRPDRGLSLSMERGCPPQRDSYSRSGCRVPRGGGRLGGRLERGGGRSRY, 123.37, 52.36, 1.17
24, Q8N7X1, RMXL3_HUMAN RNA-binding motif protein; X-linked-like-3, 1350747, IDR_0, 90, 1067, KSSRWVPPTPGSGSRSRFSHRTRGGGSSPQRPPSQGRPDDGRGYAGYFDLWPYRAPMPRKRGPPPRHWASPPHKRATPSSLAHSVGCGMRGKAPTVSGQDGYSGLQPRRWAGPPHKRAVPRSSLARIGGSGMPGKAPAVWGQDGYSGPRVREPLPPCRDPGDFVPALRDYSRRYYGHSSVPDYRPLRGDGNQNGYRGRDHEYTDHPSKGSYREPLKSYGGPCGAAPVWGTPPSYGGGCRYEEYQGNSPDACSEGRSSEALPVVLPDAYSRDHSPKAYSGGRSSSSNGYSRSDRYGEEGCYEEYRGRSPDAHSGGRNSSSNSYGQSHHYGGEGRYEEYRGRSHEARSGGRSTDAHSRGRSDDAYSGGHDSSSWSDCCGGGGRYEEYQGRSLDANSGGCSPEAYSGGHDNSSWSDRYGVGGHYEENRGHSLDANSGGRSPDTHSGGHSSSSNSYGQSHRYGGEGRYEYRGRSHDAHSGGCSADAYSGGHDSSSQSNRYGGGGCYEEYRGRSLDANSGGRSPNAYSGGHDSSSWSHRYGGGGRYEEYRGRSLDANSGGRSPDAYSGGHDSSGQSNCYGGGGRYEEYRGRLLDANSGGRSPDAYSGGHDSSSQSNRYGGGGRYEEYRGHSLDANSGGRSPDTYSRGHDSSSQSDHYGGGGRSLDANSSGRLPDAYSGGHDSSSRSHRYGGGGRYEEYRGRSLDANSGGRSPNAYSGGHNSSSRNDPCRGGGRYEENRGHSLDANSGGHSPNAYSGGRDSSSNSYDRSHRYGGGGHYEEYRGRSHDTHSRGRSPDAHSGDHYTEAYSRGRDSFSNSYGRSDHYGRGGCYEEYQGRSPNAYGGGRGLNSSNNSHGRSHRYGGGGRYEEYRGPSPDAHSGGRDSSIKSYGLSDRYGGGGHYEEYQGSLPDAYSGDHDRSSNSYGRSDRYSRGRDRVGRPDRGLPLPMETGSPPLHDSYSRSGCRVPRGGGRQGGRFERGEGRSRY, 139.18, 59.03, 0.77
25, P38159, RBMX_HUMAN RNA-binding motif protein; X chromosome, 1350747, IDR_0, 61, 391, DAKDAARDMNGKSLDGKAIKVEQATKPSFESGRRGPPPPPRSRGPPRGLRGGRGGSGGTRGPPSRGGHMDDGGYSMNFNMSSSRGPLPVKRGPPPRSGGPPPKRSAPSGPVRSSSGMGGRAPVSRGRDSYGGPPRREPLPSRRDVYLSPRDDGYSTKDSYSSRDYPSSRDTRDYAPPPRDYTYRDYGHSSSRDDYPSRGYSDRDGYGRDRDYSDHPSGGSYRDSYESYGNSRSAPPTRGPPPSYGGSSRYDDYSSSRDGYGGSRDSYSSSRSDLYSSGRDRVGRQERGLPPSMERGYPPPRDSYSSSSRGAPRGGGRGGSRSDRGGGRSRY, 120.84, 52.78, 1.14
26, Q15056, IF4H_HUMAN Eukaryotic translation initiation factor 4H, 1237325, IDR_0, 1, 42, MADFDTYDDRAYSSFGGGRGSRGSAGGHGSRSQKELPTEPPY, 41.29, 16.82, 1.1, IDR_1, 115, 248, IAEGRKQDKGGFGFRKGGPDDRGMGSSRESRGGWDSRDDFNSGFRDDFLGGRGGSRPGDRRTGPPMGSRFRDGPPLRGSNMDFREPTEEERAQRPRLQLKPRTVATPLNQVANPNSAIFGGARPREEVVQKEQE, 79.46, 34.23, 1.18
27, Q08211, DHX9_HUMAN ATP-dependent RNA helicase A, 1127666, IDR_0, 1, 157, MGDVKNFLYAWCGKRKMTPSYEIRAVGNKNRQKFMCEVQVEGYNYTGMGNSTNKKDAQSNAARDFVNYLVRINEIKSEEVPAFGVASPPPLTDTPDTTANAEGDLPTTMGGPLPPHLALKAENNSEVGASGYGVPGPTWDRGANLKDYYSRKEEQEV, 86.36, 37.61, 1.18, IDR_1, 318, 353, FEPSQRQNQVGVVPWSPPQSNWNPWTSSNIDEGPLA, 40.14, 17.15, 1.15, IDR_2, 586, 612, PPPKDKKKKDKDDDGGEDDDANCNLIC, 33.67, 13.57, 1.11, IDR_3, 1142, 1270, SAAGINLMIGSTRYGDGPRPPKMARYDNGSGYRRGGSSYSGGGYGGGYSSGGYGSGGYGGSANSFRAGYGAGVGGGYRGVSRGGFRGNSGGDYRGPSGGYRGSGGFQRGGGRGAYGTGYFGQGRGGGGY, 60.53, 26.62, 0.93
28, Q15424, SAFB1_HUMAN Scaffold attachment factor B1, 1010005, IDR_0, 1, 406, MAETLSGLGDSGAAGAAALSSASSETGTRRLSDLRVIDLRAELRKRNVDSSGNKSVLMERLKKAIEDEGGNPDEIEITSEGNKKTSKRSSKGRKPEEEGVEDNGLEENSGDGQEDVETSLENLQDIDIMDISVLDEAEIDNGSVADCVEDDDADNLQESLSDSRELVEGEMKELPEQLQEHAIEDKETINNLDTSSSDFTILQEIEEPSLEPENEKILDILGETCKSEPVKEESSELEQPFAQDTSSVGPDRKLAEEEDLFDSAHPEEGDLDLASESTAHAQSSKADSLLAVVKREPAEQPGDGERTDCEPVGLEPAVEQSSAASELAEASSEELAEAPTEAPSPEARDSKEDGRKFDFDACNEVPPAPKESSTSEGADQKMSSPEDDSDTKRLSKEEKGRSSCGR, 177.24, 76.75, 1.51, IDR_1, 478, 634, SVEKAKNEPVGKKTSDKRDSDGKKEKSSNSDRSTNLKRDDKCDRKDDAKKGDDGSGEKSKDQDDQKPGPSERSRATKSGSRGTERTVVMDKSKGVPVISVKTSGSKERASKSQDRKSASREKRSVVSFDKVKEPRKSRDSESHSRVRERSEREQRMQ, 98.45, 40.9, 1.35, IDR_2, 705, 915, ERRPAVRRPYDLDRRDDAYWPEAKRAALDERYHSDFNRQDRFHDFDHRDRGRYPDHSVDRREGSRSMMGEREGQHYPERHGGPERHGRDSRDGWGGYGSDKRMSEGRGLPPPPRRDWGDHGRREDDRSWQGTADGGMMDRDHKRWQGGERSMSGHSGPGHMMNRGGMSGRGSFAPGGASRGHPIPHGGMQGGFGGQSRGSRPSDARFTRRY, 85.34, 37.65, 1.01
29, Q14247, SRC8_HUMAN Src substrate cortactin, 953515, IDR_0, 1, 512, MWKASAGHAVSIAQDDAGADDWETDPDFVNDVSEKEQRWGAKTVQGSGHQEHINIHKLRENVFQEHQTLKEKELETGPKASHGYGGKFGVEQDRMDKSAVGHEYQSKLSKHCSQVDSVRGFGGKFGVQMDRVDQSAVGFEYQGKTEKHASQKDYSSGFGGKYGVQADRVDKSAVGFDYQGKTEKHESQRDYSKGFGGKYGIDKDKVDKSAVGFEYQGKTEKHESQKDYVKGFGGKFGVQTDRQDKCALGWDHQEKLQLHESQKDYKTGFGGKFGVQSERQDSAAVGFDYKEKLAKHESQQDYSKGFGGKYGVQKDRMDKNASTFEDVTQVSSAYQKTVPVEAVTSKTSNIRANFENLAKEKEQEDRRKAEAERAQRMAKERQEQEEARRKLEEQARAKTQTPPVSPAPQPTEERLPSSPVYEDAASFKAELSYRGPVSGTEPEPVYSMEAADYREASSQQGLAYATEAVYESAEAPGHYPAEDSTYDEYENDLGITAVALYDYQAAGDDEIS, 156.34, 67.47, 1.19
30, Q13151, ROA0_HUMAN Heterogeneous nuclear ribonucleoprotein A0, 892006, IDR_0, 174, 305, VPKEDIYSGGGGGGSRSSRGGRGGRGRGGGRDQNGLSKGGGGGYNSYGGYGGGGGGGYNAYGGGGGGSSYGGSDYGNGFGGFGSYSQHQSSYGPMKSGGGGGGGGSSWGGRSNSGPYRGGYGGGGGYGGSSF, 58.91, 26.24, 0.89
31, P35527, K1C9_HUMAN Keratin; type I cytoskeletal 9, 833097, IDR_0, 1, 154, MSCRQFSSSYLSRSGGGGGGGLGSGGSIRSSYSRFSSSGGGGGGGRFSSSSGYGGGSSRVCGRGGGGSFGYSYGGGSGGGFSASSLGGGFGGGSRGFGGASGGGYSSSGGFGGGFGGGSGGGFGGGYGSGFGGFGGFGGGAGGGDGGILTANEK, 70.24, 28.52, 0.99, IDR_1, 460, 623, GGQEDFESSGAGKIGLGGRGGSGGSYGRGSRGGSGGSYGGGGSGGGYGGGSGSRGGSGGSYGGGSGSGGGSGGGYGGGSGGGHSGGSGGGHSGGSGGNYGGGSGSGGGSGGGYGGGSGSRGGSGGSHGGGSGFGGESGGSYGGGEEASGSGGGYGGGSGKSSHS, 74.17, 31.09, 1.01
32, Q9ULD0, OGDHL_HUMAN 2-oxoglutarate dehydrogenase-like; mitochondrial, 832599, IDR_0, 1, 108, MSQLRLLPSRLGVQAARLLAAHDVPVFGWRSRSSGPPATFPSSKGGGGSSYMEEMYFAWLENPQSVHKSWDSFFREASEEAFSGSAQPRPPSVVHESRSAVSSRTKTS, 68.17, 28.12, 1.13
33, P78527, PRKDC_HUMAN DNA-dependent protein kinase catalytic subunit, 825240, IDR_0, 497, 518, LPKGPESESEDHRASGEVRTGK, 30.39, 11.97, 1.12, IDR_1, 588, 614, VGEQENGDEAPGVWMIPTSDPAANLHP, 36.35, 14.66, 1.2, IDR_2, 1314, 1329, GTGAAGNRTSPQEGER, 24.68, 9.87, 1.07, IDR_3, 2009, 2120, KEAREAANGDSDGPSYMSSLSYLADSTLSEEMSQFDFSTGVQSYSYSSQDPRPATGRFRRREQRDPTVHDDVLELEMDELNRHECMAPLTALVKHMHRSLGPPQGEEDSVPR, 72.55, 30.31, 1.18, IDR_4, 2605, 2724, MFVETQASQGTLQTRTQEGSLSARWPVAGQIRATQQQHDFTLTQTADGRSSFDWLTGSSTDPLVDHTSPSSDSLLFAHKRSERLQRAPLKSVGPDFGKKRLGLPGDEVDNKVKGAAGRTD, 75.93, 31.93, 1.19, IDR_5, 3199, 3223, PLPEDNSMNVDQDGDPSDRMEVQEQ, 35.61, 13.99, 1.22, IDR_6, 4085, 4128, KDHNIRAQEPESGLSEETQVKCLMDQATDPNILGRTWEGWEPWM, 45.64, 18.61, 1.18
34, Q92841, DDX17_HUMAN Probable ATP-dependent RNA helicase DDX17, 794172, IDR_0, 1, 120, MPTGFVAPILCVLLPSPTREAATVASATGDSASERESAAPAAAPTAEAPPPSVVTRPEPQALPSPAIRAPLPDLYPFGTMRGGGFGDRDRDRDRGGFGARGGGGLPPKKFGNPGERLRKK, 83.74, 34.94, 1.31, IDR_1, 553, 729, DHRGGGGGGGGRSRYRTTSSANNPNLMYQDECDRRLRGVKDGGRRDSASYRDRSETDRAGYANGSGYGSPNSAFGAQAGQYTYGQGTYGAAAYGTSSYTAQEYGAGTYGASSTTSTGRSSQSSSQQFSGIGRSGQQPQPLMSQQFAQPPGATNMIGYMGQTAYQYPPPPPPPPPSRK, 79.97, 33.92, 1.03
35, Q14157, UBP2L_HUMAN Ubiquitin-associated protein 2-like, 788583, IDR_0, 1, 31, MMTSVGTNRARGNWEQPQNQNQTQHKQRPQA, 36.05, 14.69, 1.12, IDR_1, 94, 1087, HSWEMVGKKKGVSGQKDGGQTESNEEGKENRDRDRDYSRRRGGPPRRGRGASRGREFRGQENGLDGTKSGGPSGRGTERGRRGRGRGRGGSGRRGGRFSAQGMGTFNPADYAEPANTDDNYGNSSGNTWNNTGHFEPDDGTSAWRTATEEWGTEDWNEDLSETKIFTASNVSSVPLPAENVTITAGQRIDLAVLLGKTPSTMENDSSNLDPSQAPSLAQPLVFSNSKQTAISQPASGNTFSHHSMVSMLGKGFGDVGEAKGGSTTGSQFLEQFKTAQALAQLAAQHSQSGSTTTSSWDMGSTTQSPSLVQYDLKNPSDSAVHSPFTKRQAFTPSSTMMEVFLQEKSPAVATSTAAPPPPSSPLPSKSTSAPQMSPGSSDNQSSSPQPAQQKLKQQKKKASLTSKIPALAVEMPGSADISGLNLQFGALQFGSEPVLSDYESTPTTSASSSQAPSSLYTSTASESSSTISSNQSQESGYQSGPIQSTTYTSQNNAQGPLYEQRSTQTRRYPSSISSSPQKDLTQAKNGFSSVQATQLQTTQSVEGATGSAVKSDSPSTSSIPPLNETVSAASLLTTTNQHSSSLGGLSHSEEIPNTTTTQHSSTLSTQQNTLSSSTSSGRTSTSTLLHTSVESEANLHSSSSTFSTTSSTVSAPPPVVSVSSSLNSGSSLGLSLGSNSTVTASTRSSVATTSGKAPPNLPPGVPPLLPNPYIMAPGLLHAYPPQVYGYDDLQMLQTRFPLDYYSIPFPTPTTPLTGRDGSLASNPYSGDLTKFGRGDASSPAPATTLAQPQQNQTQTHHTTQQTFLNPALPPGYSYTSLPYYTGVPGLPSTFQYGPAVFPVAPTSSKQHGVNVSVNASATPFQQPSGYGSHGYNTGVSVTSSNTGVPDISGSVYSKTQQSFEKQGFHSGTPAASFNLPSALGSGGPINPATAAAYPPAPFMHILTPHQQPHSQILHHHLQQDGQTGSGQRSQTSSIPQKPQTNKSAYNSYSWGAN, 215.76, 102.22, 1.18
36, P31942, HNRH3_HUMAN Heterogeneous nuclear ribonucleoprotein H3, 771664, IDR_0, 1, 16, MDWVMKHNGPNDASDG, 24.77, 10.08, 1.06, IDR_1, 101, 346, DPPRRLLGQRPGPYDRPIGGRGGYYGAGRGSMYDRMRRGGDGYDGGYGGFDDYGGYNNYGYGNDGFDDRMRDGRGMGGHGYGGAGDASSGFHGGHFVHMRGLPFRATENDIANFFSPLNPIRVHIDIGADGRATGEADVEFVTHEDAVAAMSKDKNNMQHRYIELFLNSTPGGGSGMGGSGMGGYGRDGMDNQGGYGSVGRMGMGNNYSGGYGTPDGLGGYGRGGGGSGGYYGQGGMSGGGWRGMY, 77.38, 37.88, 0.85
37, Q13148, TADBP_HUMAN TAR DNA-binding protein 43, 715378, IDR_0, 1, 17, MSEYIRVTEDENDEPIE, 28.94, 11.08, 1.2, IDR_1, 259, 414, NAEPKHNSNRQLERSGRFGGNPGGFGNQGGFGNSRGGGAGLGNNQGSNMGGGMNFGAFSINPAMMAAAQAALQSSWGMMGMLASQQNQSGPSGNNQNQGNMQREPNQAFGSGNNSYSGSNSGAAIGWGSASNAGSGSGFNGGFGSSMDSKSSGWGM, 75.59, 32.55, 1.05
38, P13645, K1C10_HUMAN Keratin; type I cytoskeletal 10, 709003, IDR_0, 1, 149, MSVRYSSSKHYSSSRSGGGGGGGGCGGGGGVSSLRISSSKGSLGGGFSSGGFSGGSFSRGSSGGGCFGGSSGGYGGLGGFGGGSFRGSYGSSSFGGSYGGIFGGGSFGGGSFGGGSFGGGGFGGGGFGGGFGGGFGGDGGLLSGNEKVT, 70.69, 28.71, 1.01, IDR_1, 455, 584, GEGSSGGGGRGGGSFGGGYGGGSSGGGSSGGGHGGGHGGSSGGGYGGGSSGGGSSGGGYGGGSSSGGHGGSSSGGYGGGSSGGGGGGYGGGSSGGGSSSGGGYGGGSSSGGHKSSSSGSVGESSSKGPRY, 66.88, 28.36, 1.03
39, Q86UE4, LYRIC_HUMAN Protein LYRIC, 692930, IDR_0, 78, 582, ARKKRRSPPRKREEAAAVPAAAPDDLALLKNLRSEEQKKKNRKKLSEKPKPNGRTVEVAEGEAVRTPQSVTAKQPPEIDKKNEKSKKNKKKSKSDAKAVQNSSRHDGKEVDEGAWETKISHREKRQQRKRDKVLTDSGSLDSTIPGIENTITVTTEQLTTASFPVGSKKNKGDSHLNVQVSNFKSGKGDSTLQVSSGLNENLTVNGGGWNEKSVKLSSQISAGEEKWNSVSPASAGKRKTEPSAWSQDTGDANTNGKDWGRSWSDRSIFSGIGSTAEPVSQSTTSDYQWDVSRNQPYIDDEWSGLNGLSSADPNSDWNAPAEEWGNWVDEERASLLKSQEPIPDDQKVSDDDKEKGEGALPTGKSKKKKKKKKKQGEDNSTAQDTEELEKEIREDLPVNTSKTRPKQEKAFSLKTISTSDPAEVLVKNSQPIKTLPPATSTEPSVILSKSDSDKSSSQVPPILQETDKSKSNTKQNSVPPSQTKSETSWESPKQIKKKKKARRET, 173.85, 72.27, 1.33
40, P36776, LONM_HUMAN Lon protease homolog; mitochondrial, 687776, IDR_0, 1, 114, MAASTGYVRLWGAARCWVLRRPMLAAAGGRVPTAAGAWLLRGQRTCDASPPWALWGRGPAIGGQWRGFWEASSRGGGAFSGGEDASEGGAEEGAGGAGGSAGAGEGPVITALTP, 67.43, 28.27, 1.09, IDR_1, 217, 269, SRQLEVEPEEPEAENKHKPRRKSKRGKKEAEDELSARHPAELAMEPTPELPAE, 51.88, 21.38, 1.22
41, Q96PK6, RBM14_HUMAN RNA-binding protein 14, 687082, IDR_0, 139, 669, GKRINVELSTKGQKKGPGLAVQSGDKTKKPGAGDTAFPGTGGFSATFDYQQAFGNSTGGFDGQARQPTPPFFGRDRSPLRRSPPRASYVAPLTAQPATYRAQPSVSLGAAYRAQPSASLGVGYRTQPMTAQAASYRAQPSVSLGAPYRGQLASPSSQSAAASSLGPYGGAQPSASALSSYGGQAAAASSLNSYGAQGSSLASYGNQPSSYGAQAASSYGVRAAASSYNTQGAASSLGSYGAQAASYGAQSAASSLAYGAQAASYNAQPSASYNAQSAPYAAQQAASYSSQPAAYVAQPATAAAYASQPAAYAAQATTPMAGSYGAQPVVQTQLNSYGAQASMGLSGSYGAQSAAAATGSYGAAAAYGAQPSATLAAPYRTQSSASLAASYAAQQHPQAAASYRGQPGNAYDGAGQPSAAYLSMSQGAVANANSTPPPYERTRLSPPRASYDDPYKKAVAMSKRYGSDRRLAELSDYRRLSESQLSFRRSPTKSSLDYRRLPDAHSDYARYSGSYNDYLRAAQMHSGYQRRM, 147.42, 63.73, 1.09
42, Q08945, SSRP1_HUMAN FACT complex subunit SSRP1, 676554, IDR_0, 431, 709, KEGMNPSYDEYADSDEDQHDAYLERMKEEGKIREENANDSSDDSGEETDESFNPGEEEEDVAEEFDSNASASSSSNEGDSDRDEKKRKQLKKAKMAKDRKSRKKPVEVKKGKDPNAPKRPMSAYMLWLNASREKIKSDHPGISITDLSKKAGEIWKGMSKEKKEEWDRKAEDARRDYEKAMKEYEGGRGESSKRDKSKKKKKVKVKMEKKSTPSRGSSSKSSSRQLSESFKSKEFVSSDESSSGENKSKKKRRRSEDSEEEELASTPPSSEDSASGSDE, 118.24, 49.84, 1.21
43, Q92945, FUBP2_HUMAN Far upstream element-binding protein 2, 662514, IDR_0, 1, 143, MSDYSTGGPPPGPPPPAGGGGGAGGAGGGPPPGPPGAGDRGGGGPGGGGPGGGSAGGPSQPPGGGGPGIRKDAFADAVQRARQIAAKIGGDAATTVNNSTPDFGFGGQKRQLEDGDQPESKKLASQGDSISSQLGPIHPPPRT, 90.77, 37.28, 1.31, IDR_1, 395, 422, SGPPGPPGGPGMPPGGRGRGRGQGNWGP, 37.25, 14.77, 1.22, IDR_2, 498, 711, PLCPVGPGPGGPGPAGPMGPFNPGPFNQGPPGAPPHAGGPPPHQYPPQGWGNTYPQWQPPAPHDPSKAAAAAADPNAAWAAYYSHYYQQPPGPVPGPAPAPAAPPAQGEPPQPPPTGQSDYTKAWEEYYKKIGQQPQQPGAPPQQDYTKAWEEYYKKQAQVATGGGPGAPPGSQPDYSAAWAEYYRQQAAYYGQTPGPGGPQPPPTQQGQQQAQ, 82.43, 35.78, 0.96
44, Q1KMD3, HNRL2_HUMAN Heterogeneous nuclear ribonucleoprotein U-like protein 2, 658667, IDR_0, 1, 248, MEVKRLKVTELRSELQRRGLDSRGLKVDLAQRLQEALDAEMLEDEAGGGGAGPGGACKAEPRPVAASGGGPGGDEEEDEEEEEEDEEALLEDEDEEPPPAQALGQAAQPPPEPPEAAAMEAAAEPDASEKPAEATAGSGGVNGGEEQGLGKREEDEPEERSGDETPGSEVPGDKAAEEQGDDQDSEKSKPAGSDGERRGVKRQRDEKDEHGRAYYEFREEAYHSRSKSPLPPEEEAKDEEEDQTLVNL, 130.91, 56.16, 1.43, IDR_1, 606, 747, DEVTYGELEKEEAQPIVTKYKEEARKLLPPSEKRTNRRNNRNKRNRQNRSRGQGYVGGQRRGYDNRAYGQQYWGQPGNRGGYRNFYDRYRGDYDRFYGRDYEYNRYRDYYRQYNRDWQSYYYHHPQDRDRYYRNYYGYQGYR, 48.19, 24.31, 0.7
45, O14979, HNRDL_HUMAN Heterogeneous nuclear ribonucleoprotein D-like, 657420, IDR_0, 1, 147, MEVPPRLSHVPPPLFPSAPATLASRSLSHWRPRPPRQLAPLLPSLAPSSARQGARRAQRHVTAQQPSRLAGGAAIKGGRRRRPDLFRRHFKSSSIQRSAAAAAATRTARQHPPADSSVTMEDMNEYSNIEEFAEGSKINASKNQQDD, 83.25, 35.97, 1.17, IDR_1, 312, 420, EVYRQQQQQQKGGRGAAAGGRGGTRGRGRGQGQNWNQGFNNYYDQGYGNYNSAYGGDQNYSGYGGYDYTGYNYGNYGYGQGYADYSGQQSTYGKASRGGGNHQNNYQPY, 39.91, 19.61, 0.66
46, Q9Y2W1, TR150_HUMAN Thyroid hormone receptor-associated protein 3, 608525, IDR_0, 1, 571, MSKTNKSKSGSRSSRSRSASRSRSRSFSKSRSRSRSLSRSRKRRLSSRSRSRSYSPAHNRERNHPRVYQNRDFRGHNRGYRRPYYFRGRNRGFYPWGQYNRGGYGNYRSNWQNYRQAYSPRRGRSRSRSPKRRSPSPRSRSHSRNSDKSSSDRSRRSSSSRSSSNHSRVESSKRKSAKEKKSSSKDSRPSQAAGDNQGDEAKEQTFSGGTSQDTKASESSKPWPDATYGTGSASRASAVSELSPRERSPALKSPLQSVVVRRRSPRPSPVPKPSPPLSSTSQMGSTLPSGAGYQSGTHQGQFDHGSGSLSPSKKSPVGKSPPSTGSTYGSSQKEESAASGGAAYTKRYLEEQKTENGKDKEQKQTNTDKEKIKEKGSFSDTGLGDGKMKSDSFAPKTDSEKPFRGSQSPKRYKLRDDFEKKMADFHKEEMDDQDKDKAKGRKESEFDDEPKFMSKVIGANKNQEEEKSGKWEGLVYAPPGKEKQRKTEELEEESFPERSKKEDRGKRSEGGHRGFVPEKNFRVTAYKAVQEKSSSPPPRKTSESRDKLGAKGDFPTGKSSFSITREAQVNV, 172.81, 73.28, 1.24, IDR_1, 662, 955, TEQEAAKNKKSPEIHRRIDISPSTFRKHGLAHDEMKSPREPGYKAEGKYKDDPVDLRLDIERRKKHKERDLKRGKSRESVDSRDSSHSRERSAEKTEKTHKGSKKQKKHRRARDRSRSSSSSSQSSHSYKAEEYTEETEEREESTTGFDKSRLGTKDFVGPSERGGGRARGTFQFRARGRGWGRGNYSGNNNNNSNNDFQKRNREEEWDPEYTPKSKKYYLHDDREGEGSDKWVSRGRGRGAFPRGRGRFMFRKSSTSPKWAHDKFSGEEGEIEDDESGTENREEKDNIQPTTE, 112.39, 46.98, 1.13
47, P52701, MSH6_HUMAN DNA mismatch repair protein Msh6, 586743, IDR_0, 1, 90, MSRQSTLYSFFPKSPALSDANKASARASREGGRAAAAPGASPSPGGDAAWSEAGPGPRPLARSASPPKAKNLNGGLRRSVAPAAPTSCDF, 68.86, 29.08, 1.24, IDR_1, 153, 391, GSKSKEAQKGGHFYSAKPEILRAMQRADEALNKDKIKRLELAVCDEPSEPEEEEEMEVGTTYVTDKSEEDNEIESEEEVQPKTQGSRRSSRQIKKRRVISDSESDIGGSDVEFKPDTKEEGSSDEISSGVGDSESEGLNSPVKVARKRKRMVTGNGSLKRKSSRKETPSATKQATSISSETKNTLRAFSAPQNSESQAHVSGGGDDSSRPTVWYHETLEWLKEEKRRDEHRRRPDHPDF, 107.96, 45.97, 1.2
48, Q99729, ROAA_HUMAN Heterogeneous nuclear ribonucleoprotein A/B, 549387, IDR_0, 1, 68, MSEAGEEQPMETTGATENGHEAVPEASRGRGWTGAAAGAGGATAAPPSGNQNGAEGDQINASKNEEDA, 58.09, 23.66, 1.21, IDR_1, 224, 332, CEIKVAQPKEVYQQQQYGSGGRGNRNRGNRGSGGGGGGGGQSQSWNQGYGNYWNQGYGYQQGYGPGYGGYDYSPYGYYGYGPGYDYSQGSTNYGKSQRRGGHQNNYKPY, 46.76, 20.3, 0.78
49, Q12816, TROP_HUMAN Trophinin, 544124, IDR_0, 1, 436, MDRRNDYGYRVPLFQGPLPPPGSLGLPFPPDIQTETTEEDSVLLMHTLLAATKDSLAMDPPVVNRPKKSKTKKAPIKTITKAAPAAPPVPAANEIATNKPKITWQALNLPVITQISQALPTTEVTNTQASSVTAQPKKANKMKRVTAKAAQGSQSPTGHEGGTIQLKSPLQVLKLPVISQNIHAPIANESASSQALITSIKPKKASKAKKAANKAIASATEVSLAATATHTATTQGQITNETASIHTTAASIRTKKASKARKTIAKVINTDTEHIEALNVTDAATRQIEASVVAIRPKKSKGKKAASRGPNSVSEISEAPLATQIVTNQALAATLRVKRGSRARKAATKARATESQTPNADQGAQAKIASAQTNVSALETQVAAAVQALADDYLAQLSLEPTTRTRGKRNRKSKHLNGDERSGSNYRRIPWGRRPA, 176.33, 74.52, 1.44, IDR_1, 669, 1431, IGEEAVAGPWNWDDMDIDCLTREELGDDAQAWSRFSFEIEARAQENADASTNVNFSRGASTRAGFSDGASISFNGAPSSSGGFSGGPGITFGVAPSTSASFSNTASISFGGTLSTSSSFSSAASISFGCAHSTSTSFSSEASISFGGMPCTSASFSGGVSSSFSGPLSTSATFSGGASSGFGGTLSTTAGFSGVLSTSTSFGSAPTTSTVFSSALSTSTGFGGILSTSVCFGGSPSSSGSFGGTLSTSICFGGSPCTSTGFGGTLSTSVSFGGSSSTSANFGGTLSTSICFDGSPSTGAGFGGALNTSASFGSVLNTSTGFGGAMSTSADFGGTLSTSVCFGGSPGTSVSFGSALNTNAGYGGAVSTNTDFGGTLSTSVCFGGSPSTSAGFGGALNTNASFGCAVSTSASFSGAVSTSACFSGAPITNPGFGGAFSTSAGFGGALSTAADFGGTPSNSIGFGAAPSTSVSFGGAHGTSLCFGGAPSTSLCFGSASNTNLCFGGPPSTSACFSGATSPSFCDGPSTSTGFSFGNGLSTNAGFGGGLNTSAGFGGGLGTSAGFSGGLSTSSGFDGGLGTSAGFGGGPGTSTGFGGGLGTSAGFSGGLGTSAGFGGGLVTSDGFGGGLGTNASFGSTLGTSAGFSGGLSTSDGFGSRPNASFDRGLSTIIGFGSGSNTSTGFTGEPSTSTGFSSGPSSIVGFSGGPSTGVGFCSGPSTSGFSGGPSTGAGFGGGPNTGAGFGGGPSTSAGFGSGAASLGACGFSYG, 199.12, 89.24, 1.25
50, Q9Y5V3, MAGD1_HUMAN Melanoma-associated antigen D1, 544124, IDR_0, 1, 465, MAQKMDCGAGLLGFQAEASVEDSALLMQTLMEAIQISEAPPTNQATAAASPQSSQPPTANEMADIQVSAAAARPKSAFKVQNATTKGPNGVYDFSQAHNAKDVPNTQPKAAFKSQNATPKGPNAAYDFSQAATTGELAANKSEMAFKAQNATTKVGPNATYNFSQSLNANDLANSRPKTPFKAWNDTTKAPTADTQTQNVNQAKMATSQADIETDPGISEPDGATAQTSADGSQAQNLESRTIIRGKRTRKINNLNVEENSSGDQRRAPLAAGTWRSAPVPVTTQNPPGAPPNVLWQTPLAWQNPSGWQNQTARQTPPARQSPPARQTPPAWQNPVAWQNPVIWPNPVIWQNPVIWPNPIVWPGPVVWPNPLAWQNPPGWQTPPGWQTPPGWQGPPDWQGPPDWPLPPDWPLPPDWPLPTDWPLPPDWIPADWPIPPDWQNLRPSPNLRPSPNSRASQNPGAAQP, 142.32, 59.09, 1.13
51, P23588, IF4B_HUMAN Eukaryotic translation initiation factor 4B, 526154, IDR_0, 1, 99, MAASAKKKNKKGKTISLTDFLAEDGGTGGGSTYVSKPVSWADETDDLEGDVSTTWHSNDDDVYRAPPIDRSILPTAPRAAREPNIDRSRLPKSPPYTAF, 71.62, 29.53, 1.23, IDR_1, 162, 611, GNRRIRVDVADQAQDKDRDDRSFGRDRNRDSDKTDTDWRARPATDSFDDYPPRRGDDSFGDKYRDRYDSDRYRDGYRDGYRDGPRRDMDRYGGRDRYDDRGSRDYDRGYDSRIGSGRRAFGSGYRRDDDYRGGGDRYEDRYDRRDDRSWSSRDDYSRDDYRRDDRGPPQRPKLNLKPRSTPKEDDSSASTSQSTRAASIFGGAKPVDTAAREREVEERLQKEQEKLQRQLDEPKLERRPRERHPSWRSEETQERERSRTGSESSQTGTSTTSSRNARRRESEKSLENETLNKEEDCHSPTSKPPKPDQPLKVMPAPPPKENAWVKRSSNPPARSQSSDTEQQSPTSGGGKVAPAQPSEEGPGRKDENKVDGMNAPKGQTGNSSRGPGDGGNRDHWKESDRKDGKKDQDSRSAPEPKKPEENPASKFSSASKYAALSVDGEDENEGEDYAE, 145.81, 64.62, 1.18
52, Q14677, EPN4_HUMAN Clathrin interactor 1, 490574, IDR_0, 155, 625, NKDKYVGVSSDSVGGFRYSERYDPEPKSKWDEEWDKNKSAFPFSDKLGELSDKIGSTIDDTISKFRRKDREDSPERCSDSDEEKKARRGRSPKGEFKDEEETVTTKHIHITQATETTTTRHKRTANPSKTIDLGAAAHYTGDKASPDQNASTHTPQSSVKTSVPSSKSSGDLVDLFDGTSQSTGGSADLFGGFADFGSAAASGSFPSQVTATSGNGDFGDWSAFNQAPSGPVASSGEFFGSASQPAVELVSGSQSALGPPPAASNSSDLFDLMGSSQATMTSSQSMNFSMMSTNTVGLGLPMSRSQNTDMVQKSVSKTLPSTWSDPSVNISLDNLLPGMQPSKPQQPSLNTMIQQQNMQQPMNVMTQSFGAVNLSSPSNMLPVRPQTNALIGGPMPMSMPNVMTGTMGMAPLGNTPMMNQSMMGMNMNIGMSAAGMGLTGTMGMGMPNIAMTSGTVQPKQDAFANFANFSK, 168.16, 72.23, 1.33
53, P16070, CD44_HUMAN CD44 antigen, 467076, IDR_0, 1, 15, MDKFWWHAAWGLCLV, 22.59, 8.85, 1.0, IDR_1, 166, 646, EDIYPSNPTDDDVSSGSSSERSSTSGGYIFYTFSTVHPIPDEDSPWITDSTDRIPATTLMSTSATATETATKRQETWDWFSWLFLPSESKNHLHTTTQMAGTSSNTISAGWEPNEENEDERDRHLSFSGSGIDDDEDFISSTISTTPRAFDHTKQNQDWTQWNPSHSNPEVLLQTTTRMTDVDRNGTTAYEGNWNPEAHPPLIHHEHHEEEETPHSTSTIQATPSSTTEETATQKEQWFGNRWHEGYRQTPKEDSHSTTGTAAASAHTSHPMQGRTTPSPEDSSWTDFFNPISHPMGRGHQAGRRMDMDSSHSITLQPTANPNTGLVEDLDRTGPLSMTTQQSNSQSFSTSHEGLEEDKDHPTTSTLTSSNRNDVTGGRRDPNHSEGSTTLLEGYTSHYPHTKESRTFIPVTSAKTGSFGVTAVTVGDSNSNVNRSLSGDQDTFHPSGGSHTTHGSESDGHSHGSQEGGANTTSGPIRTPQ, 145.07, 62.73, 1.14, IDR_2, 676, 742, CGQKKKLVINSGNGAVEDRKPSGLNGEASKSQEMVHLVNKESSETPDQFMTADETRNLQNVDMKIGV, 58.1, 24.18, 1.22
54, Q9UEE9, CFDP1_HUMAN Craniofacial development protein 1, 464047, IDR_0, 1, 263, MEEFDSEDFSTSEEDEDYVPSGGEYSEDDVNELVKEDEVDGEEQTQKTQGKKRKAQSIPARKRRQGGLSLEEEEEEDANSESEGSSSEEEDDAAEQEKGIGSEDARKKKEDELWASFLNDVGPKSKVPPSTQVKKGEETEETSSSKLLVKAEELEKPKETEKVKITKVFDFAGEEVRVTKEVDATSKEAKSFFKQNEKEKPQANVPSALPSLPAGSGLKRSSGMSSLLGKIGAKKQKMSTLEKSKLDWESFKEEEGIGEELAI, 125.54, 52.37, 1.33
55, Q9H1E3, NUCKS_HUMAN Nuclear ubiquitous casein and cyclin-dependent kinase substrate 1, 446375, IDR_0, 1, 243, MSRPVRNRKVVDYSQFQESDDADEDYGRDSGPPTKKIRSSPREAKNKRRSGKNSQEDSEDSEDKDVKTKKDDSHSAEDSEDEKEDHKNVRQQRQAASKAASKQREMLMEDVGSEEEQEEEDEAPFQEKDSGSDEDFLMEDDDDSDYGSSKKKNKKMVKKSKPERKEKKMPKPRLKATVTPSPVKGKGKVGRPTASKASKEKTPSPKEEDEEPESPPEKKTSTSPPPEKSGDEGSEDEAPSGED, 115.98, 47.18, 1.28
56, P35269, T2FA_HUMAN General transcription factor IIF subunit 1, 440034, IDR_0, 182, 453, LKDQDQDEDEEEKEKRGRRKASELRIHDLEDDLEMSSDASDASGEEGGRVPKAKKKAPLAKGGRKKKKKKGSDDEAFEDSDDGDFEGQEVDYMSDGSSSSQEEPESKAKAPQQEEGPKGVDEQSDSSEESEEEKPPEEDKEEEEEKKAPTPQEKKRRKDSSEESDSSEESDIDSEASSALFMAKKKTPPKRERKPSGGSSRGNSRPGTPSAEGGSTSSTLRAAASKLEQGKRVSEMPAAKRLRLDTGPQSLSGKSTPQPPSGKTTPNSGDVQ, 125.74, 53.62, 1.31
57, Q14444, CAPR1_HUMAN Caprin-1, 423698, IDR_0, 1, 48, MPSATSHSGSGSKSSGPPPPSGSSGSEAAAGAGAAAPASQHPATGTGA, 49.01, 20.3, 1.21, IDR_1, 245, 709, YFDSTHNHQNGLCEEEEAASAPAVEDQVPEAEPEPAEEYTEQSEVESTEYVNRQFMAETQFTSGEKEQVDEWTVETVEVVNSLQQQPQAASPSVPEPHSLTPVAQADPLVRRQRVQDLMAQMQGPYNFIQDSMLDFENQTLDPAIVSAQPMNPTQNMDMPQLVCPPVHSESRLAQPNQVPVQPEATQVPLVSSTSEGYTASQPLYQPSHATEQRPQKEPIDQIQATISLNTDQTTASSSLPAASQPQVFQAGTSKPLHSSGINVNAAPFQSMQTVFNMNAPVPPVNEPETLKQQNQYQASYNQSFSSQPHQVEQTELQQEQLQTVVGTYHGSPDQSHQVTGNHQQPPQQNTGFPRSNQPYYNSRGVSRGGSRGARGLMNGYRGPANGFRGGYDGYRPSFSNTPNSGYTQSQFSAPRDYSGYQRDGYQQNFKRGSGQSGPRGAPRGRGGPPRPNRGMPQMNTQQVN, 130.03, 59.44, 1.04
58, O95218, ZRAB2_HUMAN Zinc finger Ran-binding domain-containing protein 2, 419465, IDR_0, 101, 330, GYGGGFNERENVEYIEREESDGEYDEFGRKKKKYRGKAVGPASILKEVEDKESEGEEEDEDEDLSKYKLDEDEDEDDADLSKYNLDASEEEDSNKKKSNRRSRSKSRSSHSRSSSRSSSPSSSRSRSRSRSRSSSSSQSRSRSSSRERSRSRGSKSRSSSRSHRGSSSPRKRSYSSSSSSPERNRKRSRSRSSSSGDRKKRRTRSRSPERRHRSSSGSSHSGSRSSSKKK, 69.69, 35.59, 0.79
59, P50579, MAP2_HUMAN Methionine aminopeptidase 2, 417024, IDR_0, 1, 117, MAGVEEVAASGSHLNGDLDPDDREEGAASTAEEAAKKKRRKKKKSKGPSAAGEQEPDKESGASVDEVARQLERSALEDKERDEDDEDGDGDGDGATGKKKKKKKKKRGPKVQTDPPS, 73.7, 30.4, 1.17
60, Q13573, SNW1_HUMAN SNW domain-containing protein 1, 406109, IDR_0, 1, 41, MALTSFLPAPTQLSQDQLEAEEKARSQRSRQTSLVSSRREP, 43.51, 17.73, 1.17, IDR_1, 207, 246, MEPPRFKINKKIPRGPPSPPAPVMHSPSRKMTVKEQQEWK, 50.86, 20.15, 1.38, IDR_2, 336, 536, AGIKTHVEKEDGEARERDEIRHDRRKERQHDRNLSRAAPDKRSKLQRNENRDISEVIALGVPNPRTSNEVQYDQRLFNQSKGMDSGFAGGEDEIYNVYDQAWRGGKDMAQSIYRPSKNLDKDMYGDDLEARIKTNRFVPDKEFSGSDRRQRGREGPVQFEEDPFGLDKFLEEAKQHGGSKRPSDSSRPKEHEHEGKKRRKE, 94.18, 40.18, 1.14
61, Q9Y5A9, YTHD2_HUMAN YTH domain-containing family protein 2, 393986, IDR_0, 1, 388, MSASSLLEQRPKGQGNKVQNGSVHQKDGLNDDDFEPYLSPQARPNNAYTAMSDSYLPSYYSPSIGFSYSLGEAAWSTGGDTAMPYLTSYGQLSNGEPHFLPDAMFGQPGALGSTPFLGQHGFNFFPSGIDFSAWGNNSSQGQSTQSSGYSSNYAYAPSSLGGAMIDGQSAFANETLNKAPGMNTIDQGMAALKLGSTEVASNVPKVVGSAVGSGSITSNIVASNSLPPATIAPPKPASWADIASKPAKQQPKLKTKNGIAGSSLPPPPIKHNMDIGTWDNKGPVAKAPSQALVQNIGQPTQGSPQPVGQQANNSPPVAQASVGQQTQPLPPPPPQPAQLSVQQQAAQPTRWVAPRNRGSGFGHNGVDGNGVGQSQAGSGSTPSEPHPV, 141.91, 60.82, 1.24, IDR_1, 560, 579, YEKRQEEEESVKKERQGRGK, 26.59, 11.06, 1.03
62, Q8IY81, SPB1_HUMAN pre-rRNA 2'-O-ribose RNA methyltransferase FTSJ3, 387262, IDR_0, 333, 664, SLSSGEEDEGDEEDSTAGTTKQPSKEEEEEEEEEQLNQTLAEMKAQEVAELKRKKKKLLREQRKQRERVELKMDLPGVSIADEGETGMFSLSTIRGHQLLEEVTQGDMSAADTFLSDLPRDDIYVSDVEDDGDDTSLDSDLDPEELAGVRGHQGLRDQKRMRLTEVQDDKEEEEEENPLLVPLEEKAVLQEEQANLWFSKGSFAGIEDDADEALEISQAQLLFENRRKGRQQQQKQQLPQTPPSCLKTEIMSPLYQDEAPKGTEASSGTEAATGLEGEEKDGISDSDSSTSSEEEESWEPLRGKKRSRGPKSDDDGFEIVPIEDPAKHRILD, 142.33, 59.65, 1.34, IDR_1, 812, 847, RRPAGVRGHFKVVDSRMKKDQRAQQRKEQKKKHKRK, 44.54, 17.78, 1.28
63, Q14011, CIRBP_HUMAN Cold-inducible RNA-binding protein, 384172, IDR_0, 69, 172, GKSVDGRQIRVDQAGKSSDNRSRGYRGGSAGGRGFFRGGRGRGRGFSRGGGDRGYGGNRFESRSGGYGGSRDYYSSRSQSGGYSDRSSGGSYRDSYDSYATHNE, 57.08, 24.69, 0.97
64, Q5JTH9, RRP12_HUMAN RRP12-like protein, 383700, IDR_0, 1, 97, MGRSGKLPSGVSAKLKRWKKGHSSDSNPAICRHRQAARSRFFSRPSGRSDLTVDAVKLHNELQSGSLRLGKSEAPETPMEEEAELVLTEKSSGTFLS, 69.2, 28.84, 1.21, IDR_1, 1049, 1297, SQAAVEEEEEEEEEEEPAQGKGDSIEEILADSEDEEDNEEEERSRGKEQRKLARQRSRAWLKEGGGDEPLNFLDPKVAQRVLATQPGPGRGRKKDHGFKVSADGRLIIREEADGNKMEEEEGAKGEDEEMADPMEDVIIRNKKHQKLKHQKEAEEEELEIPPQYQAGGSGIHRPVAKKAMPGAEYKAKKAKGDVKKKGRPDPYAYIPLNRSKLNRRKKMKLQGQFKGLVKAARRGSQVGHKNRRKDRRP, 63.4, 38.39, 0.69
65, Q13435, SF3B2_HUMAN Splicing factor 3B subunit 2, 383387, IDR_0, 1, 22, MATEHPEPPKAELQLPPPPPPG, 37.28, 15.71, 1.36, IDR_1, 65, 139, LNRPVLRGEDGDKAAPPPMSAQLPGIPMPPPPLGLPPLQPPPPPPPPPPGLGLGFPMAHPPNLGPPPPLRVGEPV, 74.54, 31.13, 1.47, IDR_2, 197, 451, AKMGTPVPRPPQDMGQIGVRTPLGPRVAAPVGPVGPTPTVLPMGAPVPRPRGPPPPPGDENREMDDPSVGPKIPQALEKILQLKESRQEEMNSQQEEEEMETDARSSLGQSASETEEDTVSVSKKEKNRKRRNRKKKKKPQRVRGVSSESSGDREKDSTRSRGSDSPAADVEIEYVTEEPEIYEPNFIFFKRIFEAFKLTDDVKKEKEKEPEKLDKLENSAAPKKKGFEEEHKDSDDDSSDDEQEKKPEAPKLSK, 120.31, 50.1, 1.29, IDR_3, 620, 895, PVGPNAHKVPPPWLIAMQRYGPPPSYPNLKIPGLNSPIPESCSFGYHAGGWGKPPVDETGKPLYGDVFGTNAAEFQTKTEEEEIDRTPWGELEPSDEESSEEEEEEESDEDKPDETGFITPADSGLITPGGFSSVPAGMETPELIELRKKKIEEAMDGSETPQLFTVLPEKRTATVGGAMMGSTHIYDMSTVMSRKGPAPELQGVEVALAPEELELDPMAMTQKYEEHVREQQAQVEKEDFSDMVAEHAAKQKQKKRKAQPQDSRGGSKKYKEFKF, 126.89, 55.23, 1.31
66, Q5JWF2, GNAS1_HUMAN Guanine nucleotide-binding protein G(s) subunit alpha isoforms XLas, 380360, IDR_0, 1, 643, MGVRNCLYGNNMSGQRDIPPEIGEQPEQPPLEAPGAAAPGAGPSPAEEMETEPPHNEPIPVENDGEACGPPEVSRPNFQVLNPAFREAGAHGSYSPPPEEAMPFEAEQPSLGGFWPTLEQPGFPSGVHAGLEAFGPALMEPGAFSGARPGLGGYSPPPEEAMPFEFDQPAQRGCSQLLLQVPDLAPGGPGAAGVPGAPPEEPQALRPAKAGSRGGYSPPPEETMPFELDGEGFGDDSPPPGLSRVIAQVDGSSQFAAVAASSAVRLTPAANAPPLWVPGAIGSPSQEAVRPPSNFTGSSPWMEISGPPFEIGSAPAGVDDTPVNMDSPPIALDGPPIKVSGAPDKRERAERPPVEEEAAEMEGAADAAEGGKVPSPGYGSPAAGAASADTAARAAPAAPADPDSGATPEDPDSGTAPADPDSGAFAADPDSGAAPAAPADPDSGAAPDAPADPDSGAAPDAPADPDAGAAPEAPAAPAAAETRAAHVAPAAPDAGAPTAPAASATRAAQVRRAASAAPASGARRKIHLRPPSPEIQAADPPTPRPTRASAWRGKSESSRGRRVYYDEGVASSDDDSSGDESDDGTSGCLRWFQHRRNRRRRKPQRNLLRNFLVQAFGGCFGRSESPQPKASRSLKVKKVPLAE, 199.6, 88.74, 1.34, IDR_1, 711, 733, FNGEGGEEDPQAARSNSDGEKAT, 30.58, 12.39, 1.1
67, Q9ULX6, AKP8L_HUMAN A-kinase anchor protein 8-like, 379451, IDR_0, 1, 378, MSYTGFVQGSETTLQSTYSDTSAQPTCDYGYGTWNSGTNRGYEGYGYGYGYGQDNTTNYGYGMATSHSWEMPSSDTNANTSASGSASADSVLSRINQRLDMVPHLETDMMQGGVYGSGGERYDSYESCDSRAVLSERDLYRSGYDYSELDPEMEMAYEGQYDAYRDQFRMRGNDTFGPRAQGWARDARSGRPMASGYGRMWEDPMGARGQCMSGASRLPSLFSQNIIPEYGMFQGMRGGGAFPGGSRFGFGFGNGMKQMRRTWKTWTTADFRTKKKKRKQGGSPDEPDSKATRTDCSDNSDSDNDEGTEGEATEGLEGTEAVEKGSRVDGEDEEGKEDGREEGKEDPEKGALTTQDENGQTKRKLQAGKKSQDKQKKR, 108.06, 48.77, 0.96, IDR_1, 545, 646, GENPFTDSPEEEKEQEEAEGGALDEGAQGEAAGISEGAEGVPAQPPVPPEPAPGAVSPPPPPPPEEEEEGAVPLLGGALQRQIRGIPGLDVEDDEEGGGGAP, 84.71, 35.62, 1.44
68, O00566, MPP10_HUMAN U3 small nucleolar ribonucleoprotein protein MPP10, 370265, IDR_0, 100, 398, NDEDISLLPESEEQEREEDGSEIEADDKEDLEDLEEEEVSDMGNDDPEMGERAENSSKSDLRKSPVFSDEDSDLDFDISKLEQQSKVQNKGQGKPREKSIVDDKFFKLSEMEAYLENIEKEEERKDDNDEEEEDIDFFEDIDSDEDEGGLFGSKKLKSGKSSRNLKYKDFFDPVESDEDITNVHDDELDSNKEDDEIAEEEAEELSISETDEDDDLQENEDNKQHKESLKRVTFALPDDAETEDTGVLNVKKNSDEVKSSFEKRQEKMNEKIASLEKELLEKKPWQLQGEVTAQKRPEN, 140.96, 59.13, 1.4, IDR_1, 520, 581, PVPEIKVVSNLPAITMEEVAPVSVSDAALLAPEEIKEKNKAGDIKTAAEKTATDKKRERRKK, 59.09, 24.07, 1.28
69, Q96I24, FUBP3_HUMAN Far upstream element-binding protein 3, 359281, IDR_0, 424, 572, KVGGTNLGAPGAFGQSPFSQPPAPPHQNTFPPRSSGCFPNMAAKVNGNPHSTPVSGPPAFLTQGWGSTYQAWQQPTQQVPSQQSQPQSSQPNYSKAWEDYYKKQSHAASAAPQASSPPDYTMAWAEYYRQQVAFYGQTLGQAQAHSQEQ, 70.44, 30.85, 0.99
70, Q9NYF8, BCLF1_HUMAN Bcl-2-associated transcription factor 1, 350652, IDR_0, 1, 564, MGRSNSRSHSSRSKSRSQSSSRSRSRSHSRKKRYSSRSRSRTYSRSRSRDRMYSRDYRRDYRNNRGMRRPYGYRGRGRGYYQGGGGRYHRGGYRPVWNRRHSRSPRRGRSRSRSPKRRSVSSQRSRSRSRRSYRSSRSPRSSSSRSSSPYSKSPVSKRRGSQEKQTKKAEGEPQEESPLKSKSQEEPKDTFEHDPSESIDEFNKSSATSGDIWPGLSAYDNSPRSPHSPSPIATPPSQSSSCSDAPMLSTVHSAKNTPSQHSHSIQHSPERSGSGSVGNGSSRYSPSQNSPIHHIPSRRSPAKTIAPQNAPRDESRGRSSFYPDGGDQETAKTGKFLKRFTDEESRVFLLDRGNTRDKEASKEKGSEKGRAEGEWEDQEALDYFSDKESGKQKFNDSEGDDTEETEDYRQFRKSVLADQGKSFATASHRNTEEEGLKYKSKVSLKGNRESDGFREEKNYKLKETGYVVERPSTTKDKHKEEDKNSERITVKKETQSPEQVKSEKLKDLFDYSPPLHKNLDAREKSTFREESPLRIKMIASDSHRPEVKLKMAPVPLDDSNRPAS, 146.76, 60.04, 1.06, IDR_1, 639, 920, TEEHSTRQKSPEIHRRIDISPSTLRKHTRLAGEERVFKEENQKGDKKLRCDSADLRHDIDRRRKERSKERGDSKGSRESSGSRKQEKTPKDYKEYKSYKDDSKHKREQDHSRSSSSSASPSSPSSREEKESKKEREEEFKTHHEMKEYSGFAGVSRPRGTFFRIRGRGRARGVFAGTNTGPNNSNTTFQKRPKEEEWDPEYTPKSKKYFLHDDRDDGVDYWAKRGRGRGTFQRGRGRFNFKKSGSSPKWTHDKYQGDGIVEDEEETMENNEEKKDRRKEEKE, 112.29, 48.95, 1.15
71, Q5JTV8, TOIP1_HUMAN Torsin-1A-interacting protein 1, 345002, IDR_0, 1, 336, MAGDGRRAEAVREGWGVYVTPRAPIREGRGRLAPQNGGSSDAPAYRTPPSRQGRREVRFSDEPPEVYGDFEPLVAKERSPVGKRTRLEEFRSDSAKEEVRESAYYLRSRQRRQPRPQETEEMKTRRTTRLQQQHSEQPPLQPSPVMTRRGLRDSHSSEEDEASSQTDLSQTISKKTVRSIQEAPVSEDLVIRLRRPPLRYPRYEATSVQQKVNFSEEGETEEDDQDSSHSSVTTVKARSRDSDESGDKTTRSSSQYIESFWQSSQSQNFTAHDKQPSVLSSGYQKTPQEWAPQTARIRTRMQNDSILKSELGNQSPSTSSRQVTGQPQNASFVKRN, 123.83, 53.89, 1.16
72, P52594, AGFG1_HUMAN Arf-GAP domain and FG repeat-containing protein 1, 319820, IDR_0, 132, 562, QAKVVASVHASISGSSASSTSSTPEVKPLKSLLGDSAPTLHLNKGTPSQSPVVGRSQGQQQEKKQFDLLSDLGSDIFAAPAPQSTATANFANFAHFNSHAAQNSANADFANFDAFGQSSGSSNFGGFPTASHSPFQPQTTGGSAASVNANFAHFDNFPKSSSADFGTFNTSQSHQTASAVSKVSTNKAGLQTADKYAALANLDNIFSAGQGGDQGSGFGTTGKAPVGSVVSVPSQSSASSDKYAALAELDSVFSSAATSSNAYTSTSNASSNVFGTVPVVASAQTQPASSSVPAPFGATPSTNPFVAAAGPSVASSTNPFQTNARGATAATFGTASMSMPTGFGTPAPYSLPTSFSGSFQQPAFPAQAAFPQQTAFSQQPNGAGFAAFGQTKPVVTPFGQVAAAGVSSNPFMTGAPTGQFPTGSSSTNPFL, 150.78, 64.05, 1.25
73, Q9UIG0, BAZ1B_HUMAN Tyrosine-protein kinase BAZ1B, 303073, IDR_0, 1, 15, MAPLLGRKPFPLVKP, 28.15, 11.45, 1.24, IDR_1, 141, 218, EKVDEEATEKKSDGACDSPSSDKENSSQIAQDHQKKETVVKEDEGRRESINDRARRSPRKLPTSLKKGERKWAPPKFL, 63.99, 26.29, 1.24, IDR_2, 300, 472, TLNPSTKRKNTGSPDRKPSKKSKTDNSSLSSPLNPKLWCHVHLKKSLSGSPLKVKNSKNSKSPEEHLEEMMKMMSPNKLHTNFHIPKKGPPAKKPGKHSDKPLKAKGRSKGILNGQKSTGNSKSPKKGLKTPKTKMKQMTLLDMAKGTQKMTRAPRNSGGTPRTSSKPHKHLP, 116.65, 48.27, 1.53, IDR_3, 700, 723, DVQEESEGSDTDDNKDSAAFEDNE, 34.89, 13.03, 1.22, IDR_4, 790, 830, KKRAEKQKRKEMEAKNKENGKVENGLGKTDRKKEIVKFEPQ, 44.93, 18.2, 1.21, IDR_5, 945, 988, TVSGDEDYCPRSKKANLGKNASMNTQHGTATEVAVETTTPKQGQ, 45.47, 18.83, 1.18, IDR_6, 1118, 1134, KRRKLQSEDSAKTEEVD, 24.09, 10.31, 1.0, IDR_7, 1230, 1337, ACQPATARRNSRGRNYTEESASEDSEDDESDEEEEEEEEEEEEEDYEVAGLRLRPRKTIRGKHSVIPPAARSGRRPGKKPHSTRRSQPKAPPVDDAEVDELVLQTKRS, 65.3, 26.33, 1.08, IDR_8, 1452, 1483, RKRKKFPDRLAEDEGDSEPEAVGQSRGRRQKK, 36.56, 15.37, 1.11
74, P35908, K22E_HUMAN Keratin; type II cytoskeletal 2 epidermal, 290186, IDR_0, 1, 163, MSCQISCKSRGRGGGGGGFRGFSSGSAVVSGGSRRSTSSFSCLSRHGGGGGGFGGGGFGSRSLVGLGGTKSISISVAGGGGGFGAAGGFGGRGGGFGGGSSFGGGSGFSGGGFGGGGFGGGRFGGFGGPGGVGGLGGPGGFGPGGYPGGIHEVSVNQSLLQPL, 82.3, 33.38, 1.12, IDR_1, 491, 639, MSGDLSSNVTVSVTSSTISSNVASKAAFGGSGGRGSSSGGGYSSGSSSYGSGGRQSGSRGGSGGGGSISGGGYGSGGGSGGRYGSGGGSKGGSISGGGYGSGGGKHSSGGGSRGGSSSGGGYGSGGGGSSSVKGSSGEAFGSSVTFSFR, 79.47, 32.71, 1.13
75, Q96AE4, FUBP1_HUMAN Far upstream element-binding protein 1, 286973, IDR_0, 1, 100, MADYSTVPPPSSGSAGGGGGGGGGGGVNDAFKDALQRARQIAAKIGGDAGTSLNSNDYGYGGQKRPLEDGDQPDAKKVAPQNDSFGTQLPPMHQQQSRSV, 70.19, 28.96, 1.21, IDR_1, 349, 369, GNPGGPGPGGRGRGRGQGNWN, 26.01, 11.41, 0.99, IDR_2, 447, 644, IGGPVNPLGPPVPHGPHGVPGPHGPPGPPGPGTPMGPYNPAPYNPGPPGPAPHGPPAPYAPQGWGNAYPHWQQQAPPDPAKAGTDPNSAAWAAYYAHYYQQQAQPPPAAPAGAPTTTQTNGQGDQQNPAPAGQVDYTKAWEEYYKKMGQAVPAPTGAPPGGQPDYSAAWAEYYRQQAAYYAQTSPQGMPQHPPAPQGQ, 88.44, 35.88, 1.07
76, Q96HY6, DDRGK_HUMAN DDRGK domain-containing protein 1, 285766, IDR_0, 1, 177, MVAPVWYLVAAALLVGFILFLTRSRGRAASAGQEPLHNEELAGAGRVAQPGPLEPEEPRAGGRPRRRRDLGSRLQAQRRAQRVAWAEADENEEEAVILAQEEEGVEKPAETHLSGKIGAKKLRKLEEKQARKAQREAEEAEREERKRLESQREAEWKKEEERLRLEEEQKEEEERKA, 90.59, 39.15, 1.17
77, Q92734, TFG_HUMAN Protein TFG, 267496, IDR_0, 123, 400, LEPPGEPGPSTNIPENDTVDGREEKSASDSSGKQSTQVMAASMSAFDPLKNQDEINKNVMSAFGLTDDQVSGPPSAPAEDRSGTPDSIASSSSAAHPPGVQPQQPPYTGAQTQAGQIEGQMYQQYQQQAGYGAQQPQAPPQQPQQYGIQYSASYSQQTGPQQPQQFQGYGQQPTSQAPAPAFSGQPQQLPAQPPQQYQASNYPAQTYTAQTSQPTNYTVAPASQPGMAPSQPGAYQPRPGFTSLPGSTMTPPPSGPNPYARNRPPFGQGYTQPGPGYR, 116.34, 48.62, 1.2
78, Q14919, NC2A_HUMAN Dr1-associated corepressor, 257031, IDR_0, 91, 205, PDMQGDGEDNHMDGDKGARRGRKPGSGGRKNGGMGTKSKDKKLSGTDSEQEDESEDTDTDGEEETSQPPPQASHPSAHFQSPPTPFLPFASTLPLPPAPPGPSAPDEEDEEDYDS, 81.42, 33.04, 1.3
79, Q5SSJ5, HP1B3_HUMAN Heterochromatin protein 1-binding protein 3, 255597, IDR_0, 1, 157, MATDTSQGELVHPKALPLIVGAQLIHADKLGEKVEDSTMPIRRTVNSTRETPPKSKLAEGEEEKPEPDISSEESVSTVEEQENETPPATSSEAEQPKGEPENEEKEENKSSEETKKDEKDQSKEKEKKVKKTIPSWATLSASQLARAQKQTPMASSP, 100.6, 42.49, 1.38, IDR_1, 222, 255, KGASGSFVVVQKSRKTPQKSRNRKNRSSAVDPEP, 40.47, 16.98, 1.19, IDR_2, 423, 553, FPKKEPDDSRDEDEDEDESSEEDSEDEEPPPKRRLQKKTPAKSPGKAASVKQRGSKPAPKVSAAQRGKARPLPKKAPPKAKTPAKKTRPSSTVIKKPSGGSSKKPATSARKEVKLPGKGKSTMKKSFRVKK, 73.21, 36.24, 1.09
80, Q9NQ55, SSF1_HUMAN Suppressor of SWI4 1 homolog, 254170, IDR_0, 234, 268, GAGLSESEAEPDGDHNITELPQAVAGRGNMRAQQS, 39.1, 16.42, 1.14, IDR_1, 332, 473, NVQRKQEQREAHRKKSLEGMKKARVGGSDEEASGIPSRTASLELGEDDDEQEDDDIEYFCQAVGEAPSEDLFPEAKQKRLAKSPGRKRKRWEMDRGRGRLCDQKFPKTKDKSQGAQARRGPRGASRDGGRGRGRGRPGKRVA, 72.4, 31.63, 1.04
81, Q14839, CHD4_HUMAN Chromodomain-helicase-DNA-binding protein 4, 246701, IDR_0, 1, 158, MASGLGSPSPCSAGSEEEDMDALLNNSLPPPHPENEEDPEEDLSETETPKLKKKKKPKKPRDPKIPKSKRQKKERMLLCRQLGDSSGEGPEFVEEEEEVALRSDSEGSDYTPGKKKKKKLGPKKEKKSKSKRKEEEEEEDDDDDSKEPKSSAQLLEDW, 88.68, 38.84, 1.21, IDR_1, 214, 369, TNNPFKGSSGASVAAAAAAAVAVVESMVTATEVAPPPPPVEVPIRKAKTKEGKGPNARRKPKGSPRVPDAKKPKPKKVAPLKIKLGGFGSKRKRSSSEDDDLDVESDFDDASINSYSVSDGSTSRSSRSRKKLRTTKKKKKGEEEVTAVDGYETDH, 94.08, 40.18, 1.29, IDR_2, 421, 444, WEAKEDNSEGEEILEEVGGDLEEE, 35.17, 13.45, 1.24, IDR_3, 512, 538, QPPSPTPVPRPPDADPNTPSPKPLEGR, 39.83, 16.49, 1.31, IDR_4, 576, 604, RKNDMDEPPSGDFGGDEEKSRKRKNKDPK, 35.09, 14.43, 1.12, IDR_5, 680, 707, GEEGRPGKKLKKVKLRKLERPPETPTVD, 38.76, 16.42, 1.26, IDR_6, 1225, 1270, ELFKDEATDGGGDNKEGEDSSVIHYDDKAIERLLDRNQDETEDTEL, 48.81, 19.41, 1.24, IDR_7, 1333, 1401, LGKGKRIRKQVNYNDGSQEDRDWQDDQSDNQSDYSVASEEGDEDFDERSEAPRRPSRKGLRNDKDKPLP, 52.04, 22.7, 1.08, IDR_8, 1515, 1690, RWSMPELAEVEENKKMSQPGSPSPKTPTPSTPGDTQPNTPAPVPPAEDGIKIEENSLKEEESIEGEKEVKSTAPETAIECTQAPAPASEDEKVVVEPPEGEEKVEKAEVKERTEEPMETEPKGAADVEKVEEKSAIDLTPIVVEDKEEKKEEEEKKEVMLQNGETPKDLNDEKQKK, 111.09, 47.47, 1.44, IDR_9, 1898, 1912, NRAPEPTPQQVAQQQ, 25.59, 10.24, 1.13
82, Q5BKZ1, ZN326_HUMAN DBIRD complex subunit ZNF326, 245725, IDR_0, 1, 304, MDFEDDYTHSACRNTYQGFNGMDRDYGPGSYGGMDRDYGHGSYGGQRSMDSYLNQSYGMDNHSGGGGGSRFGPYESYDSRSSLGGRDLYRSGYGFNEPEQSRFGGSYGGRFESSYRNSLDSFGGRNQGGSSWEAPYSRSKLRPGFMEDRGRENYSSYSSFSSPHMKPAPVGSRGRGTPAYPESTFGSRNYDAFGGPSTGRGRGRGHMGDFGSIHRPGIVVDYQNKSTNVTVAAARGIKRKMMQPFNKPSGTFIKKPKLAKPMEKISLSKSPTKTDPKNEEEEKRRIEARREKQRRRREKNSEKY, 96.46, 46.0, 0.95, IDR_1, 467, 582, KGENPFEIQDHSQDQQIEGDEEDEEKIDEPIEEEEDEDEEEEAEEVGEVEEVEEVEEVREGGIEGEGNIQGVGEGGEVGVVGEVEGVGEVEEVEELEEETAKEEPADFPVEQPEEN, 100.49, 41.1, 1.61
83, Q01844, EWS_HUMAN RNA-binding protein EWS, 237654, IDR_0, 1, 361, MASTDYSTYSQAAAQQGYSAYTAQPTQGYAQTTQAYGQQSYGTYGQPTDVSYTQAQTTATYGQTAYATSYGQPPTGYTTPTAPQAYSQPVQGYGTGAYDTTTATVTTTQASYAAQSAYGTQPAYPAYGQQPAATAPTRPQDGNKPTETSQPQSSTGGYNQPSLGYGQSNYSYPQVPGSYPMQPVTAPPSYPPTSYSSTQPTSYDQSSYSQQNTYGQPSSYGQQSSYGQQSSYGQQPPTSYPPQTGSYSQAPSQYSQQSSSYGQQSSFRQDHPSSMGVYGQESGGFSGPGENRSMSGPDNRGRGRGGFDRGGMSRGGRGGGRGGMGSAGERGGFNKPGGPMDEGPDLDLGPPVDPDEDSDNS, 113.87, 48.66, 1.03, IDR_1, 444, 656, LARKKPPMNSMRGGLPPREGRGMPPPLRGGPGGPGGPGGPMGRMGGRGGDRGGFPPRGPRGSRGNPSGGGNVQHRAGDWQCPNPGCGNQNFAWRTECNQCKAPKPEGFLPPPFPPPGGDRGRGGPGGMRGGRGGLMDRGGPGGMFRGGRGGDRGGFRGGRGMDRGGFGGGRRGGPGGPPGPLMEQMGGRRGGRGGPGKMDKGEHRQERRDRPY, 104.64, 43.61, 1.24
84, O14974, MYPT1_HUMAN Protein phosphatase 1 regulatory subunit 12A, 237627, IDR_0, 293, 928, EKRDKKSPLIESTANMDNNQSQKTFKNKETLIIEPEKNASRIESLEQEKVDEEEEGKKDESSCSSEEDEEDDSESEAETDKTKPLASVTNANTSSTQAAPVAVTTPTVSSGQATPTSPIKKFPTTATKISPKEEERKDESPATWRLGLRKTGSYGALAEITASKEGQKEKDTAGVTRSASSPRLSSSLDNKEKEKDSKGTRLAYVAPTIPRRLASTSDIEEKENRDSSSLRTSSSYTRRKWEDDLKKNSSVNEGSTYHKSCSFGRRQDDLISSSVPSTTSTPTVTSAAGLQKSLLSSTSTTTKITTGSSSAGTQSSTSNRLWAEDSTEKEKDSVPTAVTIPVAPTVVNAAASTTTLTTTTAGTVSSTTEVRERRRSYLTPVRDEESESQRKARSRQARQSRRSTQGVTLTDLQEAEKTIGRSRSTRTREQENEEKEKEEKEKQDKEKQEEKKESETSREDEYKQKYSRTYDETYQRYRPVSTSSSTTPSSSLSTMSSSLYASSQLNRPNSLVGITSAYSRGITKENEREGEKREEEKEGEDKSQPKSIRERRRPREKRRSTGVSFWTQDSDENEQEQQSDTEEGSNKKETQTDSISRYETSSTSAGDRYDSLLGRSGSYSYLEERKPYSSRLEKDD, 198.51, 85.3, 1.35
85, Q8NHS0, DNJB8_HUMAN DnaJ homolog subfamily B member 8, 220255, IDR_0, 65, 232, YDRAGCDSWRAGGGASTPYHSPFDTGYTFRNPEDIFREFFGGLDPFSFEFWDSPFNSDRGGRGHGLRGAFSAGFGEFPAFMEAFSSFNMLGCSGGSHTTFSSTSFGGSSSGSSGFKSVMSSTEMINGHKVTTKRIVENGQERVEVEEDGQLKSVTVNGKEQLKWMDSK, 78.63, 33.8, 1.05
86, O75190, DNJB6_HUMAN DnaJ homolog subfamily B member 6, 220255, IDR_0, 67, 326, KYGKEGLNGGGGGGSHFDSPFEFGFTFRNPDDVFREFFGGRDPFSFDFFEDPFEDFFGNRRGPRGSRSRGTGSFFSAFSGFPSFGSGFSSFDTGFTSFGSLGHGGLTSFSSTSFGGSGMGNFKSISTSTKMVNGRKITTKRIVENGQERVEVEEDGQLKSLTINGVADDDALAEERMRRGQNALPAQPAGLRPPKPPRPASLLRHAPHCLSEEEGEQDRPRAPGPWDPLASAAGLKEGGKRKKQKQREESKKKKSTKGNH, 101.82, 45.41, 1.09
87, Q6PD62, CTR9_HUMAN RNA polymerase-associated protein CTR9 homolog, 219256, IDR_0, 890, 1173, MFTGETEATKEKKRGGGGGRRSKKGGEFDEFVNDDTDDDLPISKKKKRRKGSGSEQEGEDEEGGERKKKKRRRHPKGEEGSDDDETENGPKPKKRRPPKAEKKKAPKPERLPPSMKGKIKSKAIISSSDDSSDEDKLKIADEGHPRNSNSNSDSDEDEQRKKCASSESDSDENQNKSGSEAGSPRRPRRQRSDQDSDSDQPSRKRRPSGSEQSDNESVQSGRSHSGVSENDSRPASPSAESDHESERGSDNEGSGQGSGNESEPEGSNNEASDRGSEHGSDDSD, 123.93, 50.84, 1.26
88, Q7Z417, NUFP2_HUMAN Nuclear fragile X mental retardation-interacting protein 2, 215567, IDR_0, 1, 650, MEEKPGQPQPQHHHSHHHPHHHPQQQQQQPHHHHHYYFYNHSHNHHHHHHHQQPHQYLQHGAEGSPKAQPKPLKHEQKHTLQQHQETPKKKTGYGELNGNAGEREISLKNLSSDEATNPISRVLNGNQQVVDTSLKQTVKANTFGKAGIKTKNFIQKNSMDKKNGKSYENKSGENQSVDKSDTIPIPNGVVTNNSGYITNGYMGKGADNDGSGSESGYTTPKKRKARRNSAKGCENLNIVQDKIMQQETSVPTLKQGLETFKPDYSEQKGNRVDGSKPIWKYETGPGGTSRGKPAVGDMLRKSSDSKPGVSSKKFDDRPKGKHASAVASKEDSWTLFKPPPVFPVDNSSAKIVPKISYASKVKENLNKTIQNSSVSPTSSSSSSSSTGETQTQSSSRLSQVPMSALKSVTSANFSNGPVLAGTDGNVYPPGGQPLLTTAANTLTPISSGTDSVLQDMSLTSAAVEQIKTSLFIYPSNMQTMLLSTAQVDLPSQTDQQNLGDIFQNQWGLSFINEPSAGPETVTGKSSEHKVMEVTFQGEYPATLVSQGAEIIPSGTEHPVFPKAYELEKRTSPQVLGSILKSGTTSESGALSLEPSHIGDLQKADTSSQGALVFLSKDYEIESQNPLASPTNTLLGSAKEQRYQRGLERN, 182.88, 82.98, 1.23
89, O75475, PSIP1_HUMAN PC4 and SFRS1-interacting protein, 214273, IDR_0, 66, 345, EKYGKPNKRKGFNEGLWEIDNNPKVKFSSQQAATKQSNASSDVEVEEKETSVSKEDTDHEEKASNEDVTKAVDITTPKAARRGRKRKAEKQVETEEAGVVTTATASVNLKVSPKRGRPAATEVKIPKPRGRPKMVKQPCPSESDIITEEDKSKKKGQEEKQPKKQPKKDEEGQKEEDKPRKEPDKKEGKKEVESKRKNLAKTGVTSTSDSEEEGDDQEGEKKRKGGRNFQTAHRRNMLKGQHEKEAADRKRKQEEQMETEQQNKDEGKKPEVKKVEKKRE, 129.39, 55.72, 1.33, IDR_1, 449, 530, QHEEANKTKDQGKKGPNKKLEKEQTGSKTLNGGSDAQDGNQPQHNGESNEDSKDNHEASTKKKPSSEERETEISLKDSTLDN, 64.71, 26.84, 1.23
90, P98179, RBM3_HUMAN RNA-binding protein 3, 211448, IDR_0, 1, 157, MSSEEGKLFVGGLNFNTDEQALEDHFSSFGPISEVVVVKDRETQRSRGFGFITFTNPEHASVAMRAMNGESLDGRQIRVDHAGKSARGTRGGGFGAHGRGRSYSRGGGDQGYGSGRYYDSRPGGYGYGYGRSRDYNGRNQGGYDRYSGGNYRDNYDN, 65.44, 30.55, 0.9
91, P49959, MRE11_HUMAN Double-strand break repair protein MRE11, 204518, IDR_0, 507, 708, TRQKNTNEEDDEVREAMTRARALRSQSEESASAFSADDLMSIDLAEQMANDSDDSISAATNKGRGRGRGRRGGRGQNSASRGGSQRGRADTGLETSTRSRNSKTAVSASRNMSIIDAFKSTRQQPSRNVTTKNYSEVIEVDESDVEEDIFPTTSKTDQRWSSTSSSKIMSQSQVSKGVDFESSEDDDDDPFMNTSSLRRNRR, 92.02, 40.84, 1.11
92, Q8WWY3, PRP31_HUMAN U4/U6 small nuclear ribonucleoprotein Prp31, 203512, IDR_0, 1, 41, MSLADELLADLEEAAEEEEGGSYGEEEEEPAIEDVQEETQL, 49.21, 20.17, 1.32, IDR_1, 333, 499, EPPPVKQVKPLPAPLDGQRKKRGGRRYRKMKERLGLTEIRKQANRMSFGEIEEDAYQEDLGFSLGHLGKSGSGRVRQTQVNEATKARISKTLQRTLQKQSVVYGGKSTIRDRSSGTASSVAFTPLQGLEIVNPQAAEKKVAEANQKYFSSMAEFLKVKGEKSGLMST, 93.16, 39.07, 1.24
93, Q9NWH9, SLTM_HUMAN SAFB-like transcription modulator, 195061, IDR_0, 1, 20, MAAATGAVAASAASGQAEGK, 28.23, 11.1, 1.07, IDR_1, 58, 387, EEGGDPDNIELTVSTDTPNKKPTKGKGKKHEADELSGDASVEDDAFIKDCELENQEAHEQDGNDELKDSEEFGENEEENVHSKELLSAEENKRAHELIEAEGIEDIEKEDIESQEIEAQEGEDDTFLTAQDGEEEENEKDIAGSGDGTQEVSKPLPSEGSLAEADHTAHEEMEAHTTVKEAEDDNISVTIQAEDAITLDFDGDDLLETGKNVKITDSEASKPKDGQDAIAQSPEKESKDYEMNANHKDGKKEDCVKGDPVEKEARESSKKAESGDKEKDTLKKGPSSTGASGQAKSSSKESKDSKTSSKDDKGSTSSTSGSSGSSTKNIW, 155.11, 67.6, 1.47, IDR_2, 459, 598, KVKGDPSKKEMKKENDEKSSSRSSGDKKNTSDRSSKTQASVKKEEKRSSEKSEKKESKDTKKIEGKDEKNDNGASGQTSESIKKSEEKKRISSKSPGHMVILDQTKGDHCRPSRRGRYEKIHGRSKEKERASLDKKRDKD, 93.75, 38.4, 1.36, IDR_3, 720, 1034, QEKRNSLKRPRDVDHRRDDPYWSENKKLSLDTDARFGHGSDYSRQQNRFNDFDHRERGRFPESSAVQSSSFERRDRFVGQSEGKKARPTARREDPSFERYPKNFSDSRRNEPPPPRNELRESDRREVRGERDERRTVIIHDRPDITHPRHPREAGPNPSRPTSWKSEGSMSTDKRETRVERPERSGREVSGHSVRGAPPGNRSSASGYGSREGDRGVITDRGGGSQHYPEERHVVERHGRDTSGPRKEWHGPPSQGPSYHDTRRMGDGRAGAGMITQHSSNASPINRIVQISGNSMPRGSGSGFKPFKGGPPRRF, 119.36, 52.7, 1.16
94, O60716, CTND1_HUMAN Catenin delta-1, 187719, IDR_0, 1, 360, MDDSEVESTASILASVKEQEAQFEKLTRALEEERRHVSAQLERVRVSPQDANPLMANGTLTRRHQNGRFVGDADLERQKFSDLKLNGPQDHSHLLYSTIPRMQEPGQIVETYTEEDPEGAMSVVSVETSDDGTTRRTETTVKKVVKTVTTRTVQPVAMGPDGLPVDASSVSNNYIQTLGRDFRKNGNGGPGPYVGQAGTATLPRNFHYPPDGYSRHYEDGYPGGSDNYGSLSRVTRIEERYRPSMEGYRAPSRQDVYGPQPQVRVGGSSVDLHRFHPEPYGLEDDQRSMGYDDLDYGMMSDYGTARRTGTPSDPRRRLRSYEDMIGEEVPSDQYYWAPLAQHERGSLASLDSLRKGGPPP, 128.4, 54.91, 1.16, IDR_1, 599, 652, RYQEAAPNVANNTGPHAASCFGAKKGKDEWFSRGKKPIEDPANDTVDFPKRTSP, 50.5, 20.77, 1.18, IDR_2, 841, 968, KEGWKKSDFQVNLNNASRSQSSHSYDDSTLPLIDRNQKSDKKPDREEIQMSNMGSNTKSLDNNYSTPNERGDHNRTLDRSGDLGDMEPLKGTTPLMQDEGQESLEEELDVLVLDDEGGQVSYPSMQKI, 81.63, 34.72, 1.24
95, Q8WUA2, PPIL4_HUMAN Peptidyl-prolyl cis-trans isomerase-like 4, 187161, IDR_0, 177, 199, RSPEPTREQLDSGRIGADEEIDD, 32.39, 12.87, 1.16, IDR_1, 338, 492, EYEKEQDKPPNLVLKDKVKPKQDTKYDLILDEQAEDSKSSHSHTSKKHKKKTHHCSEEKEDEDYMPIKNTNQDIYREMGFGHYEEEESCWEKQKSEKRDRTQNRSRSRSRERDGHYSNSHKSKYQTDLYERERSKKRDRSRSPKKSKDKEKSKYR, 83.94, 34.52, 1.16
96, Q8NAV1, PR38A_HUMAN Pre-mRNA-splicing factor 38A, 182885, IDR_0, 178, 312, EPRVSALEEDMDDVESSEEEEEEDEKLERVPSPDHRRRSYRDLDKPRRSPTLRYRRSRSRSPRRRSRSPKRRSPSPRRERHRSKSPRRHRSRSRDRRHRSRSKSPGHHRSHRHRSHSKSPERSKKSHKKSRRGNE, 71.5, 32.55, 1.06
97, Q9BUJ2, HNRL1_HUMAN Heterogeneous nuclear ribonucleoprotein U-like protein 1, 182376, IDR_0, 37, 206, LEAEEPDDERELDADDEPGRPGHINEEVETEGGSELEGTAQPPPPGLQPHAEPGGYSGPDGHYAMDNITRQNQFYDTQVIKQENESGYERRPLEMEQQQAYRPEMKTEMKQGAPTSFLPPEASQLKPDRQQFQSRKRPYEENRGRGYFEHREDRRGRSPQPPAEEDEDDF, 89.65, 37.87, 1.18, IDR_1, 596, 856, EEGRKAGPPPEKRFDNRGGGGFRGRGGGGGFQRYENRGPPGGNRGGFQNRGGGSGGGGNYRGGFNRSGGGGYSQNRWGNNNRDNNNSNNRGSYNRAPQQQPPPQQPPPPQPPPQQPPPPPSYSPARNPPGASTYNKNSNIPGSSANTSTPTVSSYSPPQPSYSQPPYNQGGYSQGYTAPPPPPPPPPAYNYGSYGGYNPAPYTPPPPPTAQTYPQPSYNQYQQYAQQWNQYYQNQGQWPPYYGNYDYGSYSGNTQGGTSTQ, 66.88, 32.32, 0.71
98, Q86UK7, ZN598_HUMAN E3 ubiquitin-protein ligase ZNF598, 179051, IDR_0, 1, 27, MAAAGGAEGRRAALEAAAAAAPERGGG, 33.46, 13.59, 1.1, IDR_1, 174, 186, MQGDPDDTSHRGH, 21.54, 8.69, 1.03, IDR_2, 264, 747, AHRTACHSRSRAEARQNRHIDLQFSYAPRHSRRNEGVVGGEDYEEVDRYSRQGRVARAGTRGAQQSRRGSWRYKREEEDREVAAAVRASVAAQQQEEARRSEDQEEGGRPKKEEAAARGPEDPRGPRRSPRTQGEGPGPKETSTNGPVSQEAFSVTGPAAPGCVGVPGALPPPSPKLKDEDFPSLSASTSSSCSTAATPGPVGLALPYAIPARGRSAFQEEDFPALVSSVPKPGTAPTSLVSAWNSSSSSKKVAQPPLSAQATGSGQPTRKAGKGSRGGRKGGPPFTQEEEEDGGPALQELLSTRPTGSVSSTLGLASIQPSKVGKKKKVGSEKPGTTLPQPPPATCPPGALQAPEAPASRAEGPVAVVVNGHTEGPAPARSAPKEPPGLPRPLGSFPCPTPQEDFPALGGPCPPRMPPPPGFSAVVLLKGTPPPPPPGLVPPISKPPPGFSGLLPSPHPACVPSPATTTTTKAPRLLPAPRAY, 175.02, 76.0, 1.36, IDR_3, 835, 904, CNREKPLSTKSKKNKKSAWQATTQQAGLDCRVCPTCQQVLAHGDASSHQALHAARDDDFPSLQAIARIIT, 58.71, 23.91, 1.2
99, O43823, AKAP8_HUMAN A-kinase anchor protein 8, 169520, IDR_0, 1, 377, MDQGYGGYGAWSAGPANTQGAYGTGVASWQGYENYNYYGAQNTSVTTGATYSYGPASWEAAKANDGGLAAGAPAMHMASYGPEPCTDNSDSLIAKINQRLDMMSKEGGRGGSGGGGEGIQDRESSFRFQPFESYDSRPCLPEHNPYRPSYSYDYEFDLGSDRNGSFGGQYSECRDPARERGSLDGFMRGRGQGRFQDRSNPGTFMRSDPFVPPAASSEPLSTPWNELNYVGGRGLGGPSPSRPPPSLFSQSMAPDYGVMGMQGAGGYDSTMPYGCGRSQPRMRDRDRPKRRGFDRFGPDGTGRKRKQFQLYEEPDTKLARVDSEGDFSENDDAAGDFRSGDEEFKGEDELCDSGRQRGEKEDEDEDVKKRREKQRRR, 101.41, 50.97, 0.9, IDR_1, 543, 692, EDPFTSETVDPEMEGDDNLGGEDKKETPEEVAADVLAEVITAAVRAVDGEGAPAPESSGEPAEDEGPTDTAEAGSDPQAEQLLEEQVPCGTAHEKGVPKARSEAAEAGNGAETMAAEAESAQTRVAPAPAAADAEVEQTDAESKDAVPTE, 105.7, 42.79, 1.48
100, Q14151, SAFB2_HUMAN Scaffold attachment factor B2, 168947, IDR_0, 1, 413, MAETLPGSGDSGPGTASLGPGVAETGTRRLSELRVIDLRAELKKRNLDTGGNKSVLMERLKKAVKEEGQDPDEIGIELEATSKKSAKRCVKGLKMEEEGTEDNGLEDDSRDGQEDMEASLENLQNMGMMDMSVLDETEVANSSAPDFGEDGTDGLLDSFCDSKEYVAAQLRQLPAQPPEHAVDGEGFKNTLETSSLNFKVTPDIEESLLEPENEKILDILGETCKSEPVKEESSELEQPFAQDTSSVGPDRKLAEEEDLFDSAHPEEGDLDLASESTAHAQSSKADSLLAVVKREPAEQPGDGERTDCEPVGLEPAVEQSSAASELAEASSEELAEAPTEAPSPEARDSKEDGRKFDFDACNEVPPAPKESSTSEGADQKMSSFKEEKDIKPIIKDEKGRVGSGSGRNLWVSG, 173.18, 74.93, 1.46, IDR_1, 479, 953, SVEKAKNEPAGKKLSDRKECEVKKEKLSSVDRHHSVEIKIEKTVIKKEEKIEKKEEKKPEDIKKEEKDQDELKPGPTNRSRVTKSGSRGMERTVVMDKSKGEPVISVKTTSRSKERSSKSQDRKSESKEKRDILSFDKIKEQRERERQRQREREIRETERRREREQREREQRLEAFHERKEKARLQRERLQLECQRQRLERERMERERLERERMRVERERRKEQERIHREREELRRQQEQLRYEQERRPGRRPYDLDRRDDAYWPEGKRVAMEDRYRADFPRPDHRFHDFDHRDRGQYQDHAIDRREGSRPMMGDHRDGQHYGDDRHGHGGPPERHGRDSRDGWGGYGSDKRLSEGRGLPPPPRGGRDWGEHNQRLEEHQARAWQGAMDAGAASREHARWQGGERGLSGPSGPGHMASRGGVAGRGGFAQGGHSQGHVVPGGGLEGGGVASQDRGSRVPHPHPHPPPYPHFTRRY, 157.31, 64.31, 1.24
101, Q7KZ85, SPT6H_HUMAN Transcription elongation factor SPT6, 165232, IDR_0, 1, 310, MSDFVESEAEESEEEYNDEGEVVPRVTKKFVEEEDDDEEEEEENLDDQDEQGNLKGFINDDDDEDEGEEDEGSDSGDSEDDVGHKKRKRTSFDDRLEDDDFDLIEENLGVKVKRGQKYRRVKKMSDDEDDDEEEYGKEEHEKEAIAEEIFQDGEGEEGQEAMEAPMAPPEEEEEDDEESDIDDFIVDDDGQPLKKPKWRKKLPGYTDAALQEAQEIFGVDFDYDEFEKYNEYDEELEEEYEYEDDEAEGEIRVRPKKTTKKRVSRRSIFEMYEPSELESSHLTDQDNEIRATDLPERFQLRSIPVKGAED, 139.83, 53.07, 1.36, IDR_1, 489, 519, LKRVREEGDEEGEGDEAEDEEQRGPELKQAS, 35.58, 14.81, 1.1, IDR_2, 1519, 1726, VPGITPSSSSRTRTPASINATPANINLADLTRAVNALPQNMTSQMFSAIAAVTGQGQNPNATPAQWASSQYGYGGSGGGSSAYHVFPTPAQQPVATPLMTPSYSYTTPSQPITTPQYHQLQASTTPQSAQAQPQPSSSSRQRQQQPKSNSHAAIDWGKMAEQWLQEKEAERRKQKQRLTPRPSPSPMIESTPMSIAGDATPLLDEMDR, 102.47, 43.16, 1.22
102, Q13523, PRP4B_HUMAN Serine/threonine-protein kinase PRP4 homolog, 164702, IDR_0, 1, 627, MAAAETQSLREQPEMEDANSEKSINEENGEVSEDQSQNKHSRHKKKKHKHRSKHKKHKHSSEEDKDKKHKHKHKHKKHKRKEIIDASDKEGMSPAKRTKLDDLALLEDLEKQRALIKAELDNELMEGKVQSGMGLILQGYESGSEEEGEIHEKARNGNRSSTRSSSTKGKLELVDNKITTKKRSKSRSKERTRHRSDKKKSKGGIEIVKEKTTRSKSKERKKSKSPSKRSKSQDQARKSKSPTLRRRSQEKIGKARSPTDDKVKIEDKSKSKDRKKSPIINESRSRDRGKKSRSPVDLRGKSKDRRSRSKERKSKRSETDKEKKPIKSPSKDASSGKENRSPSRRPGRSPKRRSLSPKPRDKSRRSRSPLLNDRRSKQSKSPSRTLSPGRRAKSRSLERKRREPERRRLSSPRTRPRDDILSRRERSKDASPINRWSPTRRRSRSPIRRRSRSPLRRSRSPRRRSRSPRRRDRGRRSRSRLRRRSRSRGGRRRRSRSKVKEDKFKGSLSEGMKVEQESSSDDNLEDFDVEEEDEEALIEQRRIQRQAIVQKYKYLAEDSNMSVPSEPSSPQSSTRTRSPSPDDILERVAADVKEYERENVDTFEASVKAKHNLMTVEQNNGSSQKKL, 203.74, 95.53, 1.4
103, Q7Z3B4, NUP54_HUMAN Nucleoporin p54, 159695, IDR_0, 1, 125, MAFNFGAPSGTSGTAAATAAPAGGFGGFGTTSTTAGSAFSFSAPTNTGTTGLFGGTQNKGFGFGTGFGTTTGTSTGLGTGLGTGLGFGGFNTQQQQQTTLGGLFSQPTQAPTQSNQLINTASALS, 75.23, 31.47, 1.17
104, Q96HR8, NAF1_HUMAN H/ACA ribonucleoprotein complex non-core subunit NAF1, 158191, IDR_0, 1, 171, MEVVEAAAAQLETLKFNGTDFGVGEGPAAPSPGSAPVPGTQPPLQSFEGSPDAGQTVEVKPAGEQPLQPVLNAVAAGTPAPQPQPPAESPACGDCVTSPGAAEPARAPDSLETSDSDSDSDSETDSDSSSSSSSSSSSSSSSSSSCISLPPVLSDGDDDLQIEKENKNFPL, 108.34, 45.27, 1.42, IDR_1, 293, 494, QDKGSDASWKNDQEPPPEALDFSDDEKEKEAKQRKKSQIQGRKKLKSEFNEPGEDFTEVHQNWNAHSSASEHAKGYRNREFTRGFSRARYPRSCHGRPPPQHFYNSEHMVSQETSGFPSQRQNNPIMPQYPFPLPVFDMHNFPLRPPPPPPPPPVNMGWATPNMAAHPLLNLPYSLPPPPPPPPLPPPPSSGDSNSHFGPYY, 73.76, 35.96, 0.89
105, Q7Z739, YTHD3_HUMAN YTH domain-containing family protein 3, 146532, IDR_0, 1, 389, MSATSVDQRPKGQGNKVSVQNGSIHQKDAVNDDDFEPYLSSQTNQSNSYPPMSDPYMPSYYAPSIGFPYSLGEAAWSTAGDQPMPYLTTYGQMSNGEHHYIPDGVFSQPGALGNTPPFLGQHGFNFFPGNADFSTWGTSGSQGQSTQSSAYSSSYGYPPSSLGRAITDGQAGFGNDTLSKVPGISSIEQGMTGLKIGGDLTAAVTKTVGTALSSSGMTSIATNSVPPVSSAAPKPTSWAAIARKPAKPQPKLKPKGNVGIGGSAVPPPPIKHNMNIGTWDEKGSVVKAPPTQPVLPPQTIIQQPQPLIQPPPLVQSQLPQQQPQPPQPQQQQGPQPQAQPHQVQPQQQQLQNRWVAPRNRGAGFNQNNGAGSENFGLGVVPVSASPSSV, 137.39, 60.62, 1.2
106, O75127, PTCD1_HUMAN Pentatricopeptide repeat-containing protein 1; mitochondrial, 144531, IDR_0, 1, 131, MDFVRLARLFARARPMGLFILQHLDPCRARWAGGREGLMRPMWAPFSSSSSQLPLGQERQENTGSLGSDPSHSNSTATQEEDEEEEESFGTLSDKYSSRRLFRKSAAQFHNLRFGERRDEQMEPEPKLWRG, 70.69, 30.95, 1.06, IDR_1, 347, 431, PREEATVLQPPVSRQRPRRTAQAKAGNLMSAMLHVEALERQLFLEPSQALGPPEPPEARVPGKAQPEVDTKAEPSHTAALTAVAL, 70.35, 29.57, 1.31, IDR_2, 670, 700, TPHPWQKFRTKPQGDQDTGKEADDGCALGGR, 36.34, 14.86, 1.12
107, P49792, RBP2_HUMAN E3 SUMO-protein ligase RanBP2, 139533, IDR_0, 1, 24, MRRSKADVERYIASVQGSTPSPRQ, 32.36, 13.15, 1.13, IDR_1, 754, 1190, EDYSEGGPLYKNGSLRNADSEIKHSTPSPTRYSLSPSKSYKYSPKTPPRWAEDQNSLLKMICQQVEAIKKEMQELKLNSSNSASPHRWPTENYGPDSVPDGYQGSQTFHGAPLTVATTGPSVYYSQSPAYNSQYLLRPAANVTPTKGPVYGMNRLPPQQHIYAYPQQMHTPPVQSSSACMFSQEMYGPPALRFESPATGILSPRGDDYFNYNVQQTSTNPPLPEPGYFTKPPIAAHASRSAESKTIEFGKTNFVQPMPGEGLRPSLPTQAHTTQPTPFKFNSNFKSNDGDFTFSSPQVVTQPPPAAYSNSESLLGLLTSDKPLQGDGYSGAKPIPGGQTIGPRNTFNFGSKNVSGISFTENMGSSQQKNSGFRRSDDMFTFHGPGKSVFGTPTLETANKNHETDGGSAHGDDDDDGPHFEPVVPLPDKIEVKTGEED, 143.4, 60.0, 1.18, IDR_2, 1384, 1410, ELVGPPLAETVFTPKTSPENVQDRFAL, 36.76, 14.8, 1.21, IDR_3, 1500, 2026, AACQNPRKQSLPATSIPTPASFKFGTSETSKTLKSGFEDMFAKKEGQWDCSSCLVRNEANATRCVACQNPDKPSPSTSVPAPASFKFGTSETSKAPKSGFEGMFTKKEGQWDCSVCLVRNEASATKCIACQNPGKQNQTTSAVSTPASSETSKAPKSGFEGMFTKKEGQWDCSVCLVRNEASATKCIACQNPGKQNQTTSAVSTPASSETSKAPKSGFEGMFTKKEGQWDCSVCLVRNEASATKCIACQCPSKQNQTTAISTPASSEISKAPKSGFEGMFIRKGQWDCSVCCVQNESSSLKCVACDASKPTHKPIAEAPSAFTLGSEMKLHDSSGSQVGTGFKSNFSEKASKFGNTEQGFKFGHVDQENSPSFMFQGSSNTEFKSTKEGFSIPVSADGFKFGISEPGNQEKKSEKPLENGTGFQAQDISGQKNGRGVIFGQTSSTFTFADLAKSTSGEGFQFGKKDPNFKGFSGAGEKLFSSQYGKMANKANTSGDFEKDDDAYKTEDSDDIHFEPVVQMPEKVELV, 177.14, 74.42, 1.33, IDR_4, 2185, 2326, TNDQTKVTEEENKGSGTGAAGASDTTIKPNPENTGPTLEWDNYDLREDALDDSVSSSSVHASPLASSPVRKNLFRFGESTTGFNFSFKSALSPSKSPAKLNQSGTSVGTDEESDVTQEEERDGQYFEPVVPLPDLVEVSSGE, 88.98, 36.59, 1.28, IDR_5, 2441, 2926, TAQEKDSLITPHVSRSSTPRESPCGKIAVAVLEETTRERTDVIQGDDVADATSEVEVSSTSETTPKAVVSPPKFVFGSESVKSIFSSEKSKPFAFGNSSATGSLFGFSFNAPLKSNNSETSSVAQSGSESKVEPKKCELSKNSDIEQSSDSKVKNLFASFPTEESSINYTFKTPEKAKEKKKPEDSPSDDDVLIVYELTPTAEQKALATKLKLPPTFFCYKNRPDYVSEEEEDDEDFETAVKKLNGKLYLDGSEKCRPLEENTADNEKECIIVWEKKPTVEEKAKADTLKLPPTFFCGVCSDTDEDNGNGEDFQSELQKVQEAQKSQTEEITSTTDSVYTGGTEVMVPSFCKSEEPDSITKSISSPSVSSETMDKPVDLSTRKEIDTDSTSQGESKIVSFGFGSSTGLSFADLASSNSGDFAFGSKDKNFQWANTGAAVFGTQSVGTQSAGKVGEDEDGSDEEVVHNEDIHFEPIVSLPEVEVKSG, 180.84, 76.49, 1.41
108, Q9HCD5, NCOA5_HUMAN Nuclear receptor coactivator 5, 136725, IDR_0, 1, 166, MNTAPSRPSPTRRDPYGFGDSRDSRRDRSPIRGSPRREPRDGRNGRDARDSRDIRDPRDLRDHRHSRDLRDHRDSRSVRDVRDVRDLRDFRDLRDSRDFRDQRDPMYDRYRDMRDSRDPMYRREGSYDRYLRMDDYCRRKDDSYFDRYRDSFDGRGPPGPESQSRA, 84.76, 37.53, 1.13, IDR_1, 326, 338, ERGGPEEGVRGGH, 21.72, 8.75, 1.05, IDR_2, 376, 579, RSSTDSLPGPISRQPLGATSGASLKTQPSSQPLQSGQVLPSATPTPSAPPTSQQELQAKILSLFNSGTVTANSSSASPSVAAGNTPNQNFSTAANSQPQQRSQASGNQPPSILGQGGSAQNMGPRPGAPSQGLFGQPSSRLAPASNMTSQRPVSSTGINFDNPSVQKALDTLIQSGPALSHLVSQTTAQMGQPQAPMGSYQRHY, 107.71, 46.35, 1.29
109, Q9NW13, RBM28_HUMAN RNA-binding protein 28, 136356, IDR_0, 83, 108, RNKTKEKGKNENSECPKKEPKAKKAK, 36.19, 14.46, 1.22, IDR_1, 196, 333, KDTQSVSAIGEEKSHESKHQESVKKKGREEEDMEEEENDDDDDDDDEEDGVFDDEDEEEENIESKVTKPVQIQKRAVKRPAPAKSSDHSEEDSDLEESDSIDDGEELAQSDTSTEEQEDKAVQVSNKKKRKLPSDVNE, 84.99, 35.74, 1.24, IDR_2, 598, 759, KMRSKPATGEPQKGQPEPAKDQQQKAAQHHTEEQSKVPPEQKRKAGSTSWTGFQTKAEVEQVELPDGKKRRKVLALPSHRGPKIRLRDKGKVKPVHPKKPKPQINQWKQEKQQLSSEQVSRKKAKGNKTETRFNQLVEQYKQKLLGPSKGAPLAKRSKWFDS, 99.83, 42.12, 1.35
110, Q9Y2W2, WBP11_HUMAN WW domain-binding protein 11, 136139, IDR_0, 1, 23, MGRRSTSSTKSGKFMNPTDQARK, 32.58, 12.85, 1.17, IDR_1, 136, 641, VESIPLPDMPHAPSNILIQDIPLPGAQPPSILKKTSAYGPPTRAVSILPLLGHGVPRLPPGRKPPGPPPGPPPPQVVQMYGRKVGFALDLPPRRRDEDMLYSPELAQRGHDDDVSSTSEDDGYPEDMDQDKHDDSTDDSDTDKSDGESDGDEFVHRDNGERDNNEEKKSGLSVRFADMPGKSRKKKKNMKELTPLQAMMLRMAGQEIPEEGREVEEFSEDDDEDDSDDSEAEKQSQKQHKEESHSDGTSTASSQQQAPPQSVPPSQIQAPPMPGPPPLGPPPAPPLRPPGPPTGLPPGPPPGAPPFLRPPGMPGLRGPLPRLLPPGPPPGRPPGPPPGPPPGLPPGPPPRGPPPRLPPPAPPGIPPPRPGMMRPPLVPPLGPAPPGLFPPAPLPNPGVLSAPPNLIQRPKADDTSAATIEKKATATISAKPQITNPKAEITRFVPTALRVRRENKGATAAPQRKSEDDSAVPLAKAAPKSGPSVPVSVQTKDDVYEAFMKEMEGLL, 189.75, 82.96, 1.44
111, Q07157, ZO1_HUMAN Tight junction protein ZO-1, 134714, IDR_0, 1, 15, MSARAAAAKSTAMEE, 23.03, 9.59, 1.01, IDR_1, 102, 192, AKITIRRKKKVQIPVSRPDPEPVSDNEEDSYDEEIHDPRSGRSGVVNRRSEKIWPRDRSASRERSLSPRSDRRSVASSQPAKPTKVTLVKS, 69.04, 28.55, 1.24, IDR_2, 268, 417, LLNVPDLSDSIHSANASERDDISEIQSLASDHSGRSHDRPPRRSRSRSPDQRSEPSDHSRHSPQQPSNGSLRSRDEERISKPGAVSTPVKHADDHTPKTVEEVTVERNEKQTPSLPEPKPVYAQVGQPDVDLPVSPSDGVLPNSTHEDGI, 93.01, 39.01, 1.3, IDR_3, 798, 1650, VWVSEGKADGATSDDLDLHDDRLSYLSAPGSEYSMYSTDSRHTSDYEDTDTEGGAYTDQELDETLNDEVGTPPESAITRSSEPVREDSSGMHHENQTYPPYSPQAQPQPIHRIDSPGFKPASQQKAEASSPVPYLSPETNPASSTSAVNHNVNLTNVRLEEPTPAPSTSYSPQADSLRTPSTEAAHIMLRDQEPSLSSHVDPTKVYRKDPYPEEMMRQNHVLKQPAVSHPGHRPDKEPNLTYEPQLPYVEKQASRDLEQPTYRYESSSYTDQFSRNYEHRLRYEDRVPMYEEQWSYYDDKQPYPSRPPFDNQHSQDLDSRQHPEESSERGYFPRFEEPAPLSYDSRPRYEQAPRASALRHEEQPAPGYDTHGRLRPEAQPHPSAGPKPAESKQYFEQYSRSYEQVPPQGFTSRAGHFEPLHGAAAVPPLIPSSQHKPEALPSNTKPLPPPPTQTEEEEDPAMKPQSVLTRVKMFENKRSASLETKKDVNDTGSFKPPEVASKPSGAPIIGPKPTSQNQFSEHDKTLYRIPEPQKPQLKPPEDIVRSNHYDPEEDEEYYRKQLSYFDRRSFENKPPAHIAASHLSEPAKPAHSQNQSNFSSYSSKGKPPEADGVDRSFGEKRYEPIQATPPPPPLPSQYAQPSQPVTSASLHIHSKGAHGEGNSVSLDFQNSLVSKPDPPPSQNKPATFRPPNREDTAQAAFYPQKSFPDKAPVNGTEQTQKTVTPAYNRFTPKPYTSSARPFERKFESPKFNHNLLPSETAHKPDLSSKTPTSPKTLVKSHSLAQPPEFDSGVETFSIHAEKPKYQINNISTVPKAIPVSPSAVEEDEDEDGHTVVATARGIFNSNGGVLSSI, 192.03, 85.21, 1.13
112, Q93052, LPP_HUMAN Lipoma-preferred partner, 132969, IDR_0, 1, 388, MSHPSWLPPKSTGEPLGHVPARMETTHSFGNPSISVSTQQPPKKFAPVVAPKPKYNPYKQPGGEGDFLPPPPPPLDDSSALPSISGNFPPPPPLDEEAFKVQGNPGGKTLEERRSSLDAEIDSLTSILADLECSSPYKPRPPQSSTGSTASPPVSTPVTGHKRMVIPNQPPLTATKKSTLKPQPAPQAGPIPVAPIGTLKPQPQPVPASYTTASTSSRPTFNVQVKSAQPSPHYMAAPSSGQIYGSGPQGYNTQPVPVSGQCPPPSTRGGMDYAYIPPPGLQPEPGYGYAPNQGRYYEGYYAAGPGYGGRNDSDPTYGQQGHPNTWKREPGYTPPGAGNQNPPGMYPVTGPKKTYITDPVSAPCAPPLQPKGGHSGQLGPSSVAPSFR, 151.61, 64.35, 1.32
113, Q6PL18, ATAD2_HUMAN ATPase family AAA domain-containing protein 2, 131691, IDR_0, 1, 383, MVVLRSSLELHNHSAASATGSLDLSSDFLSLEHIGRRRLRSAGAAQKKPAATTAKAGDGSSVKEVETYHRTRALRSLRKDAQNSSDSSFEKNVEITEQLANGRHFTRQLARQQADKKKEEHREDKVIPVTRSLRARNIVQSTEHLHEDNGDVEVRRSCRIRSRYSGVNQSMLFDKLITNTAEAVLQKMDDMKKMRRQRMRELEDLGVFNETEESNLNMYTRGKQKDIQRTDEETTDNQEGSVESSEEGEDQEHEDDGEDEDDEDDDDDDDDDDDDDDEDDEDEEDGEEENQKRYYLRQRKATVYYQAPLEKPRHQRKPNIFYSGPASPARPRYRLSSAGPRSPYCKRMNRRRHAIHSSDSTSSSSSEDEQHFERRRKRSRNRA, 119.75, 51.02, 1.05, IDR_1, 1108, 1288, RKKRGCSSSKYAPSYYHVMPKQNSTLVGDKRSDPEQNEKLKTPSTPVACSTPAQLKRKIRKKSNWYLGTIKKRRKISQAKDDSQNAIDHKIESDTEETQDTSVDHNETGNTGESSVEENEKQQNASESKLELRNNSNTCNIENELEDSRKTTACTELRDKIACNGDASSSQIIHISDENEG, 95.56, 40.37, 1.22
114, Q14432, PDE3A_HUMAN cGMP-inhibited 3';5'-cyclic phosphodiesterase A, 128735, IDR_0, 1, 128, MAVPGDAARVRDKPVHSGVSQAPTAGRDCHHRADPASPRDSGCRGCWGDLVLQPLRSSRKLSSALCAGSLSFLLALLVRLVRGEVGCDLEQCKEAAAAEEEEAAPGAEGGVFPGPRGGAPGGGARLSP, 83.22, 34.97, 1.26, IDR_1, 259, 665, LPQSAEAAPREHLGSQLIAGTKEDIPVFKRRRRSSSVVSAEMSGCSSKSHRRTSLPCIPREQLMGHSEWDHKRGPRGSQSSGTSITVDIAVMGEAHGLITDLLADPSLPPNVCTSLRAVSNLLSTQLTFQAIHKPRVNPVTSLSENYTCSDSEESSEKDKLAIPKRLRRSLPPGLLRRVSSTWTTTTSATGLPTLEPAPVRRDRSTSIKLQEAPSSSPDSWNNPVMMTLTKSRSFTSSYAISAANHVKAKKQSRPGALAKISPLSSPCSSPLQGTPASSLVSKISAVQFPESADTTAKQSLGSHRALTYTQSAPDLSPQILTPPVICSSCGRPYSQGNPADEPLERSGVATRTPSRTDDTAQVTSDYETNNNSDSSDIVQNEDETECLREPLRKASACSTYAPETMM, 160.63, 68.55, 1.37, IDR_2, 781, 794, DHGSTSDSDSDSGF, 21.07, 8.56, 0.97, IDR_3, 1011, 1141, PLCNSYDSAGLMPGKWVEDSDESGDTDDPEEEEEEAPAPNEEETCENNESPKKKTFKRRKIYCQITQHLLQNHKMWKKVIEEEQRLAGIENQSLDQTPQSHSSEQIQAIKEEEEEKGKPRGEEIPTQKPDQ, 80.42, 32.28, 1.21
115, Q8IWX8, CHERP_HUMAN Calcium homeostasis endoplasmic reticulum protein, 128247, IDR_0, 73, 104, TPELEPAATMPPLPQPPLAPAAPIPPAQGAPS, 46.26, 18.74, 1.39, IDR_1, 336, 876, QQQQQQLQMPQMEAEVKATPPPPAPPPAPAPAPAIPPTTQPDDSKPPIQMPGSSEYEAPGGVQDPAAAGPRGPGPHDQIPPNKPPWFDQPHPVAPWGQQQPPEQPPYPHHQGGPPHCPPWNNSHEGMWGEQRGDPGWNGQRDAPWNNQPDAAWNSQFEGPWNSQHEQPPWGGGQREPPFRMQRPPHFRGPFPPHQQHPQFNQPPHPHNFNRFPPRFMQDDFPPRHPFERPPYPHRFDYPQGDFPAEMGPPHHHPGHRMPHPGINEHPPWAGPQHPDFGPPPHGFNGQPPHMRRQGPPHINHDDPSLVPNVPYFDLPAGLMAPLVKLEDHEYKPLDPKDIRLPPPMPPSERLLAAVEAFYSPPSHDRPRNSEGWEQNGLYEFFRAKMRARRRKGQEKRNSGPSRSRSRSKSRGRSSSRSNSRSSKSSGSYSRSRSRSCSRSYSRSRSRSRSRSRSSRSRSRSQSRSRSKSYSPGRRRRSRSRSPTPPSSAGLGSNSAPPIPDSRLGEENKGHQMLVKMGWSGSGGLGAKEQGIQDPIKGGDV, 125.32, 50.31, 0.92
116, Q5T035, CI129_HUMAN Putative uncharacterized protein C9orf129, 125870, IDR_0, 1, 196, MPGMVPPHVPPQMLNIPQTSLQAKPVAPQVPSPGGAPGQGPYPYSLSEPAPLTLDTSGKNLTEQNSYSNIPHEGKHTPLYERSLPINPAQSGSPNHVDSAYFPGSSTSSSSDNDEGSGGATKYTIYWGFRATDHHVQGRDSQARGTAAHWHGGHVCSPNVFWRISHGPAQQLTFPTEQAAPPVCPAPASRRLSAPG, 96.55, 40.1, 1.18
117, Q9Y5X1, SNX9_HUMAN Sorting nexin-9, 124632, IDR_0, 60, 205, LPSDGKDQFSCGNSVADQAFLDSLSASTAQASSSAASNNHQVGSGNDPWSAWSASKSGNWESSEGWGAQPEGAGAQRNTNTPNNWDTAFGHPQAYQGPATGDDDDWDEDWDGPKSSSYFKDSESADAGGAQRGNSRASSSSMKIPL, 77.4, 31.79, 1.1
118, Q96GQ7, DDX27_HUMAN Probable ATP-dependent RNA helicase DDX27, 123631, IDR_0, 1, 219, MVLAQRRRGGCEKLRAGPQAVLASGSGFCDNMLADLGLIGTIGEDDEVPVEPESDSGDEEEEGPIVLGRRQKALGKNRSADFNPDFVFTEKEGTYDGSWALADVMSQLKKKRAATTLDEKIEKVRKKRKTEDKEAKSGKLEKEKEAKEGSEPKEQEDLQENDEEGSEDEASETDYSSADENILTKADTLKVKDRKKKKKKGQEAGGFFEDASQYDENLS, 104.64, 45.57, 1.22, IDR_1, 721, 796, AKRARAMPEEEPVRGPAKKQKQGKKSVFDEELTNTSKKALKQYRAGPSFEERKQLGLPHQRRGGNFKSKSRYKRRK, 65.77, 26.4, 1.3
119, Q5T6F2, UBAP2_HUMAN Ubiquitin-associated protein 2, 121503, IDR_0, 1, 31, MMTSVSSDHCRGAREKPQISAAQSTQPQKQV, 38.76, 15.82, 1.19, IDR_1, 94, 1119, SDTTSWETVGCKKKNFAKENSENKENREKKSEKESSRGRGNNNRKGRGGNRGREFRGEENGIDCNQVDKPSDRGKRARGRGFGRGRGRGAGRFSTQGMGTFNPADYSDSTSTDVCGTKLVVWEAAQNGADEGTELASNTHNIAQDLSNKSSYGLKGAWKNSVEEWTTEDWTEDLSETKVFTASSAPAENHILPGQSIDLVALLQKPVPHSQASEANSFETSQQQGFGQALVFTNSQHNNQMAPGTGSSTAVNSCSPQSLSSVLGSGFGELAPPKMANITSSQILDQLKAPSLGQFTTTPSTQQNSTSHPTTTTSWDLKPPTSQSSVLSHLDFKSQPEPSPVLSQLSQRQQHQSQAVTVPPPGLESFPSQAKLRESTPGDSPSTVNKLLQLPSTTIENISVSVHQPQPKHIKLAKRRIPPASKIPASAVEMPGSADVTGLNVQFGALEFGSEPSLSEFGSAPSSENSNQIPISLYSKSLSEPLNTSLSMTSAVQNSTYTTSVITSCSLTSSSLNSASPVAMSSSYDQSSVHNRIPYQSPVSSSESAPGTIMNGHGGGRSQQTLDTPKTTGPPSALPSVSSLPSTTSCTALLPSTSQHTGDLTSSPLSQLSSSLSSHQSSLSAHAALSSSTSHTHASVESASSHQSSATFSTAATSVSSSASSGASLSSSMNTANSLCLGGTPASASSSSSRAAPLVTSGKAPPNLPQGVPPLLHNQYLVGPGGLLPAYPIYGYDELQMLQSRLPVDYYGIPFAAPTALASRDGSLANNPYPGDVTKFGRGDSASPAPATTPAQPQQSQSQTHHTAQQPFVNPALPPGYSYTGLPYYTGMPSAFQYGPTMFVPPASAKQHGVNLSTPTPPFQQASGYGQHGYSTGYDDLTQGTAAGDYSKGGYAGSSQAPNKSAGSGPGKGVSVSSSTTGLPDMTGSVYNKTQTFDKQGFHAGTPPPFSLPSVLGSTGPLASGAAPGYAPPPFLHILPAHQQPHSQLLHHHLPQDAQSGSGQRSQPSSLQPKSQASKPAYGNSPYWTN, 237.44, 107.61, 1.27
120, O60885, BRD4_HUMAN Bromodomain-containing protein 4, 119486, IDR_0, 1, 58, MSAESGPGTRLRNLPVMGDGLETSQMSTTQAQAQPQPANAASTNPPPPETSNPNKPKR, 57.21, 23.25, 1.29, IDR_1, 175, 349, QAKGRGRGRKETGTAKPGVSTVPNTTQASTPPQTQTPQPNPPPVQATPHPFPAVTPDLIVQTPVMTVVPPQPLQTPPPVPPQPQPPPAPAPQPVQSHPPIIAATPQPVKTKKGVKRKADTTTPTTIDPIHEPPSLPPEPKTTKLGQRRESSRPVKPPKKDVPDSQQHPAPEKSSK, 113.47, 48.17, 1.47, IDR_2, 459, 616, DEPEEPVVAVSSPAVPPPTKVVAPPSSSDSSSDSSSDSDSSTDDSEEERAQRLAELQEQLKAVHEQLAALSQPQQNKPKKKEKDKKEKKKEKHKRKEEVEENKKSKAKEPPPKKTKKNNSSNSNVSKKEPAPMKSKPPPTYESEEEDKCKPMSYEEKR, 97.49, 41.18, 1.33, IDR_3, 678, 1326, KRKPQAEKVDVIAGSSKMKGFSSSESESSSESSSSDSEDSETEMAPKSKKKGHPGREQKKHHHHHHQQMQQAPAPVPQQPPPPPQQPPPPPPPQQQQQPPPPPPPPSMPQQAAPAMKSSPPPFIATQVPVLEPQLPGSVFDPIGHFTQPILHLPQPELPPHLPQPPEHSTPPHLNQHAVVSPPALHNALPQQPSRPSNRAAALPPKPARPPAVSPALTQTPLLPQPPMAQPPQVLLEDEEPPAPPLTSMQMQLYLQQLQKVQPPTPLLPSVKVQSQPPPPLPPPPHPSVQQQLQQQPPPPPPPQPQPPPQQQHQPPPRPVHLQPMQFSTHIQQPPPPQGQQPPHPPPGQQPPPPQPAKPQQVIQHHHSPRHHKSDPYSTGHLREAPSPLMIHSPQMSQFQSLTHQSPPQQNVQPKKQELRAASVVQPQPLVVVKEEKIHSPIIRSEPFSPSLRPEPPKHPESIKAPVHLPQRPEMKPVDVGRPVIRPPEQNAPPPGAPDKDKQKQEPKTPVAPKKDLKIKNMGSWASLVQKHPTTPSSTAKSSSDSFEQFRRAAREKEEREKALKAQAEHAEKEKERLRQERMRSREDEDALEQARRAHEEARRRQEQQQQQRQEQQQQQQQQAAAVAAAATPQAQSSQPQSMLDQQRE, 190.4, 83.48, 1.28
121, A0AV96, RBM47_HUMAN RNA-binding protein 47, 116978, IDR_0, 1, 30, MTAEDSTAAMSSDSAAGSSAKVPEGVAGAP, 38.47, 15.38, 1.2, IDR_1, 320, 593, DKEQYSRYQKAARGGGAAEAAQQPSYVYSCDPYTLAYYGYPYNALIGPNRDYFVKAGSIRGRGRGAAGNRAPGPRGSYLGGYSAGRGIYSRYHEGKGKQQEKGYELVPNLEIPTVNPVAIKPGTVAIPAIGAQYSMFPAAPAPKMIEDGKIHTVEHMISPIAVQPDPASAAAAAAAAAAAAAAVIPTVSTPPPFQGRPITPVYTVAPNVQRIPTAGIYGASYVPFAAPATATIATLQKNAAAAAAMYGGYAGYIPQAFPAAAIQVPIPDVYQTY, 115.29, 51.76, 1.19
122, Q99590, SCAFB_HUMAN Protein SCAF11, 116753, IDR_0, 1, 31, MKKKTVCTLNMGDKKYEDMEGEENGDNTIST, 36.39, 14.49, 1.13, IDR_1, 107, 204, RETKDKKNENSFEKQVSCHENSKSCIRRKAIVREDLLSAKVCDLKWIHRNSLYSETGGKKNAAIKINKPQRSNWSTNQCFRNFFSNMFSSVSHSGESS, 65.64, 28.24, 1.14, IDR_2, 268, 1377, TIFPTSTISFEHFGTSCKGYALAHTQEGEEKKQTSGTSNTRGSRRKPAMTTPTRRSTRNTRAETASQSQRSPISDNSGCDAPGNSNPSLSVPSSAESEKQTRQAPKRKSVRRGRKPPLLKKKLRSSVAAPEKSSSNDSVDEETAESDTSPVLEKEHQPDVDSSNICTVQTHVENQSANCLKSCNEQIEESEKHTANYDTEERVGSSSSESCAQDLPVLVGEEGEVKKLENTGIEANVLCLESEISENILEKGGDPLEKQDQISGLSQSEVKTDVCTVHLPNDFPTCLTSESKVYQPVSCPLSDLSENVESVVNEEKITESSLVEITEHKDFTLKTEELIESPKLESSEGEIIQTVDRQSVKSPEVQLLGHVETEDVEIIATCDTFGNEDFNNIQDSENNLLKNNLLNTKLEKSLEEKNESLTEHPRSTELPKTHIEQIQKHFSEDNNEMIPMECDSFCSDQNESEVEPSVNADLKQMNENSVTHCSENNMPSSDLADEKVETVSQPSESPKDTIDKTKKPRTRRSRFHSPSTTWSPNKDTPQEKKRPQSPSPRRETGKESRKSQSPSPKNESARGRKKSRSQSPKKDIARERRQSQSRSPKRDTTRESRRSESLSPRRETSRENKRSQPRVKDSSPGEKSRSQSRERESDRDGQRRERERRTRKWSRSRSHSRSPSRCRTKSKSSSFGRIDRDSYSPRWKGRWANDGWRCPRGNDRYRKNDPEKQNENTRKEKNDIHLDADDPNSADKHRNDCPNWITEKINSGPDPRTRNPEKLKESHWEENRNENSGNSWNKNFGSGWVSNRGRGRGNRGRGTYRSSFAYKDQNENRWQNRKPLSGNSNSSGSESFKFVEQQSYKRKSEQEFSFDTPADRSGWTSASSWAVRKTLPADVQNYYSRRGRNSSGPQSGWMKQEEETSGQDSSLKDQTNQQVDGSQLPINMMQPQMNVMQQQMNAQHQPMNIFPYPVGVHAPLMNIQRNPFNIHPQLPLHLHTGVPLMQVATPTSVSQGLPPPPPPPPPSQQVNYIASQPDGKQLQGIPSSSHVSNNMSTPVLPAPTAAPGNTGMVQGPSSGNTSSSSHSKASNAAVKLAESKVSVAVEASADSSKTDKKL, 253.04, 102.27, 1.31, IDR_3, 1442, 1463, YSRKGSQKKTLEEPVSTEKNIG, 31.32, 12.68, 1.15
123, O15027, SC16A_HUMAN Protein transport protein Sec16A, 114741, IDR_0, 1, 1443, MQPPPQTVPSGMAGPPPAGNPRSVFWASSPYRRRANNNAAVAPTTCPLQPVTDPFAFSRQALQSTPLGSSSKSSPPVLQGPAPAGFSQHPGLLVPHTHARDSSQGPCEPLPGPLTQPRAHASPFSGALTPSAPPGPEMNRSAEVGPSSEPEVQTLPYLPHYIPGVDPETSHGGHPHGNMPGLDRPLSRQNPHDGVVTPAASPSLPQPGLQMPGQWGPVQGGPQPSGQHRSPCPEGPVPSGVPCATSVPHFPTPSILHQGPGHEQHSPLVAPPAALPSDGRDEVSHLQSGSHLANNSDPESTFRQNPRIVNHWASPELRQNPGVKNEHRPASALVNPLARGDSPENRTHHPLGAGAGSGCAPLEADSGASGALAMFFQGGETENEENLSSEKAGLSGQADFDDFCSSPGLGRPPAPTHVGAGSLCQALLPGPSNEAAGDVWGDTASTGVPDASGSQYENVENLEFVQNQEVLPSEPLNLDPSSPSDQFRYGPLPGPAVPRHGAVCHTGAPDATLHTVHPDSVSSSYSSRSHGRLSGSARPQELVGTFIQQEVGKPEDEASGSFFKQIDSSPVGGETDETTVSQNYRGSVSQPSTPSPPKPTGIFQTSANSSFEPVKSHLVGVKPFEADRANVVGEVRETCVRQKQCRPAAALPDASPGNLEQPPDNMETLCAPQVCPLPLNSTTEAVHMLPHAGAPPLDTVYPAPEKRPSARTQGPVKCESPATTLWAQSELPDFGGNVLLAPAAPALYVCAKPQPPVVQPPEEAMSGQQSRNPSSAAPVQSRGGIGASENLENPPKMGEEEALQSQASSGYASLLSSPPTESLQNPPVLIAQPDHSYNLAQPINFSVSLSNSHEKNQSWREALVGDRPAVSSWALGGDSGENTSLSGIPTSSVLSLSLPSSVAQSNFPQGSGASEMVSNQPANLLVQPPSQPVPENLVPESQKDRKAGSALPGFANSPAGSTSVVLVPPAHGTLVPDGNKANHSSHQEDTYGALDFTLSRTLENPVNVYNPSHSDSLASQQSVASHPRQSGPGAPNLDRFYQQVTKDAQGQPGLERAQQELVPPQQQASPPQLPKAMFSELSNPESLPAQGQAQNSAQSPASLVLVDAGQQLPPRPPQSSSVSLVSSGSGQAAVPSEQPWPQPVPALAPGPPPQDLAAYYYYRPLYDAYQPQYSLPYPPEPGAASLYYQDVYSLYEPRYRPYDGAASAYAQNYRYPEPERPSSRASHSSERPPPRQGYPEGYYSSKSGWSSQSDYYASYYSSQYDYGDPGHWDRYHYSARVRDPRTYDRRYWCDAEYDAYRREHSAFGDRPEKRDNNWRYDPRFTGSFDDDPDPHRDPYGEEVDRRSVHSEHSARSLHSAHSLASRRSSLSSHSHQSQIYRSHNVAAGSYEAPLPPGSFHGDFAYGTYRSNFSSGPGFPEYGYPADTVWPAMEQVSSRPTSPE, 231.66, 107.9, 1.05, IDR_1, 1891, 2357, AGVWHQDGALPQQCPGTPSSEMEQLDRPGLSQPGALGIANPLLAVPAPSPEHSSPSVRLLPSAPQTLPDGPLASPARVPMFPVPLPPGPLEPGPGCVTPGPALGFLEPSGPGLPPGVPPLQERRHLLQEARSPDPGIVPQEAPVGNSLSELSEENFDGKFANLTPSRTVPDSEAPPGWDRADSGPTQPPLSLSPAPETKRPGQAAKKETKEPKKGESWFFRWLPGKKKTEAYLPDDKNKSIVWDEKKNQWVNLNEPEEEKKAPPPPPTSMPKTVQAAPPALPGPPGAPVNMYSRRAAGTRARYVDVLNPSGTQRSEPALAPADFVAPLAPLPIPSNLFVPTPDAEEPQLPDGTGREGPAAARGLANPEPAPEPKVLSSAASLPGSELPSSRPEGSQGGELSRCSSMSSLSREVSQHFNQAPGDLPAAGGPPSGAMPFYNPAQLAQACATSGSSRLGRIGQRKHLVLN, 175.6, 74.34, 1.39
124, Q13206, DDX10_HUMAN Probable ATP-dependent RNA helicase DDX10, 113709, IDR_0, 1, 39, MGKTANSPGSGARPDPVRSFNRWKKKHSHRQNKKKQLRK, 46.18, 18.69, 1.27, IDR_1, 523, 875, ELVRSQADKVIEPRAPSLTNDEVEEFRAYFNEKMSILQKGGKRLEGTEHRQDNDTGNEEQEEEEDDEEEMEEKLAKAKGSQAPSLPNTSEAQKIKEVPTQFLDRDEEEEDADFLKVKRHNVFGLDLKDEKTLQKKEPSKSSIKKKMTKVAEAKKVMKRNFKVNKKITFTDEGELVQQWPQMQKSAIKDAEEDDDTGGINLHKAKERLQEEDKFDKEEYRKKIKAKHREKRLKEREARREANKRQAKAKDEEEAFLDWSDDDDDDDDGFDPSTLPDPDKYRSSEDSDSEDMENKISDTKKKQGMKKRSNSEVEDVGPTSHNRKKARWDTLEPLDTGLSLAEDEELVLHLLRSQS, 132.15, 56.32, 1.21
125, Q9BX40, LS14B_HUMAN Protein LSM14 homolog B, 113250, IDR_0, 80, 385, CEPPKAQHTLPQDPAIVQSSLGSASASPFQPHVPYSPFRGMAPYGPLAASSLLSQQYAASLGLGAGFPSIPVGKSPMVEQAVQTGSADNLNAKKLLPGKGTTGTQLNGRQAQPSSKTASDVVQPAAVQAQGQVNDENRRPQRRRSGNRRTRNRSRGQNRPTNVKENTIKFEGDFDFESANAQFNREELDKEFKKKLNFKDDKAEKGEEKDLAVVTQSAEAPAEEDLLGPNCYYDKSKSFFDNISSELKTSSRRTTWAEERKLNTETFGVSGRFLRGRSSRGGFRGGRGNGTTRRNPTSHRAGTGRV, 122.61, 51.89, 1.21
126, Q96F86, EDC3_HUMAN Enhancer of mRNA-decapping protein 3, 112431, IDR_0, 70, 249, PGDNQHFGDLHQTELGPSGAGCQVGINQNGTGKFVKKPASSSSAPQNIPKRTDVKSQDVAVSPQQQQCSKSYVDRHMESLSQSKSFRRRHNSWSSSSRHPNQATPKKSGLKNGQMKNKDDECFGDDIEEIPDTDFDFEGNLALFDKAAVFEEIDTYERRSGTRSRGIPNERPTRYRHDEN, 87.91, 38.41, 1.13
127, I6L899, GOG8R_HUMAN Golgin subfamily A member 8R, 110435, IDR_0, 1, 87, MAEETQHNKLAAAKKKLKEYWQKNRPRVPAGVNRNRKTNGSIPETATSGGCQPPGDSATGFHREGPTSSATLKDLESPCQERAVVLD, 67.0, 28.26, 1.23, IDR_1, 289, 302, QTAEPLPPEPPAVP, 31.62, 11.93, 1.44, IDR_2, 418, 454, LMALPGEGHGGEHLDSEGEEAPQPMPSVPEDPESREA, 45.66, 17.96, 1.29, IDR_3, 494, 631, LLSEPGGRAKDAALGGGHHQAGAQGGDEGEAAGAAADGIAAYSNYNNGHRKFLAAAHNSADEPGPGAPAPQELGAADKHGDLREVTLTSSAQGEAREDPLLDKPTAQPIVQDHQEHPGLGSNCCVPLFCWAWLPRRRR, 77.53, 34.4, 1.13
128, H3BV12, GOG8Q_HUMAN Golgin subfamily A member 8Q, 110435, IDR_0, 1, 87, MAEETQHNKLAAAKKKLKEYWQKNRPRVPAGVNRNRKTNGSIPETATSGGCQPPGDSATGFHREGPTSSATLKDLESPCQERAVVLD, 67.0, 28.26, 1.23, IDR_1, 290, 303, QMAEPLPPEPPAVP, 31.8, 11.95, 1.44, IDR_2, 419, 452, LMALPGEGHGGEHLDSEGEEAPQPMPSVPEDLES, 42.45, 16.84, 1.25, IDR_3, 496, 632, LSEPGGRAKDAALGGGHHQAGAQGGDEGEAAGAAADGIAAYSNYNNGHRKFLAAAHNSADEPGPGAPAPQELGAADKHGDLREVTLTSSAQGEAREDPLLDKPTAQPIVQDHQEHPGLGSNCCVPLFCWAWLPRRRR, 76.98, 34.18, 1.13
129, P16989, YBOX3_HUMAN Y-box-binding protein 3, 109941, IDR_0, 1, 372, MSEAGEATTTTTTTLPQAPTEAAAAAPQDPAPKSPVGSGAPQAAAPAPAAHVAGNPGGDAAPAATGTAAAASLATAAGSEDAEKKVLATKVLGTVKWFNVRNGYGFINRNDTKEDVFVHQTAIKKNNPRKYLRSVGDGETVEFDVVEGEKGAEAANVTGPDGVPVEGSRYAADRRRYRRGYYGRRRGPPRNYAGEEEEEGSGSSEGFDPPATDRQFSGARNQLRRPQYRPQYRQRRFPPYHVGQTFDRRSRVLPHPNRIQAGEIGEMKDGVPEGAQLQGPVHRNPTYRPRYRSRGPPRPRPAPAVGEAEDKENQQATSGPNQPSVRRGYRRPYNYRRRPRPPNAPSQDGKEAKAGEAPTENPAPPTQQSSAE, 126.54, 53.41, 1.13
130, P51116, FXR2_HUMAN Fragile X mental retardation syndrome-related protein 2, 109680, IDR_0, 391, 673, GFRPPGSGRGSGGSDKAGYSTDESSSSSLHATRTYGGSYGGRGRGRRTGGPAYGPSSDVSTASETESEKREEPNRAGPGDRDPPTRGEESRRRPTGGRGRGPPPAPRPTSRYNSSSISSVLKDPDSNPYSLLDTSEPEPPVDSEPGEPPPASARRRRSRRRRTDEDRTVMDGGLESDGPNMTENGLEDESRPQRRNRSRRRRNRGNRTDGSISGDRQPVTVADYISRAESQSRQRPPLERTKPSEDSLSGQKGDSVSKLPKGPSENGELSAPLELGSMVNGVS, 118.65, 51.34, 1.21
131, Q9BTL3, RAMAC_HUMAN RNA guanine-N7 methyltransferase activating subunit, 108479, IDR_0, 1, 118, MTDTAEAVPKFEEMFASRFTENDKEYQEYLKRPPESPPIVEEWNSRAGGNQRNRGNRLQDNRQFRGRDNRWGWPSDNRSNQWHGRSWGNNYPQHRQEPYYPQQYGHYGYNQRPPYGYY, 47.49, 23.29, 0.75
132, Q13546, RIPK1_HUMAN Receptor-interacting serine/threonine-protein kinase 1, 107984, IDR_0, 324, 565, DCVAVPSSRSNSATEQPGSLHSSQGLGMGPVEESWFAPSLEHPQEENEPSLQSKLQDEANYHLYGSRMDRQTKQQPRQNVAYNREEERRRRVSHDPFAQQRPYENFQNTEGKGTAYSSAASHGNAVHQPSGLTSQPQVLYQNNGLYSSHGFGTRPLDPGTAGPRVWYRPIPSHMPSLHNIPVPETNYLGNTPTMPFSSLPPTDESIKYTIYNSTGIQIGAYNYMEIGGTSSSLLDSTNTNFK, 99.18, 41.7, 1.1
133, Q8N9T8, KRI1_HUMAN Protein KRI1 homolog, 107759, IDR_0, 1, 191, MPEPRGSSQLRVNAAFAARYNRYREREELQRLKDRYGDRDSSSDSSSESDSSDERVEFDPQQERDFYKTLSLLKKKDPRIYQKDATFYNRTASSSDSEEDPEALEKQKKVRPMYLKDYERKVILEKAGKYVDEENSDGETSNHRLQETSSQSYVEEQKQLKESFRAFVEDSEDEDGAGEGGSSLLQKRAKT, 92.72, 40.54, 1.15, IDR_1, 249, 495, YEEEEEEEEDEEEMEEEEGVHGPPVQLAVDDSSDEGELFLKKQEDFEQKYNFRFEEPDSASVKTYPRSIASSVRRKDERRKEKREETRERKKREKAKKQEELKQLKNLKRKEILAKLEKLRKVTGNEMLGLEEGDLEDDFDPAQHDQLMQKCFGDEYYGAVEEEKPQFEEEEGLEDDWNWDTWDGPEQEGDWSQQELHCEDPNFNMDADYDPSQPRKKKREAPLTGKKKRKSPFAAAVGQEKPVFEP, 95.48, 42.38, 1.04, IDR_2, 591, 703, CREEAETPAEATGKPQRDEAGPQRQLPALDGSLMGPESPPAQEEEAPVSPHKKPAPQKRRRAKKARLLGPTVMLGGCEFSRQRLQAFGLNPKRLHFRQLGRQRRKQQGPKNSS, 77.14, 32.96, 1.25
134, Q9Y3E1, HDGR3_HUMAN Hepatoma-derived growth factor-related protein 3, 106969, IDR_0, 103, 203, QQQSSSETEGEGGNTADASSEEEGDRVEEDGKGKRKNEKAGSKRKKSYTSKKSSKQSRKSPGDEDDKDCKEEENKSSSEGGDAGNDTRNTTSDLQKTSEGT, 67.6, 28.51, 1.16
135, O60231, DHX16_HUMAN Pre-mRNA-splicing factor ATP-dependent RNA helicase DHX16, 105548, IDR_0, 98, 167, RLLEDSEESSEETVSRAGSSLQKKRKKRKHLRKKREEEEEEEASEKGKKKTGGSKQQTEKPESEDEWERT, 53.03, 21.96, 1.09, IDR_1, 292, 393, LEATNRYHMPKETRGQPARAVDLVEEESGAPGEEQRRWEEARLGAASLKFGARDAASQEPKYQLVLEEEETIEFVRATQLQGDEEPSAPPTSTQAQQKESIQ, 71.21, 30.05, 1.21, IDR_2, 1024, 1041, PHAKKMPKKIGKTREELG, 28.63, 11.68, 1.16
136, P98175, RBM10_HUMAN RNA-binding protein 10, 104846, IDR_0, 1, 149, MEYERRGGRGDRTGRYGATDRSQDDGGENRSRDHDYRDMDYRSYPREYGSQEGKHDYDDSSEEQSAEDSYEASPGSETQRRRRRRHRHSPTGPPGFPRDGDYRDQDYRTEQGEEEEEEEDEEEEEKASNIVMLRMLPQAATEDDIRGQL, 72.11, 32.14, 1.02, IDR_1, 239, 315, PKSEAEQKLPLGTRLDQQTLPLGGRELSQGLLPLPQPYQAQGVLASQALSQGSEPSSENANDTIILRNLNPHSTMDS, 65.01, 26.82, 1.27, IDR_2, 376, 751, TINVEFAKGSKRDMASNEGSRISAASVASTAIAAAQWAISQASQGGEGTWATSEEPPVDYSYYQQDEGYGNSQGTESSLYAHGYLKGTKGPGITGTKGDPTGAGPEASLEPGADSVSMQAFSRAQPGAAPGIYQQSAEASSSQGTAANSQSYTIMSPAVLKSELQSPTHPSSALPPATSPTAQESYSQYPVPDVSTYQYDETSGYYYDPQTGLYYDPNSQYYYNAQSQQYLYWDGERRTYVPALEQSADGHKETGAPSKEGKEKKEKHKTKTAQQIAKDMERWARSLNKQKENFKNSFQPISSLRDDERRESATADAGYAILEKKGALAERQHTSMDLPKLASDDRPSPPRGLVAAYSGESDSEEEQERGGPEREE, 133.78, 55.87, 1.18, IDR_3, 824, 930, KYGIPEPPEPKRRKYGGISTASVDFEQPTRDGLGSDNIGSRMLQAMGWKEGSGLGRKKQGIVTPIEAQTRVRGSGLGARGSSYGVTSTESYKETLHKTMVTRFNEAQ, 72.93, 30.42, 1.22
137, Q96KR1, ZFR_HUMAN Zinc finger RNA-binding protein, 101586, IDR_0, 1, 573, MIPICPVVSFTYVPSRLGEDAKMATGNYFGFTHSGAAAAAAAAQYSQQPASGVAYSHPTTVASYTVHQAPVAAHTVTAAYAPAAATVAVARPAPVAVAAAATAAAYGGYPTAHTATDYGYTQRQQEAPPPPPPATTQNYQDSYSYVRSTAPAVAYDSKQYYQQPTATAAAVAAAAQPQPSVAETYYQTAPKAGYSQGATQYTQAQQTRQVTAIKPATPSPATTTFSIYPVSSTVQPVAAAATVVPSYTQSATYSTTAVTYSGTSYSGYEAAVYSAASSYYQQQQQQQKQAAAAAAAAAATAAWTGTTFTKKAPFQNKQLKPKQPPKPPQIHYCDVCKISCAGPQTYKEHLEGQKHKKKEAALKASQNTSSSNSSTRGTQNQLRCELCDVSCTGADAYAAHIRGAKHQKVVKLHTKLGKPIPSTEPNVVSQATSSTAVSASKPTASPSSIAANNCTVNTSSVATSSMKGLTTTGNSSLNSTSNTKVSAVPTNMAAKKTSTPKINFVGGNKLQSTGNKAEDIKGTECVKSTPVTSAVQIPEVKQDTVSEPVTPASLAALQSDVQPVGHDYVEEVR, 182.28, 76.17, 1.3, IDR_1, 678, 783, WDDRRRMPDGGYPHGPPGPLGLLGVRPGMPPQPQGPAPLRRPDSSDDRYVMTKHATIYPTEEELQAVQKIVSITERALKLVSDSLSEHEKNKNKEGDDKKEGGKDR, 76.17, 32.35, 1.27, IDR_2, 1036, 1074, PQMSQRFNIHNNRKRRRDSDGVDGFEAEGKKDKKDYDNF, 37.54, 16.06, 1.03
138, Q2Y0W8, S4A8_HUMAN Electroneutral sodium bicarbonate exchanger 1, 101052, IDR_0, 1, 115, MPAAGSNEPDGVLSYQRPDEEAVVDQGGTSTILNIHYEKEELEGHRTLYVGVRMPLGRQSHRHHRTHGQKHRRRGRGKGASQGEEGLEALAHDTPSQRVQFILGTEEDEEHVPHE, 67.51, 28.67, 1.09, IDR_1, 223, 302, QNEKKRNNLIPIVRSFAEVGKKQSDPHLMDKHGQTVSPQSVPTTNLEVKNGVNCEHSPVDLSKVDLHFMKKIPTGAEASN, 65.83, 27.47, 1.26, IDR_2, 399, 451, GEWDPSIRIEPPKNVPSQEKRKMPGVPNGNVCHIEQEPHGGHSGPELQRTGRL, 51.42, 21.67, 1.22, IDR_3, 1010, 1093, ESKKKKLDDAKKKAKEEEEAEKMLEIGGDKFPLESRKLLSSPGKNISCRCDPSEINISDEMPKTTVWKALSMNSGNAKEKSLFN, 67.82, 28.36, 1.27
139, Q9Y6M7, S4A7_HUMAN Sodium bicarbonate cotransporter 3, 101052, IDR_0, 1, 117, MERFRLEKKLPGPDEEAVVDLGKTSSTVNTKFEKEELESHRAVYIGVHVPFSKESRRRHRHRGHKHHHRRRKDKESDKEDGRESPSYDTPSQRVQFILGTEDDDEEHIPHDLFTEMD, 67.32, 29.44, 1.07, IDR_1, 218, 430, HQNEKRFTSRIPLVRSFADIGKKHSDPHLLERNGEGLSASRHSLRTGLSASNLSLRGESPLSLLLGHLLPSSRAGTPAGSRCTTPVPTPQNSPPSSPSISRLTSRSSQESQRQAPELLVSPASDDIPTVVIHPPEEDLEAALKGEEQKNEENVDLTPGILASPQSAPGNLDNSKSGEIKGNGSGGSRENSTVDFSKVDMNFMRKIPTGAEASN, 112.62, 48.61, 1.33, IDR_2, 528, 579, EWDPSIRIEPPKSVPSQEKRKIPVFHNGSTPTLGETPKEAAHHAGPELQRTG, 52.06, 21.6, 1.24, IDR_3, 1137, 1214, LMPESKKKKEDDKKKKEKEEAERMLQDDDDTVHLPFEGGSLLQIPVKALKYSPDKPVSVKISFEDEPRKKYVDAETSL, 65.41, 27.32, 1.27
140, P35658, NU214_HUMAN Nuclear pore complex protein Nup214, 100456, IDR_0, 415, 704, KTPERLSLEGERQPKSPGSTPTTPTSSQAPQKLDASAAAAPASLPPSSPAAPIATFSLLPAGGAPTVFSFGSSSLKSSATVTGEPPSYSSGSDSSKAAPGPGPSTFSFVPPSKASLAPTPAASPVAPSAASFSFGSSGFKPTLESTPVPSVSAPNIAMKPSFPPSTSAVKVNLSEKFTAAATSTPVSSSQSAPPMSPFSSASKPAASGPLSHPTPLSAPPSSVPLKSSVLPSPSGRSAQGSSSPVPSMVQKSPRITPPAAKPGSPQAKSLQPAVAEKQGHQWKDSDPVMA, 145.98, 61.45, 1.46, IDR_1, 897, 2090, SSAVPSQSSIHSFDSDLESLCNALLKTTIESHTKSLPKVPAKLSPMKQAQLRNFLAKRKTPPVRSTAPASLSRSAFLSQRYYEDLDEVSSTSSVSQSLESEDARTSCKDDEAVVQAPRHAPVVRTPSIQPSLLPHAAPFAKSHLVHGSSPGVMGTSVATSASKIIPQGADSTMLATKTVKHGAPSPSHPISAPQAAAAAALRRQMASQAPAVNTLTESTLKNVPQVVNVQELKNNPATPSTAMGSSVPYSTAKTPHPVLTPVAANQAKQGSLINSLKPSGPTPASGQLSSGDKASGTAKIETAVTSTPSASGQFSKPFSFSPSGTGFNFGIITPTPSSNFTAAQGATPSTKESSQPDAFSSGGGSKPSYEAIPESSPPSGITSASNTTPGEPAASSSRPVAPSGTALSTTSSKLETPPSKLGELLFPSSLAGETLGSFSGLRVGQADDSTKPTNKASSTSLTSTQPTKTSGVPSGFNFTAPPVLGKHTEPPVTSSATTTSVAPPAATSTSSTAVFGSLPVTSAGSSGVISFGGTSLSAGKTSFSFGSQQTNSTVPPSAPPPTTAATPLPTSFPTLSFGSLLSSATTPSLPMSAGRSTEEATSSALPEKPGDSEVSASAASLLEEQQSAQLPQAPPQTSDSVKKEPVLAQPAVSNSGTAASSTSLVALSAEATPATTGVPDARTEAVPPASSFSVPGQTAVTAAAISSAGPVAVETSSTPIASSTTSIVAPGPSAEAAAFGTVTSGSSVFAQPPAASSSSAFNQLTNNTATAPSATPVFGQVAASTAPSLFGQQTGSTASTAAATPQVSSSGFSSPAFGTTAPGVFGQTTFGQASVFGQSASSAASVFSFSQPGFSSVPAFGQPASSTPTSTSGSVFGAASSTSSSSSFSFGQSSPNTGGGLFGQSNAPAFGQSPGFGQGGSVFGGTSAATTTAATSGFSFCQASGFGSSNTGSVFGQAASTGGIVFGQQSSSSSGSVFGSGNTGRGGGFFSGLGGKPSQDAANKNPFSSASGGFGSTATSNTSNLFGNSGAKTFGGFASSSFGEQKPTGTFSSGGGSVASQGFGFSSPNKTGGFGAAPVFGSPPTFGGSPGFGGVPAFGSAPAFTSPLGSTGGKVFGEGTAAASAGGFGFGSSSNTTSFGTLASQNAPTFGSLSQQTSGFGTQSSGFSGFGSGTGGFSFGSNNSSVQGFGGWRS, 293.54, 128.78, 1.46
141, Q9BTA9, WAC_HUMAN WW domain-containing adapter protein with coiled-coil, 99170, IDR_0, 1, 358, MVMYARKQQRLSDGCHDRRGDSQPYQALKYSSKSHPSSGDHRHEKMRDAGDPSPPNKMLRRSDSPENKYSDSTGHSKAKNVHTHRVRERDGGTSYSPQENSHNHSALHSSNSHSSNPSNNPSKTSDAPYDSADDWSEHISSSGKKYYYNCRTEVSQWEKPKEWLEREQRQKEANKMAVNSFPKDRDYRREVMQATATSGFASGMEDKHSSDASSLLPQNILSQTSRHNDRDYRLPRAETHSSSTPVQHPIKPVVHPTATPSTVPSSPFTLQSDHQPKKSFDANGASTLSKLPTPTSSVPAQKTERKESTSGDKPVSHSCTTPSTSSASGLNPTSAPPTSASAVPVSPVPQSPIPPLLQ, 139.64, 58.74, 1.27, IDR_1, 424, 555, AQLSTQAQPSNQSPMSLTSDASSPRSYVSPRISTPQTNTVPIKPLISTPPVSSQPKVSTPVVKQGPVSQSATQQPVTADKQQGHEPVSPRSLQRSSSQRSPSPGPNHTSNSSNASNATVVPQNSSARSTCSL, 90.63, 38.21, 1.35
142, Q9C0C2, TB182_HUMAN 182 kDa tankyrase-1-binding protein, 98594, IDR_0, 1, 1729, MKVSTLRESSAMASPLPREMEEELVPTGSEPGDTRAKPPVKPKPRALPAKPALPAKPSLLVPVGPRPPRGPLAELPSARKMNMLAGPQPYGGSKRPLPFAPRPAVEASTGGEATQETGKEEAGKEEPPPLTPPARCAAPGGVRKAPAPFRPASERFAATTVEEILAKMEQPRKEVLASPDRLWGSRLTFNHDGSSRYGPRTYGTTTAPRDEDGSTLFRGWSQEGPVKSPAECREEHSKTPEERSLPSDLAFNGDLAKAASSELPADISKPWIPSSPAPSSENGGPASPGLPAEASGSGPGSPHLHPPDKSSPCHSQLLEAQTPEASQASPCPAVTPSAPSAALPDEGSRHTPSPGLPAEGAPEAPRPSSPPPEVLEPHSLDQPPATSPRPLIEVGELLDLTRTFPSGGEEEAKGDAHLRPTSLVQRRFSEGVLQSPSQDQEKLGGSLAALPQGQGSQLALDRPFGAESNWSLSQSFEWTFPTRPSGLGVWRLDSPPPSPITEASEAAEAAEAGNLAVSSREEGVSQQGQGAGSAPSGSGSSWVQGDDPSMSLTQKGDGESQPQFPAVPLEPLPTTEGTPGLPLQQAEERYESQEPLAGQESPLPLATREAALPILEPVLGQEQPAAPDQPCVLFADAPEPGQALPVEEEAVTLARAETTQARTEAQDLCRASPEPPGPESSSRWLDDLLASPPPSGGGARRGAGAELKDTQSPSTCSEGLLGWSQKDLQSEFGITGDPQPSSFSPSSWCQGASQDYGLGGASPRGDPGLGERDWTSKYGQGAGEGSTREWASRCGIGQEEMEASSSQDQSKVSAPGVLTAQDRVVGKPAQLGTQRSQEADVQDWEFRKRDSQGTYSSRDAELQDQEFGKRDSLGTYSSRDVSLGDWEFGKRDSLGAYASQDANEQGQDLGKRDHHGRYSSQDADEQDWEFQKRDVSLGTYGSRAAEPQEQEFGKSAWIRDYSSGGSSRTLDAQDRSFGTRPLSSGFSPEEAQQQDEEFEKKIPSVEDSLGEGSRDAGRPGERGSGGLFSPSTAHVPDGALGQRDQSSWQNSDASQEVGGHQERQQAGAQGPGSADLEDGEMGKRGWVGEFSLSVGPQREAAFSPGQQDWSRDFCIEASERSYQFGIIGNDRVSGAGFSPSSKMEGGHFVPPGKTTAGSVDWTDQLGLRNLEVSSCVGSGGSSEARESAVGQMGWSGGLSLRDMNLTGCLESGGSEEPGGIGVGEKDWTSDVNVKSKDLAEVGEGGGHSQARESGVGQTDWSGVEAGEFLKSRERGVGQADWTPDLGLRNMAPGAVCSPGESKELGVGQMDWGNNLGLRDLEVTCDPDSGGSQGLRGCGVGQMDWTQDLAPQNVELFGAPSEAREHGVGGVSQCPEPGLRHNGSLSPGLEARDPLEARELGVGETSGPETQGEDYSSSSLEPHPADPGMETGEALSFGASPGRCPARPPPSGSQGLLEEMLAASSSKAVARRESAASGLGGLLEEEGAGAGAAQEEVLEPGRDSPPSWRPQPDGEASQTEDVDGTWGSSAARWSDQGPAQTSRRPSQGPPARSPSQDFSFIEDTEILDSAMYRSRANLGRKRGHRAPVIRPGGTLGLSEAADSDAHLFQDSTEPRASRVPSSDEEVVEEPQSRRTRMSLGTKGLKVNLFPGLSPSALKAKLRPRNRSAEEGELAESKSSQKESAVQRSKSCKVPGLGKPLTLPPKPEKSSGSEGSSPNWLQALKLKKKKV, 328.5, 145.36, 1.36
143, Q92620, PRP16_HUMAN Pre-mRNA-splicing factor ATP-dependent RNA helicase PRP16, 98005, IDR_0, 1, 382, MGDTSEDASIHRLEGTDLDCQVGGLICKSKSAASEQHVFKAPAPRPSLLGLDLLASLKRREREEKDDGEDKKKSKVSSYKDWEESKDDQKDAEEEGGDQAGQNIRKDRHYRSARVETPSHPGGVSEEFWERSRQRERERREHGVYASSKEEKDWKKEKSRDRDYDRKRDRDERDRSRHSSRSERDGGSERSSRRNEPESPRHRPKDAATPSRSTWEEEDSGYGSSRRSQWESPSPTPSYRDSERSHRLSTRDRDRSVRGKYSDDTPLPTPSYKYNEWADDRRHLGSTPRLSRGRGRREEGEEGISFDTEEERQQWEDDQRQADRDWYMMDEGYDEFHNPLAYSSEDYVRRREQHLHKQKQKRISAQRRQINEDNERWETNRM, 121.89, 53.1, 1.07, IDR_1, 444, 518, ARKGSQTVRKHREQKERKKAQHKHWELAGTKLGDIMGVKKEEEPDKAVTEDGKVDYRTEQKFADHMKRKSEASSE, 59.49, 24.89, 1.18, IDR_2, 1185, 1227, ARRQEQEKRSPLGSVRSTKIYTPGRKEQGEPMTPRRTPARFGL, 47.75, 19.45, 1.25
144, Q9P2N5, RBM27_HUMAN RNA-binding protein 27, 96232, IDR_0, 83, 602, PVKPEPKPLVQEKEEIKEEVFQEPAEEERDGRKKKYPSPQKTRSESSERRTREKKREDGKWRDYDRYYERNELYREKYDWRRGRSKSRSKSRGLSRSRSRSRGRSKDRDPNRNVEHRERSKFKSERNDLESSYVPVSAPPPNSSEQYSSGAQSIPSTVTVIAPAHHSENTTESWSNYYNNHSSSNSFGRNLPPKRRCRDYDERGFCVLGDLCQFDHGNDPLVVDEVALPSMIPFPPPPPGLPPPPPPGMLMPPMPGPGPGPGPGPGPGPGPGPGPGHSMRLPVPQGHGQPPPSVVLPIPRPPITQSSLINSRDQPGTSAVPNLASVGTRLPPPLPQNLLYTVSERQPMYSREHGAAASERLQLGTPPPLLAARLVPPRNLMGSSIGYHTSVSSPTPLVPDTYEPDGYNPEAPSITSSGRSQYRQFFSRTQTQRPNLIGLTSGDMDVNPRAANIVIQTEPPVPVSINSNITRVVLEPDSRKRAMSGLEGPLTKKPWLGKQGNNNQNKPGFLRKNQYTNTKL, 163.12, 70.6, 1.23, IDR_1, 699, 808, SQQHHHLPQHLHQQQVLVAQSAPSTVHGGIQKMMSKPQTSGAYVLNKVPVKHRLGHAGGNQSDASHLLNQSGGAGEDCQIFSTPGHPKMIYSSSNLKTPSKLCSGSKSHD, 75.03, 31.64, 1.23, IDR_2, 881, 1060, KTSSAVSTPSKVKTKTEAQKELLDTELDLHKRLSSGEDTTELRKKLSQLQVEAARLGILPVGRGKTMSSQGRGRGRGRGGRGRGSLNHMVVDHRPKALTVGGFIEEEKEDLLQHFSTANQGPKFKDRRLQISWHKPKVPSISTETEEEEVKEEETETSDLFLPDDDDEDEDEYESRSWRR, 89.87, 39.15, 1.15
145, Q5T3I0, GPTC4_HUMAN G patch domain-containing protein 4, 95711, IDR_0, 116, 139, TSGGEKPNKDLESCSDDDNQGSKS, 32.31, 13.02, 1.14, IDR_1, 188, 446, QDPGAPQLQSESKPPKKKKKKRRQKEEEEATASERNDADEKHPEHAEQNIRKSKKKKRRHQEGKVSDEREGTTKGNEKEDAAGTSGLGELNSREQTNQSLRKGKKKKRWHHEEEKMGVLEEGGKGKEAAGSVRTEEVESRAYADPCSRRKKRQQQEEEDLNLEDRGEETVLGGGTREAESRACSDGRSRKSKKKRQQHQEEEDILDVRDEKDGGAREAESRAHTGSSSRGKRKRQQHPKKERAGVSTVQKAKKKQKKRD, 112.93, 47.61, 1.21
146, Q8N6T3, ARFG1_HUMAN ADP-ribosylation factor GTPase-activating protein 1, 95270, IDR_0, 124, 406, WSLESSPAQNWTPPQPRTLPSMVHRVSGQPQSVTASSDKAFEDWLNDDLGSYQGAQGNRYVGFGNTPPPQKKEDDFLNNAMSSLYSGWSSFTTGASRFASAAKEGATKFGSQASQKASELGHSLNENVLKPAQEKVKEGKIFDDVSSGVSQLASKVQGVGSKGWRDVTTFFSGKAEGPLDSPSEGHSYQNSGLDHFQNSNIDQSFWETFGSAEPTKTRKSPSSDSWTCADTSTERRSSDSWEVWGSASTNRNSNSDGGEGGEGTKKAVPPAVPTDDGWDNQNW, 103.04, 46.28, 1.05
147, Q8WUQ7, CATIN_HUMAN Cactin, 95198, IDR_0, 1, 202, MGRDTRSRSRSAGRRGRRRQSQSGSRSRSRSHGRRNRRRREDEGRRRRRRRSRERRSDSEEERWQRSGMRSRSPPRPKWHSRDGSSQSDSGEEQSRGQWARRRRRARSWSPSSSASSSASPGRSQSPRAAAAALSQQQSLQERLRLREERKQQEELMKAFETPEEKRARRLAKKEAKERKKREKMGWGEEYMGYTNTDNPFG, 95.29, 39.64, 1.15, IDR_1, 382, 402, ASGKGPGERREGVNASVSSDV, 29.31, 11.86, 1.1, IDR_2, 472, 603, QGVESEPLFPILKQEPQSPSRSLEPEDAAPTPPGPSSEGGPAEAEVDGATPTEGDGDGDGEGEGEGEAVLMEEDLIQQSLDDYDAGRYSPRLLTAHELPLDAHVLEPDEDLQRLQLSRQQLQVTGDASESAE, 94.51, 39.26, 1.41
148, O14646, CHD1_HUMAN Chromodomain-helicase-DNA-binding protein 1, 94759, IDR_0, 1, 264, MNGHSDEESVRNSSGESSQSDDDSGSASGSGSGSSSGSSSDGSSSQSGSSDSDSGSESGSQSESESDTSRENKVQAKPPKVDGAEFWKSSPSILAVQRSAILKKQQQQQQQQQHQASSNSGSEEDSSSSEDSDDSSSEVKRKKHKDEDWQMSGSGSPSQSGSDSESEEEREKSSCDETESDYEPKNKVKSRKPQNRSKSKNGKKILGQKKRQIDSSEEDDDEEDYDNDKRSSRRQATVNVSYKEDEEMKTDSDDLLEVCGEDVP, 116.99, 49.08, 1.24, IDR_1, 946, 1120, TVLHTGSAPSSSTPFNKEELSAILKFGAEELFKEPEGEEQEPQEMDIDEILKRAETHENEPGPLTVGDELLSQFKVANFSNMDEDDIELEPERNSKNWEEIIPEDQRRRLEEEERQKELEEIYMLPRMRNCAKQISFNGSEGRRSRSRRYSGSDSDSISEGKRPKKRGRPRTIPR, 89.21, 39.3, 1.16, IDR_2, 1321, 1412, EALSGAGSSKRRKARAKKNKAMKSIKVKEEIKSDSSPLPSEKSDEDDDKLSESKSDGRERSKKSSVSDAPVHITASGEPVPISEESEELDQK, 69.61, 28.93, 1.24, IDR_3, 1505, 1710, QESQQNSDQNSNLNPHVIRNPDVERLKENTNHDDSSRDSYSSDRHLTQYHDHHKDRHQGDSYKKSDSRKRPYSSFSNGKDHRDWDHYKQDSRYYSDREKHRKLDDHRSRDHRSNLEGSLKDRSHSDHRSHSDHRLHSDHRSSSEYTHHKSSRDYRYHSDWQMDHRASSSGPRSPLDQRSPYGSRSPFEHSVEHKSTPEHTWSSRKT, 86.18, 37.04, 1.03
149, Q9Y520, PRC2C_HUMAN Protein PRRC2C, 94083, IDR_0, 1, 2896, MSEKSGQSTKAKDGKKYATLSLFNTYKGKSLETQKTTARHGLQSLGKVGISRRMPPPANLPSLKAENKGNDPNVNIVPKDGTGWASKQEQHEEEKTPEVPPAQPKPGVAAPPEVAPAPKSWASNKQGGQGDGIQVNSQFQQEFPSLQAAGDQEKKEKETNDDNYGPGPSLRPPNVACWRDGGKAAGSPSSSDQDEKLPGQDESTAGTSEQNDILKVVEKRIACGPPQAKLNGQQAALASQYRAMMPPYMFQQYPRMTYPPLHGPMRFPPSLSETNKGLRGRGPPPSWASEPERPSILSASELKELDKFDNLDAEADEGWAGAQMEVDYTEQLNFSDDDEQGSNSPKENNSEDQGSKASENNENKKETDEVSNTKSSSQIPAQPSVAKVPYGKGPSFNQERGTSSHLPPPPKLLAQQHPPPDRQAVPGRPGPFPSKQQVADEDEIWKQRRRQQSEISAAVERARKRREEEERRMEEQRKAACAEKLKRLDEKLGILEKQPSPEEIREREREKEREREKELEKEQEQEREKEREKDRERQQEKEKELEKEQEKQREMEKERKQEKEKELERQKEKEKELQKMKEQEKECELEKEREKLEEKIEPREPNLEPMVEKQESENSCNKEEEPVFTRQDSNRSEKEATPVVHETEPESGSQPRPAVLSGYFKQFQKSLPPRFQRQQEQMKQQQWQQQQQQGVLPQTVPSQPSSSTVPPPPHRPLYQPMQPHPQHLASMGFDPRWLMMQSYMDPRMMSGRPAMDIPPIHPGMIPPKPLMRRDQMEGSPNSSESFEHIARSARDHAISLSEPRMLWGSDPYPHAEPQQATTPKATEEPEDVRSEAALDQEQITAAYSVEHNQLEAHPKADFIRESSEAQVQKFLSRSVEDVRPHHTDANNQSACFEAPDQKTLSAPQEERISAVESQPSRKRSVSHGSNHTQKPDEQRSEPSAGIPKVTSRCIDSKEPIERPEEKPKKEGFIRSSEGPKPEKVYKSKSETRWGPRPSSNRREEVNDRPVRRSGPIKKPVLRDMKEEREQRKEKEGEKAEKVTEKVVVKPEKTEKKDLPPPPPPPQPPAPIQPQSVPPPIQPEAEKFPSTETATLAQKPSQDTEKPLEPVSTVQVEPAVKTVNQQTMAAPVVKEEKQPEKVISKDLVIERPRPDSRPAVKKESTLPPRTYWKEARERDWFPDQGYRGRGRGEYYSRGRSYRGSYGGRGRGGRGHTRDYPQYRDNKPRAEHIPSGPLRQREESETRSESSDFEVVPKRRRQRGSETDTDSEIHESASDKDSLSKGKLPKREERPENKKPVKPHSSFKPDNHVRIDNRLLEKPYVRDDDKAKPGFLPKGEPTRRGRGGTFRRGGRDPGGRPSRPSTLRRPAYRDNQWNPRQSEVPKPEDGEPPRRHEQFIPIAADKRPPKFERKFDPARERPRRQRPTRPPRQDKPPRFRRLREREAASKSNEVVAVPTNGTVNNVAQEPVNTLGDISGNKTPDLSNQNSSDQANEEWETASESSDFNERRERDEKKNADLNAQTVVKVGENVLPPKREIAKRSFSSQRPVDRQNRRGNNGPPKSGRNFSGPRNERRSGPPSKSGKRGPFDDQPAGTTGVDLINGSSAHHQEGVPNGTGQKNSKDSTGKKREDPKPGPKKPKEKVDALSQFDLNNYASVVIIDDHPEVTVIEDPQSNLNDDGFTEVVSKKQQKRLQDEERRKKEEQVIQVWNKKNANEKGRSQTSKLPPRFAKKQATGIQQAQSSASVPPLASAPLPPSTSASVPASTSAPLPATLTPVPASTSAPVPASTLAPVLASTSAPVPASPLAPVSASASVSASVPASTSAAAITSSSAPASAPAPTPILASVSTPASVTILASASIPILASALASTSAPTPAPAASSPAAPVITAPTIPASAPTASVPLAPASASAPAPAPTPVSAPNPAPPAPAQTQAQTHKPVQNPLQTTSQSSKQPPPSIRLPSAQTPNGTDYVASGKSIQTPQSHGTLTAELWDNKVAPPAVLNDISKKLGPISPPQPPSVSAWNKPLTSFGSAPSSEGAKNGQESGLEIGTDTIQFGAPASNGNENEVVPVLSEKSADKIPEPKEQRQKQPRAGPIKAQKLPDLSPVENKEHKPGPIGKERSLKNRKVKDAQQVEPEGQEKPSPATVRSTDPVTTKETKAVSEMSTEIGTMISVSSAEYGTNAKESVTDYTTPSSSLPNTVATNNTKMEDTLVNNVPLPNTLPLPKRETIQQSSSLTSVPPTTFSLTFKMESARKAWENSPNVREKGSPVTSTAPPIATGVSSSASGPSTANYNSFSSASMPQIPVASVTPTASLSGAGTYTTSSLSTKSTTTSDPPNICKVKPQQLQTSSLPSASHFSQLSCMPSLIAQQQQNPQVYVSQSAAAQIPAFYMDTSHLFNTQHARLAPPSLAQQQGFQPGLSQPTSVQQIPIPIYAPLQGQHQAQLSLGAGPAVSQAQELFSSSLQPYRSQPAFMQSSLSQPSVVLSGTAIHNFPTVQHQELAKAQSGLAFQQTSNTQPIPILYEHQLGQASGLGGSQLIDTHLLQARANLTQASNLYSGQVQQPGQTNFYNTAQSPSALQQVTVPLPASQLSLPNFGSTGQPLIALPQTLQPPLQHTTPQAQAQSLSRPAQVSQPFRGLIPAGTQHSMIATTGKMSEMELKAFGSGIDIKPGTPPIAGRSTTPTSSPFRATSTSPNSQSSKMNSIVYQKQFQSAPATVRMTQPFPTQFAPQILSQPNLVPPLVRAPHTNTFPAPVQRPPMALASQMPPPLTTGLMSHARLPHVARGPCGSLSGVRGNQAQAALKAEQDMKAKQRAEVLQSTQRFFSEQQQSKQIGGGKAQKVDSDSSKPPETLTDPPGVCQEKVEEKPPPAPSIATKPVRTGPIKPQAIKTEETKS, 412.91, 190.31, 1.32
150, O00165, HAX1_HUMAN HCLS1-associated protein X-1, 93854, IDR_0, 1, 279, MSLFDLFRGFFGFPGPRSHRDPFFGGMTRDEDDDEEEEEEGGSWGRGNPRFHSPQHPPEEFGFGFSFSPGGGIRFHDNFGFDDLVRDFNSIFSDMGAWTLPSHPPELPGPESETPGERLREGQTLRDSMLKYPDSHQPRIFGGVLESDARSESPQPAPDWGSQRPFHRFDDVWPMDPHPRTREDNDLDSQVSQEGLGPVLQPQPKSYFKSISVTKITKPDGIVEERRTVVDSEGRTETTVTRHEADSSPRGDPESPRPPALDDAFSILDLFLGRWFRSR, 102.45, 47.7, 1.06
151, Q6Y7W6, GGYF2_HUMAN GRB10-interacting GYF protein 2, 93157, IDR_0, 1, 487, MAAETQTLNFGPEWLRALSSGGSITSPPLSPALPKYKLADYRYGREEMLALFLKDNKIPSDLLDKEFLPILQEEPLPPLALVPFTEEEQRNFSMSVNSAAVLRLTGRGGGGTVVGAPRGRSSSRGRGRGRGECGFYQRSFDEVEGVFGRGGGREMHRSQSWEERGDRRFEKPGRKDVGRPNFEEGGPTSVGRKHEFIRSESENWRIFREEQNGEDEDGGWRLAGSRRDGERWRPHSPDGPRSAGWREHMERRRRFEFDFRDRDDERGYRRVRSGSGSIDDDRDSLPEWCLEDAEEEMGTFDSSGAFLSLKKVQKEPIPEEQEMDFRPVDEGEECSDSEGSHNEEAKEPDKTNKKEGEKTDRVGVEASEETPQTSSSSARPGTPSDHQSQEASQFERKDEPKTEQTEKAEEETRMENSLPAKVPSRGDEMVADVQQPLSQIPSDTASPLLILPPPVPNPSPTLRPVETPVVGAPGMGSVSTEPDDEEG, 161.71, 66.06, 1.26, IDR_1, 674, 1115, NIIPSVTRSVSVPDTGSIWELQPTASQPTVWEGGSVWDLPLDTTTPGPALEQLQQLEKAKAAKLEQERREAEMRAKREEEERKRQEELRRQQEEILRRQQEEERKRREEEELARRKQEEALRRQREQEIALRRQREEEERQQQEEALRRLEERRREEEERRKQEELLRKQEEEAAKWAREEEEAQRRLEENRLRMEEEAARLRHEEEERKRKELEVQRQKELMRQRQQQQEALRRLQQQQQQQQLAQMKLPSSSTWGQQSNTTACQSQATLSLAEIQKLEEERERQLREEQRRQQRELMKALQQQQQQQQQKLSGWGNVSKPSGTTKSLLEIQQEEARQMQKQQQQQQQHQQPNRARNNTHSNLHTSIGNSVWGSINTGPPNQWASDLVSSIWSNADTKNSNMGFWDDAVKEVGPRNSTNKNKNNASLSKSVGVSNRQNKKV, 128.66, 58.04, 1.05, IDR_2, 1202, 1299, QQRQQQQLPQQQQQQPPQQPPQQPQQQDSVWGMNHSTLHSVFQTNQSNNQQSNFEAVQSGKKKKKQKMVRADPSLLGFSVNASSERLNMGEIETLDDY, 63.93, 27.91, 1.11
152, Q9Y232, CDYL_HUMAN Chromodomain Y-like protein, 91008, IDR_0, 1, 322, MTFQASHRSAWGKSRKKNWQYEGPTQKLFLKRNNVSAPDGPSDPSISVSSEQSGAQQPPALQVERIVDKRKNKKGKTEYLVRWKGYDSEDDTWEPEQHLVNCEEYIHDFNRRHTEKQKESTLTRTNRTSPNNARKQISRSTNSNFSKTSPKALVIGKDHESKNSQLFAASQKFRKNTAPSLSSRKNMDLAKSGIKILVPKSPVKSRTAVDGFQSESPEKLDPVEQGQEDTVAPEVAAEKPVGALLGPGAERARMGSRPRIHPLVPQVPGPVTAAMATGLAVNGKGTSPFMDALTANGTTNIQTSVTGVTASKRKFIDDRRDQ, 132.15, 57.51, 1.26
153, Q1ED39, KNOP1_HUMAN Lysine-rich nucleolar protein 1, 89543, IDR_0, 1, 458, MITKTHKVDLGLPEKKKKKKVVKEPETRYSVLNNDDYFADVSPLRATSPSKSVAHGQAPEMPLVKKKKKKKKGVSTLCEEHVEPETTLPARRTEKSPSLRKQVFGHLEFLSGEKKNKKSPLAMSHASGVKTSPDPRQGEEETRVGKKLKKHKKEKKGAQDPTAFSVQDPWFCEAREARDVGDTCSVGKKDEEQAALGQKRKRKSPREHNGKVKKKKKIHQEGDALPGHSKPSRSMESSPRKGSKKKPVKVEAPEYIPISDDPKASAKKKMKSKKKVEQPVIEEPALKRKKKKKRKESGVAGDPWKEETDTDLEVVLEKKGNMDEAHIDQVRRKALQEEIDRESGKTEASETRKWTGTQFGQWDTAGFENEDQKLKFLRLMGGFKNLSPSFSRPASTIARPNMALGKKAADSLQQNLQRDYDRAMSWKYSRGAGLGFSTAPNKIFYIDRNASKSVKLED, 168.56, 72.18, 1.35
154, Q6Y2X3, DJC14_HUMAN DnaJ homolog subfamily C member 14, 84569, IDR_0, 1, 236, MAQKHPGERGLYGAHHSGGASLRTLGPSVDPEIPSFSGLRDSAGTAPNGTRCLTEHSGPKHTQHPNPAHWLDPSHGPPGGPGPPRDAEDPDQSETSSEEESGVDQELSKENETGNQKDGNSFLSIPSACNCQGTPGIPEGPYSEGGNGSSSNFCHHCTSPALGEDELEEEYDDEESLKFPSDFSRVSSGKKPPSRRQRHRFPTKEDTREGGRRDPRSPGRHRLGRKRSQADKRKGL, 106.7, 45.58, 1.2, IDR_1, 623, 702, SRIPGTRGRQRATPDAPPADLQDFLSRIFQVPPGQMPNGNFFAAPQPAPGAAAASKPNSTVPKGEAKPKRRKKVRRPFQR, 65.39, 27.78, 1.25
155, Q9C0C9, UBE2O_HUMAN (E3-independent) E2 ubiquitin-conjugating enzyme, 84194, IDR_0, 1, 116, MADPAAPTPAAPAPAQAPAPAPEAVPAPAAAPVPAPAPASDSASGPSSDSGPEAGSQRLLFSHDLVSGRYRGSVHFGLVRLIHGEDSDSEGEEEGRGSSGCSEAGGAGHEEGRASP, 79.89, 33.2, 1.27, IDR_1, 400, 540, CSPDTQCSRDHSMEDPDKKGESKTKSEAESASPEETPDGSASPVEMQDEGAEEPHEAGEQLPPFLLKEGRDDRLHSAEQDADDEAADDTDDTSSVTSSASSTTSSQSGSGTSRKKSIPLSIKNLKRKHKRKKNKITRDFKP, 81.1, 35.06, 1.17, IDR_2, 664, 902, NTEDGAPHKEDEPSVGQVARVDVSSKVEVVWADNSKTIILPQHLYNIESEIEESDYDSVEGSTSGASSDEWEDDSDSWETDNGLVEDEHPKIEEPPIPPLEQPVAPEDKGVVISEEAATAAVQGAVAMAAPMAGLMEKAGKDGPPKSFRELKEAIKILESLKNMTVEQLLTGSPTSPTVEPEKPTREKKFLDDIKKLQENLKKTLDNVAIVEEEKMEAVPDVERKEDKPEGQSPVKAEW, 129.02, 54.98, 1.43, IDR_3, 1158, 1254, LPNGVPKASSSPEPPAVAELSDSGQQEPEDGGPAPGEASQGSDSEGGAQGLASASRDHTDQTSETAPDASVPPSVKPKKRRKSYRSFLPEKSGYPDI, 72.5, 30.54, 1.26
156, Q8IX01, SUGP2_HUMAN SURP and G-patch domain-containing protein 2, 83715, IDR_0, 1, 294, MAARRITQETFDAVLQEKAKRYHMDASGEAVSETLQFKAQDLLRAVPRSRAEMYDDVHSDGRYSLSGSVAHSRDAGREGLRSDVFPGPSFRSSNPSISDDSYFRKECGRDLEFSHSDSRDQVIGHRKLGHFRSQDWKFALRGSWEQDFGHPVSQESSWSQEYSFGPSAVLGDFGSSRLIEKECLEKESRDYDVDHPGEADSVLRGGSQVQARGRALNIVDQEGSLLGKGETQGLLTAKGGVGKLVTLRNVSTKKIPTVNRITPKTQGTNQIQKNTPSPDVTLGTNPGTEDIQFP, 120.21, 50.41, 1.21, IDR_1, 543, 583, QVKKAEPEPMREEEKMIPPTKPEIQAKAPSSLSDAVPQRAD, 48.31, 19.79, 1.29, IDR_2, 682, 1082, LLRAQGLRGWKARRATTGTQTLLSSGTRLKHHGRQAPGLSQAKPSLPDRNDAAKDCPPDPVGPSPQDPSLEASGPSPKPAGVDISEAPQTSSPCPSADIDMKTMETAEKLARFVAQVGPEIEQFSIENSTDNPDLWFLHDQNSSAFKFYRKKVFELCPSICFTSSPHNLHTGGGDTTGSQESPVDLMEGEAEFEDEPPPREAELESPEVMPEEEDEDDEDGGEEAPAPGGAGKSEGSTPADGLPGEAAEDDLAGAPALSQASSGTCFPRKRISSKSLKVGMIPAPKRVCLIQEPKVHEPVRIAYDRPRGRPMSKKKKPKDLDFAQQKLTDKNLGFQMLQKMGWKEGHGLGSLGKGIREPVSVGTPSEGEGLGADGQEHKEDTFDVFRQRMMQMYRHKRANK, 145.53, 64.08, 1.25
157, P46934, NEDD4_HUMAN E3 ubiquitin-protein ligase NEDD4, 81697, IDR_0, 1, 899, MAQSLRLHFAARRSNTYPLSETSGDDLDSHVHMCFKRPTRISTSNVVQMKLTPRQTALAPLIKENVQSQERSSVPSSENVNKKSSCLQISLQPTRYSGYLQSSNVLADSDDASFTCILKDGIYSSAVVDNELNAVNDGHLVSSPAICSGSLSNFSTSDNGSYSSNGSDFGSCASITSGGSYTNSVISDSSSYTFPPSDDTFLGGNLPSDSTSNRSVPNRNTTPCEIFSRSTSTDPFVQDDLEHGLEIMKLPVSRNTKIPLKRYSSLVIFPRSPSTTRPTSPTSLCTLLSKGSYQTSHQFIISPSEIAHNEDGTSAKGFLSTAVNGLRLSKTICTPGEVRDIRPLHRKGSLQKKIVLSNNTPRQTVCEKSSEGYSCVSVHFTQRKAATLDCETTNGDCKPEMSEIKLNSDSEYIKLMHRTSACLPSSQNVDCQININGELERPHSQMNKNHGILRRSISLGGAYPNISCLSSLKHNCSKGGPSQLLIKFASGNEGKVDNLSRDSNRDCTNELSNSCKTRDDFLGQVDVPLYPLPTENPRLERPYTFKDFVLHPRSHKSRVKGYLRLKMTYLPKTSGSEDDNAEQAEELEPGWVVLDQPDAACHLQQQQEPSPLPPGWEERQDILGRTYYVNHESRRTQWKRPTPQDNLTDAENGNIQLQAQRAFTTRRQISEETESVDNRESSENWEIIREDEATMYSNQAFPSPPPSSNLDVPTHLAEELNARLTIFGNSAVSQPASSSNHSSRRGSLQAYTFEEQPTLPVLLPTSSGLPPGWEEKQDERGRSYYVDHNSRTTTWTKPTVQATVETSQLTSSQSSAGPQSQASTSDSGQQVTQPSEIEQGFLPKGWEVRHAPNGRPFFIDHNTKTTTWEDPRLKIPAHLRGKTSLDTSNDLGPLPPGWE, 216.66, 93.92, 1.24
158, Q9NWZ8, GEMI8_HUMAN Gem-associated protein 8, 80199, IDR_0, 1, 131, MAAVKASTSKATRPWYSHPVYARYWQHYHQAMAWMQSHHNAYRKAVESCFNLPWYLPSALLPQSSYDNEAAYPQSFYDHHVAWQDYPCSSSHFRRSGQHPRYSSRIQASTKEDQALSKEEEMETESDAEVE, 58.68, 24.38, 0.88, IDR_1, 175, 195, DHDLYCNTRRSVEAPTERPGE, 30.43, 12.15, 1.14
159, Q6UN15, FIP1_HUMAN Pre-mRNA 3'-end-processing factor FIP1, 78547, IDR_0, 1, 113, MSAGEVERLVSELSGGTGGDEEEEWLYGGPWDVHVHSDLAKDLDENEVERPEEENASANPPSGIEDETAENGVPKPKVTETEDDSDSDSDDDEDDVHVTIGDIKTGAPQYGSY, 82.87, 35.79, 1.34, IDR_1, 236, 594, VQQGRTGNSEKETALPSTKAEFTSPPSLFKTGLPPSRNSTSSQSQTSTASRKANSSVGKWQDRYGRAESPDLRRLPGAIDVIGQTITISRVEGRRRANENSNIQVLSERSATEVDNNFSKPPPFFPPGAPPTHLPPPPFLPPPPTVSTAPPLIPPPGFPPPPGAPPPSLIPTIESGHSSGYDSRSARAFPYGNVAFPHLPGSAPSWPSLVDTSKQWDYYARREKDRDRERDRDRERDRDRDRERERTRERERERDHSPTPSVFNSDEERYRYREYAERGYERHRASREKEERHRERRHREKEETRHKSSRSNSRRRHESEEGDSHRRHKHKKSKRSKEGKEAGSEPAPEQESTEATPAE, 125.52, 53.63, 1.14
160, Q9Y580, RBM7_HUMAN RNA-binding protein 7, 76362, IDR_0, 84, 266, FRSGSSHAPQDVSLSYPQHHVGNSSPTSTSPSRYERTMDNMTSSAQIIQRSFSSPENFQRQAVMNSALRQMSYGGKFGSSPLDQSGFSPSVQSHSHSFNQSSSSQWRQGTPSSQRKVRMNSYPYLADRHYSREQRYTDHGSDHHYRGKRDDFFYEDRNHDDWSHDYDNRRDSSRDGKWRSSRH, 69.51, 33.02, 0.88
161, Q86W56, PARG_HUMAN Poly(ADP-ribose) glycohydrolase, 76298, IDR_0, 1, 451, MNAGPGCEPCTKRPRWGAATTSPAASDARSFPSRQRRVLDPKDAHVQFRVPPSSPACVPGRAGQHRGSATSLVFKQKTITSWMDTKGIKTAESESLDSKENNNTRIESMMSSVQKDNFYQHNVEKLENVSQLSLDKSPTEKSTQYLNQHQTAAMCKWQNEGKHTEQLLESEPQTVTLVPEQFSNANIDRSPQNDDHSDTDSEENRDNQQFLTTVKLANAKQTTEDEQAREAKSHQKCSKSCDPGEDCASCQQDEIDVVPESPLSDVGSEDVGTGPKNDNKLTRQESCLGNSPPFEKESEPESPMDVDNSKNSCQDSEADEETSPGFDEQEDGSSSQTANKPSRFQARDADIEFRKRYSTKGGEVRLHFQFEGGESRTGMNDLNAKLPGNISSLNVECRNSKQHGKKDSKITDHFMRLPKAEDRRKEQWETKHQRTERKIPKYVPPHLSPDK, 153.48, 66.37, 1.24
162, Q13443, ADAM9_HUMAN Disintegrin and metalloproteinase domain-containing protein 9, 75405, IDR_0, 1, 37, MGSGARFPSGTLRVRWLLLLGLVGPVLGAARPGFQQT, 40.69, 17.07, 1.15, IDR_1, 176, 197, GVSNKDIEKETAKDEEEEPPSM, 32.74, 12.81, 1.2, IDR_2, 676, 819, KGYGGSVDSGPTYNEMNTALRDGLLVFFFLIVPLIVCAIFIFIKRDQLWRSYFRKKRSQTYESDGKNQANPSRQPGSVPRHVSPVTPPREVPIYANRFAVPTYAAKQPQQFPSRPPPPQPKVSSQGNLIPARPAPAPPLYSSLT, 84.56, 35.83, 1.21
163, Q8IY37, DHX37_HUMAN Probable ATP-dependent RNA helicase DHX37, 74910, IDR_0, 1, 244, MGKLRRRYNIKGRQQAGPGPSKGPPEPPPVQLELEDKDTLKGVDASNALVLPGKKKKKTKAPPLSKKEKKPLTKKEKKVLQKILEQKEKKSQRAEMLQKLSEVQASEAEMRLFYTTSKLGTGNRMYHTKEKADEVVAPGQEKISSLSGAHRKRRRWPSAEEEEEEEEESESELEEESELDEDPAAEPAEAGVGTTVAPLPPAPAPSSQPVPAGMTVPPPPAAAPPLPRALAKPAVFIPVNRSPE, 120.33, 49.89, 1.32, IDR_1, 494, 589, PPSRARPQEKDDDQKDSVEEMRKFKKSRARAKKARAEVLPQINLDHYSVLPAGEGDEDREAEVDEEEGALDSDLDLDLGDGGQDGGEQPDASLPLH, 66.76, 28.91, 1.17
164, Q15532, SSXT_HUMAN Protein SSXT, 70046, IDR_0, 1, 13, MSVAFAAPRQRGK, 22.69, 9.01, 1.07, IDR_1, 69, 418, QNMQSLLPAPPTQNMPMGPGGMNQSGPPPPPRSHNMPSDGMVGGGPPAPHMQNQMNGQMPGPNHMPMQGPGPNQLNMTNSSMNMPSSSHGSMGGYNHSVPSSQSMPVQNQMTMSQGQPMGNYGPRPNMSMQPNQGPMMHQQPPSQQYNMPQGGGQHYQGQQPPMGMMGQVNQGNHMMGQRQIPPYRPPQQGPPQQYSGQEDYYGDQYSHGGQGPPEGMNQQYYPDGHNDYGYQQPSYPEQGYDRPYEDSSQHYYEGGNSQYGQQQDAYQGPPPQQGYPPQQQQYPGQQGYPGQQQGYGPSQGGPGPQYPNYPQGQGQQYGGYRPTQPGPPQPPQQRPYGYDQGQYGNYQQ, 101.23, 42.84, 0.93
165, Q14134, TRI29_HUMAN Tripartite motif-containing protein 29, 69025, IDR_0, 1, 171, MEAADASRSNGSSPEARDARSPSGPSGSLENGTKADGKDAKTTNGHGGEAAEGKSLGSALKPGEGRSALFAGNEWRRPIIQFVESGDDKNSNYFSMDSMEGKRSPYAGLQLGAAKKPPVTFAEKGELRKSIFSESRKPTVSIMEPGETRRNSYPRADTGLFSRSKSGSEEV, 95.03, 39.63, 1.25, IDR_1, 438, 588, ERNHMENGGDHRYVNNYTNSFGGEWSAPDTMKRYSMYLTPKGGVRTSYQPSSPGRFTKETTQKNFNNLYGTKGNYTSRVWEYSSSIQNSDNDLPVVQGSSSFSLKGYPSLMRSQSPKAQPQTWKSGKQTMLSHYRPFYVNKGNGIGSNEAP, 74.44, 32.81, 1.04
166, Q99959, PKP2_HUMAN Plakophilin-2, 68202, IDR_0, 1, 349, MAAPGAPAEYGYIRTVLGQQILGQLDSSSLALPSEAKLKLAGSSGRGGQTVKSLRIQEQVQQTLARKGRSSVGNGNLHRTSSVPEYVYNLHLVENDFVGGRSPVPKTYDMLKAGTTATYEGRWGRGTAQYSSQKSVEERSLRHPLRRLEISPDSSPERAHYTHSDYQYSQRSQAGHTLHHQESRRAALLVPPRYARSEIVGVSRAGTTSRQRHFDTYHRQYQHGSVSDTVFDSIPANPALLTYPRPGTSRSMGNLLEKENYLTAGLTVGQVRPLVPLQPVTQNRASRSSWHQSSFHSTRTLREAGPSVAVDSSGRRAHLTVGQAAAGGSGNLLTERSTFTDSQLGNADM, 124.76, 53.08, 1.15, IDR_1, 462, 501, TVNLRSRNGWPGAVAHACNPSTLGGQGGRITRSGVRDQPD, 41.99, 17.6, 1.14, IDR_2, 633, 736, QNRNIQTDNNKSIGCFGSRSRKVKEQYQDVPMPEEKSNPKGVEWLWHSIVIRMYLSLIAKSVRNYTQEASLGALQNLTAGSGPMPTSVAQTVVQKESGLQHTRK, 69.75, 29.5, 1.18
167, Q9UH99, SUN2_HUMAN SUN domain-containing protein 2, 66935, IDR_0, 1, 167, MSRRSQRLTRYSQGDDDGSSSSGGSSVAGSQSTLFKDSPLRTLKRKSSNMKRLSPAPQLGPSSDAHTSYYSESLVHESWFPPRSSLEELHGDANWGEDLRVRRRRGTGGSESSRASGLVGRKATEDFLGSSSGYSSEDDYVGYSDVDQQSSSSRLRSAVSRAGSLLW, 81.61, 36.14, 1.09, IDR_1, 254, 269, SRRPDEGWEARDSSPH, 25.58, 9.63, 1.1, IDR_2, 312, 325, QGAPGQGGGGGLSH, 21.53, 8.82, 1.0
168, Q8IXT5, RB12B_HUMAN RNA-binding protein 12B, 65877, IDR_0, 84, 149, EMKRTDRVGRGRPGSGTSGVDSLSNFIESVKEEASNSGYGSSINQDAGFHTNGTGHGNLRPRKTRP, 53.87, 22.53, 1.15, IDR_1, 245, 282, DVLRRSEEHSPPRGINDRHFRKRSHSKSPRRTRSRSPL, 44.84, 18.14, 1.25, IDR_2, 379, 394, ERDRPGHVSQKYSQEG, 25.14, 10.02, 1.09, IDR_3, 491, 908, SSEKMQARSQSRERGDHSHLFDSKDPPIYSVGAFENFRHQLEDLRQLDNFKHPQRDFRQPDRHPPEDFRHSSEDFRFPPEDFRHSPEDFRRPREEDFRRPSEEDFRRPWEEDFRRPPEDDFRHPREEDWRRPLEEDWRRPLEEDFRRSPTEDFRQLPEEDFRQPPEEDLRWLPEEDFRRPPEEDWRRPPEEDFRRPLQGEWRRPPEDDFRRPPEEDFRHSPEEDFRQSPQEHFRRPPQEHFRRPPPEHFRRPPPEHFRRPPPEHFRRPPPEHFRRPPPEHFRRPPPEHFRRPPQEHFRRPPQEHFRRSREEDFRHPPDEDFRGPPDEDFRHPPDEDFRSPQEEDFRCPSDEDFRQLPEEDLREAPEEDPRLPDNFRPPGEDFRSPPDDFRSHRPFVNFGRPEGGKFDFGKHNMGSFPE, 82.7, 50.57, 0.69
169, Q92733, PRCC_HUMAN Proline-rich protein PRCC, 65008, IDR_0, 1, 453, MSLVAYASSDESEPDEAEPEPEEEEAVAPTSGPALGGLFASLPAPKGPALLPPPPQMLAPAFPPPLLLPPPTGDPRLQPPPPLPFGLGGFPPPPGVSPAEAAGVGEGLGLGLPSPRGPGLNLPPPIGGAGPPLGLPKPKKRKEPVKIAAPELHKGDSDSEEDEPTKKKTILQGSSEGTGLSALLPQPKNLTVKETNRLLLPHAFSRKPSDGSPDTKPSRLASKTKTSSLAPVVGTTTTTPSPSAIKAAAKSAALQVTKQITQEEDDSDEEVAPENFFSLPEKAEPPGVEPYPYPIPTVPEELPPGTEPEPAFQDDAANAPLEFKMAAGSSGAPWMPKPGDDYSYNQFSTYGDANAAGAYYQDYYSGGYYPAQDPALVPPQEIAPDASFIDDEAFKRLQGKRNRGREEINFVEIKGDDQLSGAQQWMTKSLTEEKTMKSFSKKKGEQPTGQQRR, 166.92, 72.9, 1.34
170, Q96PU5, NED4L_HUMAN E3 ubiquitin-protein ligase NEDD4-like, 64785, IDR_0, 151, 504, AYMPKNGGQDEENSDQRDDMEHGWEVVDSNDSASQHQEELPPPPLPPGWEEKVDNLGRTYYVNHNNRTTQWHRPSLMDVSSESDNNIRQINQEAAHRRFRSRRHISEDLEPEPSEGGDVPEPWETISEEVNIAGDSLGLALPPPPASPGSRTSPQELSEELSRRLQITPDSNGEQFSSLIQREPSSRLRSCSVTDAVAEQGHLPPPSAPAGRARSSTVTGGEEPTPSVAYVHTTPGLPSGWEERKDAKGRTYYVNHNNRTTTWTRPIMQLAEDGASGSATNSNNHLIEPQIRRPRSLSSPTVTLSAPLEGAKDSPVRRAVKDTLSNPQSPQPSPYNSPKPQHKVTQSFLPPGWE, 127.1, 56.0, 1.16
171, P49750, YLPM1_HUMAN YLP motif-containing protein 1, 64505, IDR_0, 1, 375, MYPNWGRYGGSSHYPPPPVPPPPPVALPEASPGPGYSSSTTPAAPSSSGFMSFREQHLAQLQQLQQMHQKQMQCVLQPHHLPPPPLPPPPVMPGGGYGDWQPPPPPMPPPPGPALSYQKQQQYKHQMLHHQRDGPPGLVPMELESPPESPPVPPGSYMPPSQSYMPPPQPPPSYYPPTSSQPYLPPAQPSPSQSPPSQSYLAPTPSYSSSSSSSQSYLSHSQSYLPSSQASPSRPSQGHSKSQLLAPPPPSAPPGNKTTVQQEPLESGAKNKSTEQQQAAPEPDPSTMTPQEQQQYWYRQHLLSLQQRTKVHLPGHKKGPVVAKDTPEPVKEEVTVPATSQVPESPSSEEPPLPPPNEEVPPPLPPEEPQSEDPE, 129.74, 56.8, 1.15, IDR_1, 511, 1830, MGNMSMPPPFVPYSQMPPPLPTMPPPVLPPSLPPPVMPPALPATVPPPGMPPPVMPPSLPTSVPPPGMPPSLSSAGPPPVLPPPSLSSAGPPPVLPPPSLSSTAPPPVMPLPPLSSATPPPGIPPPGVPQGIPPQLTAAPVPPASSSQSSQVPEKPRPALLPTPVSFGSAPPTTYHPPLQSAGPSEQVNSKAPLSKSALPYSSFSSDQGLGESSAAPSQPITAVKDMPVRSGGLLPDPPRSSYLESPRGPRFDGPRRFEDLGSRCEGPRPKGPRFEGNRPDGPRPRYEGHPAEGTKSKWGMIPRGPASQFYITPSTSLSPRQSGPQWKGPKPAFGQQHQQQPKSQAEPLSGNKEPLADTSSNQQKNFKMQSAAFSIAADVKDVKAAQSNENLSDSQQEPPKSEVSEGPVEPSNWDQNVQSMETQIDKAQAVTQPVPLANKPVPAQSTFPSKTGGMEGGTAVATSSLTADNDFKPVGIGLPHSENNQDKGLPRPDNRDNRLEGNRGNSSSYRGPGQSRMEDTRDKGLVNRGRGQAISRGPGLVKQEDFRDKMMGRREDSREKMNRGEGSRDRGLVRPGSSREKVPGGLQGSQDRGAAGSRERGPPRRAGSQERGPLRRAGSRERIPPRRAGSRERGPPRGPGSRERGLGRSDFGRDRGPFRPEPGDGGEKMYPYHRDEPPRAPWNHGEERGHEEFPLDGRNAPMERERLDDWDRERYWRECERDYQDDTLELYNREDRFSAPPSRSHDGDRRGPWWDDWERDQDMDEDYNREMERDMDRDVDRISRPMDMYDRSLDNEWDRDYGRPLDEQESQFRERDIPSLPPLPPLPPLPPLDRYRDDRWREERNREHGYDRDFRDRGELRIREYPERGDTWREKRDYVPDRMDWERERLSDRWYPSDVDRHSPMAEHMPSSHHSSEMMGSDASLDSDQGLGGVMVLSQRQHEIILKAAQELKMLREQKEQLQKMKDFGSEPQMADHLPPQESRLQNTSSRPGMYPPPGSYRPPPPMGKPPGSIVRPSAPPARSSVPVTRPPVPIPPPPPPPPLPPPPPVIKPQTSAVEQERWDEDSFYGLWDTNDEQGLNSEFKSETAAIPSAPVLPPPPVHSSIPPPGPVPMGMPPMSKPPPVQQTVDYGHGRDISTNKVEQIPYGERITLRPDPLPERSTFETEHAGQRDRYDRERDREPYFDRQSNVIADHRDFKRDRETHRDRDRDRGVIDYDRDRFDRERRPRDDRAQSYRDKKDHSSSRRGGFDRPSYDRKSDRPVYEGPSMFGGERRTYPEERMPLPAPSLSHQPPPAPRVEKKPESKNVDDILKPPGRES, 235.62, 103.44, 1.11, IDR_2, 2018, 2097, ANIEEQKEEKKDAEEEESELGYIPKSKWEMDTSEAKLDKLDGLRTGTKRKRDWEAIASRMEDYLQLPDDYDTRASEPGKK, 63.46, 25.78, 1.22
172, Q96E29, MTEF3_HUMAN Transcription termination factor 3; mitochondrial, 63348, IDR_0, 1, 125, MALSAQQIPRWFNSVKLRSLINAAQLTKRFTRPARTLLHGFSAQPQISSDNCFLQWGFKTYRTSSLWNSSQSTSSSSQENNSAQSSLLPSMNEQSQKTQNISSFDSELFLEELDELPPLSPMQPI, 72.09, 30.46, 1.11
173, O94875, SRBS2_HUMAN Sorbin and SH3 domain-containing protein 2, 62945, IDR_0, 1, 868, MSYYQRPFSPSAYSLPASLNSSIVMQHGTSLDSTDTYPQHAQSLDGTTSSSIPLYRSSEEEKRVTVIKAPHYPGIGPVDESGIPTAIRTTVDRPKDWYKTMFKQIHMVHKPDDDTDMYNTPYTYNAGLYNPPYSAQSHPAAKTQTYRPLSKSHSDNSPNAFKDASSPVPPPHVPPPVPPLRPRDRSSTEKHDWDPPDRKVDTRKFRSEPRSIFEYEPGKSSILQHERPASLYQSSIDRSLERPMSSASMASDFRKRRKSEPAVGPPRGLGDQSASRTSPGRVDLPGSSTTLTKSFTSSSPSSPSRAKGGDDSKICPSLCSYSGLNGNPSSELDYCSTYRQHLDVPRDSPRAISFKNGWQMARQNAEIWSSTEETVSPKIKSRSCDDLLNDDCDSFPDPKVKSESMGSLLCEEDSKESCPMAWGSPYVPEVRSNGRSRIRHRSARNAPGFLKMYKKMHRINRKDLMNSEVICSVKSRILQYESEQQHKDLLRAWSQCSTEEVPRDMVPTRISEFEKLIQKSKSMPNLGDDMLSPVTLEPPQNGLCPKRRFSIEYLLEEENQSGPPARGRRGCQSNALVPIHIEVTSDEQPRAHVEFSDSDQDGVVSDHSDYIHLEGSSFCSESDFDHFSFTSSESFYGSSHHHHHHHHHHHRHLISSCKGRCPASYTRFTTMLKHERARHENTEEPRRQEMDPGLSKLAFLVSPVPFRRKKNSAPKKQTEKAKCKASVFEALDSALKDICDQIKAEKKRGSLPDNSILHRLISELLPDVPERNSSLRALRRSPLHQPLHPLPPDGAIHCPPYQNDCGRMPRSASFQDVDTANSSCHHQDRGGALQDRESPRSYSSTLTDMGRSAPRERRGTPEKEKLPA, 200.14, 86.12, 1.17, IDR_1, 922, 937, PPEKAQPARPPPPAQP, 34.5, 12.64, 1.46, IDR_2, 1004, 1058, AEDYPDPPIPHSYSSDRIHSLSSNKPQRPVFTHENIQGGGEPFQALYNYTPRNED, 50.15, 20.97, 1.16
174, Q2T9J0, TYSD1_HUMAN Peroxisomal leader peptide-processing protease, 62795, IDR_0, 1, 211, MRRQWGSAMRAAEQAGCMVSASRAGQPEAGPWSCSGVILSRSPGLVLCHGGIFVPFLRAGSEVLTAAGAVFLPGDSCRDDLRLHVQWAPTAAGPGGGAERGRPGLCTPQCASLEPGPPAPSRGRPLQPRLPAELLLLLSCPAFWAHFARLFGDEAAEQWRFSSAARDDEVSEDEEADQLRALGWFALLGVRLGQEEVEEERGPAMAVSPLG, 99.75, 43.13, 1.18
175, Q9BTC0, DIDO1_HUMAN Death-inducer obliterator 1, 62574, IDR_0, 1, 261, MDDKGDPSNEEAPKAIKPTSKEFRKTWGFRRTTIAKREGAGDAEADPLEPPPPQQQLGLSLRRSGRQPKRTERVEQFLTIARRRGRRSMPVSLEDSGEPTSCPATDAETASEGSVESASETRSGPQSASTAVKERPASSEKVKGGDDHDDTSDSDSDGLTLKELQNRLRRKREQEPTERPLKGIQSRLRKKRREEGPAETVGSEASDTVEGVLPSKQEPENDQGVVSQAGKDDRESKLEGKAAQDIKDEEPGDLGRPKPEC, 121.98, 51.57, 1.3, IDR_1, 324, 387, VQDETHSETADQQEAKWRPGDADGTDCTSIGTIEQKSSEDQGIKGRIEKAANPSGKKKLKIFQP, 56.54, 23.23, 1.21, IDR_2, 428, 669, FLSSGKEQKPKPKEKMKMKPEKPSLPKCGAQAGIKISSVHKRPAPEKKETTVKKAVVVPARSEALGKEAACESSTPSWASDHNYNAVKPEKTAAPSPSLLYKSTKEDRRSEEKAAAMAASKKTAPPGSAVGKQPAPRNLVPKKSSFANVAAATPAIKKPPSGFKGTIPKRPWLSATPSSGASAARQAGPAPAAATAASKKFPGSAALVGAVRKPVVPSVPMASPAPGRLGAMSAAPSQPNSQ, 133.31, 55.17, 1.46, IDR_3, 769, 1045, TWKERPARSVMESRTKLHNESKKTAPRQEAIPDLEDSPPVSDSEEQQESARAVPEKSTAPLLDVFSSMLKDTTSQHRAHLFDLNCKICTGQVPSAEDEPAPKKQKLSASVKKEDLKSKHDSSAPDPAPDSADEVMPEAVPEVASEPGLESASHPNVDRTYFPGPPGDGHPEPSPLEDLSPCPASCGSGVVTTVTVSGRDPRTAPSSSCTAVASAASRPDSTHMVEARQDVPKPVLTSVMVPKSILAKPSSSPDPRYLSVPPSPNISTSESRSPPEGD, 135.92, 57.56, 1.4, IDR_4, 1202, 2240, PANSGELDKMDEKRTRLQPEEADVPAYPKVATVPQSEKKPSKYPLCSADAAVSTTPPGSPPPPPPLPEPPVLKVLSSLKPAAPSPATAATTAAAASTAASSTASSASKTASPLEHILQTLFGKKKSFDPSAREPPGSTAGLPQEPKTTAEDGVPAPPLLDPIVQQFGQFSKDKALEEEEDDRPYDPEEEYDPERAFDTQLVERGRRHEVERAPEAAAAEREEVAYDPEDETILEEAKVTVDDLPNRMCADVRRNSVERPAEPVAGAATPSLVEQQKMLEELNKQIEEQKRQLEEQEEALRQQRAAVGVSMAHFSVSDALMSPPPKSSLPKAELFQQEQQSADKPASLPPASQASNHRDPRQARRLATETGEGEGEPLSRLSARGAQGALPERDASRGGLVGQAPMPVPEEKEPASSPWASGEKPPAGSEQDGWKAEPGEGTRPATVGDSSARPARRVLLPTPPCGALQPGFPLQHDGERDPFTCPGFASQDKALGSAQYEDPRNLHSAGRSSSPAGETEGDREPQARPGEGTAPLPPPGQKVGGSQPPFQGQREPGPHALGMSGLHGPNFPGPRGPAPPFPEENIASNDGPRGPPPARFGAQKGPIPSLFSGQHGPPPYGDSRGPSPSYLGGPRGVAPSQFEERKDPHGEKREFQDAPYNEVTGAPAQFEGTEQAPFLGSRGGAPFQFGGQRRPLLSQLKGPRGGPPPSQFGGQRGPPPGHFVGPRGPHPSQFETARGPHPNQFEGPRGQAPNFMPGPRGIQPQQFEDQRVHSPPRFTNQRAPAPLQFGGLRGSAPFSEKNEQTPSRFHFQGQAPQVMKPGPRPLLELPSHPPQHRKDRWEEAGPPSALSSSAPGQGPEADGQWASADFREGKGHEYRNQTFEGRQRERFDVGPKEKPLEEPDAQGRASEDRRRERERGRNWSRERDWDRPREWDRHRDKDSSRDWDRNRERSANRDREREADRGKEWDRSRERSRNRERERDRRRDRDRSRSRERDRDKARDRERGRDRKDRSKSKESARDPKPEASRASDAGTASQA, 232.33, 99.71, 1.24
176, Q96T23, RSF1_HUMAN Remodeling and spacing factor 1, 62335, IDR_0, 1, 15, MATAAAAAAVMAPPG, 26.12, 10.21, 1.13, IDR_1, 215, 893, KNSSQQDNSSRESPSLEDEETKKEEETPKQEEQKESEKMKSEEQPMDLENRSTANVLEETTVKKEKEDEKELVKLPVIVKLEKPLPENEEKKIIKEESDSFKENVKPIKVEVKECRADPKDTKSSMEKPVAQEPERIEFGGNIKSSHEITEKSTEETEKLKNDQQAKIPLKKREIKLSDDFDSPVKGPLCKSVTPTKEFLKDEIKQEEETCKRISTITALGHEGKQLVNGEVSDERVAPNFKTEPIETKFYETKEESYSPSKDRNIITEGNGTESLNSVITSMKTGELEKETAPLRKDADSSISVLEIHSQKAQIEEPDPPEMETSLDSSEMAKDLSSKTALSSTESCTMKGEEKSPKTKKDKRPPILECLEKLEKSKKTFLDKDAQRLSPIPEEVPKSTLESEKPGSPEAAETSPPSNIIDHCEKLASEKEVVECQSTSTVGGQSVKKVDLETLKEDSEFTKVEMDNLDNAQTSGIEEPSETKGSMQKSKFKYKLVPEEETTASENTEITSERQKEGIKLTIRISSRKKKPDSPPKVLEPENKQEKTEKEEEKTNVGRTLRRSPRISRPTAKVAEIRDQKADKKRGEGEDEVEEESTALQKTDKKEILKKSEKDTNSKVSKVKPKGKVRWTGSRTRGRWKYSSNDESEGSGSEKSSAASEEEEEKESEEAILADDDEP, 228.19, 97.82, 1.5, IDR_2, 983, 1441, PPQEPDFSEDQEEKKKDSKKSKANLLERRSTRTRKCISYRFDEFDEAIDEAIEDDIKEADGGGVGRGKDISTITGHRGKDISTILDEERKENKRPQRAAAARRKKRRRLNDLDSDSNLDEEESEDEFKISDGSQDEFVVSDENPDESEEDPPSNDDSDTDFCSRRLRRHPSRPMRQSRRLRRKTPKKKYSDDDEEEESEENSRDSESDFSDDFSDDFVETRRRRSRRNQKRQINYKEDSESDGSQKSLRRGKEIRRVHKRRLSSSESEESYLSKNSEDDELAKESKRSVRKRGRSTDEYSEADEEEEEEEGKPSRKRLHRIETDEEESCDNAHGDANQPARDSQPRVLPSEQESTKKPYRIESDEEEDFENVGKVGSPLDYSLVDLPSTNGQSPGKAIENLIGKPTEKSQTPKDNSTASASLASNGTSGGQEAGAPEEEEDELLRVTDLVDYVCNSEQL, 143.82, 56.24, 1.15
177, Q9H2P0, ADNP_HUMAN Activity-dependent neuroprotector homeobox protein, 62224, IDR_0, 1, 16, MFQLPVNNLGSLRKAR, 26.56, 10.37, 1.14, IDR_1, 130, 157, APNASAPSSSLSTFKDKNKNDGLKPKQA, 37.28, 14.64, 1.2, IDR_2, 203, 216, KSLNGAVPLGSNAR, 23.59, 9.45, 1.08, IDR_3, 262, 444, VPRSKPLMLIAPKPQDKKSMGLPPRIGSLASGNVRSLPSQQMVNRLSIPKPNLNSTGVNMMSSVHLQQNNYGVKSVGQGYSVGQSMRLGLGGNAPVSIPQQSQSVKQLLPSGNGRSYGLGSEQRSQAPARYSLQSANASSLSSGQLKSPSLSQSQASRVLGQSSSKPAAAATGPPPGNTSSTQ, 105.35, 43.41, 1.34, IDR_4, 578, 616, SVAYHAQNNPPVPPKPQPKVQEKADIPVKSSPQAAVPYK, 48.03, 19.63, 1.31, IDR_5, 690, 764, VGKTQNGQDKTNAPSRLNQSPSLAPVKRTYEQMEFPLLKKRKLDDDSDSPSFFEEKPEEPVVLALDPKGHEDDSY, 63.61, 26.26, 1.26, IDR_6, 846, 1102, FENHDEKDSRVNASKTADKKLNLGKEDDSSSDSFENLEEESNESGSPFDPVFEVEPKISNDNPEEHVLKVIPEDASESEEKLDQKEDGSKYETIHLTEEPTKLMHNASDSEVDQDDVVEWKDGASPSESGPGSQQVSDFEDNTCEMKPGTWSDESSQSEDARSSKPAAKKKATMQGDREQLKWKNSSYGKVEGFWSKDQSQWKNASENDERLSNPQIEWQNSTIDSEDGEQFDNMTDGVAEPMHGSLAGVKLSSQQA, 122.3, 52.13, 1.31
178, Q8NCA5, FA98A_HUMAN Protein FAM98A, 62026, IDR_0, 300, 518, GRVPDRGGRPNEIEPPPPEMPPWQKRQDGPQQQTGGRGGGRGGYEHSSYGGRGGHEQGGGRGGRGGYDHGGRGGGRGNKHQGGWTDGGSGGGGGYQDGGYRDSGFQPGGYHGGHSSGGYQGGGYGGFQTSSSYTGSGYQGGGYQQDNRYQDGGHHGDRGGGRGGRGGRGGRGGRAGQGGGWGGRGSQNYHQGGQFEQHFQHGGYQYNHSGFGQGRHYTS, 63.58, 29.07, 0.75
179, Q92804, RBP56_HUMAN TATA-binding protein-associated factor 2N, 61809, IDR_0, 1, 240, MSDSGSYGQSGGEQQSYSTYGNPGSQGYGQASQSYSGYGQTTDSSYGQNYSGYSSYGQSQSGYSQSYGGYENQKQSSYSQQPYNNQGQQQNMESSGSQGGRAPSYDQPDYGQQDSYDQQSGYDQHQGSYDEQSNYDQQHDSYSQNQQSYHSQRENYSHHTQDDRRDVSRYGEDNRGYGGSQGGGRGRGGYDKDGRGPMTGSSGGDRGGFKNFGGHRDYGPRTDADSESDNSDNNTIFVQG, 71.61, 31.66, 0.8, IDR_1, 323, 592, EFMRGGGSGGGRRGRGGYRGRGGFQGRGGDPKSGDWVCPNPSCGNMNFARRNSCNQCNEPRPEDSRPSGGDFRGRGYGGERGYRGRGGRGGDRGGYGGDRSGGGYGGDRSSGGGYSGDRSGGGYGGDRSGGGYGGDRGGGYGGDRGGGYGGDRGGGYGGDRGGYGGDRGGGYGGDRGGYGGDRGGYGGDRGGYGGDRGGYGGDRSRGGYGGDRGGGSGYGGDRSGGYGGDRSGGGYGGDRGGGYGGDRGGYGGKMGGRNDYRNDQRNRPY, 81.09, 36.55, 0.86
180, Q9H6S0, YTDC2_HUMAN 3'-5' RNA helicase YTHDC2, 61804, IDR_0, 1, 36, MSRPSSVSPRQPAPGGGGGGGPSPCGPGGGGRAKGL, 43.29, 17.14, 1.25, IDR_1, 142, 187, TELLPKTERGNVFAVEAENREMSKTSGRLNNGIPQIPVKRGESEFD, 46.93, 19.33, 1.19, IDR_2, 1069, 1100, LASNALQEPSSFRVDGIPNDSSDSEMEDKTTA, 39.3, 15.79, 1.19, IDR_3, 1162, 1362, TEEQSAGLQQPSGIGQRPRPMSSEELPLASSWRSNNSRKSSADTEFSDECTTAERVLMKSPSPALHPPQKYKDRGILHPKRGTEDRSDQSSLKSTDSSSYPSPCASPSPPSSGKGSKSPSPRPNMPVRYFIMKSSNLRNLEISQQKGIWSTTPSNERKLNRAFWESSIVYLVFSVQGSGHFQGFSRMSSEIGREKSQDWGS, 99.73, 43.89, 1.21
181, Q6ZUT1, NKAP1_HUMAN Uncharacterized protein NKAPD1, 60683, IDR_0, 50, 68, KMLPSSSSRMRSDGFDEES, 26.71, 10.85, 1.05, IDR_1, 108, 292, WGHSGYKELYPEEFETDSDQQDITNGKKTSPQVKSSTHESRKHKKSKKSHKKKQKKRSHKKQKKSKKEATDITADSSSEFSEETGASGTRKGKQPHKRKKKSRKKSLKKPALFLEAESNTSHSDDSASSSSEESEERDTKKTKRKKREKKAHTSVANNEIQERTNKRTNWKVATDERSAESSEDD, 90.67, 41.32, 1.15
182, Q92784, DPF3_HUMAN Zinc finger protein DPF3, 60343, IDR_0, 107, 256, KKDGFTSESTTLEALLRGEGVEKKVDAREEESIQEIQRVLENDENVEEGNEEEDLEEDIPKRKNRTRGRARGSAGGRRRHDAASQEDHDKPYVCDICGKRYKNRPGLSYHYAHTHLASEEGDEAQDQETRSPPNHRNENHRPQKGPDGTV, 80.18, 32.79, 1.13
183, O15504, NUP42_HUMAN Nucleoporin NUP42, 59212, IDR_0, 1, 110, MAICQFFLQGRCRFGDRCWNEHPGARGAGGGRQQPQQQPSGNNRRGWNTTSQRYSNVIQPSSFSKSTPWGGSRDQEKPYFSSFDSGASTNRKEGFGLSENPFASLSPDEQ, 60.93, 27.11, 1.0, IDR_1, 205, 423, SDVKDGVNQAAPAFGFGSSQAATFMSPGFPVNNSSSDNAQNFSFKTNSGFAAASSGSPAGFGSSPAFGAAASTSSGISTSAPAFGFGKPEVTSAASFSFKSPAASSFGSPGFSGLPASLATGPVRAPVAPAFGGGSSVAGFGSPGSHSHTAFSKPSSDTFGNSSISTSLSASSSIIATDNVLFTPRDKLTVEELEQFQSKKFTLGKIPLKPPPLELLNV, 108.86, 46.33, 1.26
184, Q8IVT2, MISP_HUMAN Mitotic interactor and substrate of PLK1, 56895, IDR_0, 1, 679, MDRVTRYPILGIPQAHRGTGLVLDGDTSYTYHLVCMGPEASGWGQDEPQTWPTDHRAQQGVQRQGVSYSVHAYTGQPSPRGLHSENREDEGWQVYRLGARDAHQGRPTWALRPEDGEDKEMKTYRLDAGDADPRRLCDLERERWAVIQGQAVRKSSTVATLQGTPDHGDPRTPGPPRSTPLEENVVDREQIDFLAARQQFLSLEQANKGAPHSSPARGTPAGTTPGASQAPKAFNKPHLANGHVVPIKPQVKGVVREENKVRAVPTWASVQVVDDPGSLASVESPGTPKETPIEREIRLAQEREADLREQRGLRQATDHQELVEIPTRPLLTKLSLITAPRRERGRPSLYVQRDIVQETQREEDHRREGLHVGRASTPDWVSEGPQPGLRRALSSDSILSPAPDARAADPAPEVRKVNRIPPDAYQPYLSPGTPQLEFSAFGAFGKPSSLSTAEAKAATSPKATMSPRHLSESSGKPLSTKQEASKPPRGCPQANRGVVRWEYFRLRPLRFRAPDEPQQAQVPHVWGWEVAGAPALRLQKSQSSDLLERERESVLRREQEVAEERRNALFPEVFSPTPDENSDQNSRSSSQASGITGSYSVSESPFFSPIHLHSNVAWTVEDPVDSAPPGQRKKEQWYAGINPSDGINSEVLEAIRVTRHKNAMAERWESRIYASEEDD, 182.37, 82.12, 1.2
185, P09884, DPOLA_HUMAN DNA polymerase alpha catalytic subunit, 56102, IDR_0, 1, 322, MAPVHGDDSLSDSGSFVSSRARREKKSKKGRQEALERLKKAKAGEKYKYEVEDFTGVYEEVDEEQYSKLVQARQDDDWIVDDDGIGYVEDGREIFDDDLEDDALDADEKGKDGKARNKDKRNVKKLAVTKPNNIKSMFIACAGKKTADKAVDLSKDGLLGDILQDLNTETPQITPPPVMILKKKRSIGASPNPFSVHTATAVPSGKIASPVSRKEPPLTPVPLKRAEFAGDDVQVESTEEEQESGAMEFEDGDFDEPMEVEEVDLEPMAAKAWDKESEPAEEVKQEADSGKGTVSYLGSFLPDVSCWDIDQEGDSSFSVQEV, 136.5, 58.52, 1.3, IDR_1, 669, 681, NMPKLGGRSGFGE, 21.9, 8.6, 1.05, IDR_2, 812, 835, PQQKLGDEDEEIDGDTNKYKKGRK, 27.55, 12.14, 0.97
186, Q99933, BAG1_HUMAN BAG family molecular chaperone regulator 1, 55882, IDR_0, 1, 167, MAQRGGARRPRGDRERLGSRLRALRPGREPRQSEPPAQRGPPPSGRPPARSTASGHDRPTRGAAAGARRPRMKKKTRRRSTRSEELTRSEELTLSEEATWSEEATQSEEATQGEEMNRSQEVTRDEESTRSEEVTREEMAAAGLTVTVTHSNEKHDLHVTSQQGSSE, 90.08, 38.49, 1.2
187, Q6KC79, NIPBL_HUMAN Nipped-B-like protein, 54918, IDR_0, 1, 1199, MNGDMPHVPITTLAGIASLTDLLNQLPLPSPLPATTTKSLLFNARIAEEVNCLLACRDDNLVSQLVHSLNQVSTDHIELKDNLGSDDPEGDIPVLLQAVLARSPNVFREKSMQNRYVQSGMMMSQYKLSQNSMHSSPASSNYQQTTISHSPSSRFVPPQTSSGNRFMPQQNSPVPSPYAPQSPAGYMPYSHPSSYTTHPQMQQASVSSPIVAGGLRNIHDNKVSGPLSGNSANHHADNPRHGSSEDYLHMVHRLSSDDGDSSTMRNAASFPLRSPQPVCSPAGSEGTPKGSRPPLILQSQSLPCSSPRDVPPDILLDSPERKQKKQKKMKLGKDEKEQSEKAAMYDIISSPSKDSTKLTLRLSRVRSSDMDQQEDMISGVENSNVSENDIPFNVQYPGQTSKTPITPQDINRPLNAAQCLSQQEQTAFLPANQVPVLQQNTSVAAKQPQTSVVQNQQQISQQGPIYDEVELDALAEIERIERESAIERERFSKEVQDKDKPLKKRKQDSYPQEAGGATGGNRPASQETGSTGNGSRPALMVSIDLHQAGRVDSQASITQDSDSIKKPEEIKQCNDAPVSVLQEDIVGSLKSTPENHPETPKKKSDPELSKSEMKQSESRLAESKPNENRLVETKSSENKLETKVETQTEELKQNESRTTECKQNESTIVEPKQNENRLSDTKPNDNKQNNGRSETTKSRPETPKQKGESRPETPKQKSDGHPETPKQKGDGRPETPKQKGESRPETPKQKNEGRPETPKHRHDNRRDSGKPSTEKKPEVSKHKQDTKSDSPRLKSERAEALKQRPDGRSVSESLRRDHDNKQKSDDRGESERHRGDQSRVRRPETLRSSSRNEHGIKSDSSKTDKLERKHRHESGDSRERPSSGEQKSRPDSPRVKQGDSNKSRSDKLGFKSPTSKDDKRTEGNKSKVDTNKAHPDNKAEFPSYLLGGRSGALKNFVIPKIKRDKDGNVTQETKKMEMKGEPKDKVEKIGLVEDLNKGAKPVVVLQKLSLDDVQKLIKDREDKSRSSLKPIKNKPSKSNKGSIDQSVLKELPPELLAEIESTMPLCERVKMNKRKRSTVNEKPKYAEISSDEDNDSDEAFESSRKRHKKDDDKAWEYEERDRRSSGDHRRSGHSHEGRRSSGGGRYRNRSPSDSDMEDYSPPPSLSEVARKMKKKEKQKKRKAYEPKLTPEEMMDSSTF, 291.72, 123.07, 1.45, IDR_1, 1505, 1523, PSSEKDSNAEEDSNKKIDQ, 28.18, 11.34, 1.11, IDR_2, 1690, 1712, KAMKSQKDEESSEGTHHAKEIET, 31.75, 12.26, 1.14, IDR_3, 2470, 2529, ESMVKDKRKERKSSPSKENESSDSEEEVSRPRKSRKRVDSDSDSDSEDDINSVMKCLPEN, 53.37, 22.49, 1.18, IDR_4, 2629, 2701, DPDEEEEEGEVSASTNARNKAITSLLGGGSPKNNTAAETEDDESDGEDRGGGTSGSLRRSKRNSDSTELAAQM, 59.23, 24.16, 1.19
188, Q9UBB9, TFP11_HUMAN Tuftelin-interacting protein 11, 54324, IDR_0, 1, 314, MSLSHLYRDGEGRIDDDDDERENFEITDWDLQNEFNPNRQRHWQTKEEATYGVWAERDSDDERPSFGGKRARDYSAPVNFISAGLKKGAAEEAELEDSDDEEKPVKQDDFPKDFGPRKLKTGGNFKPSQKGFAGGTKSFMDFGSWERHTKGIGQKLLQKMGYVPGRGLGKNAQGIINPIEAKQRKGKGAVGAYGSERTTQSMQDFPVVDSEEEAEEEFQKELSQWRKDPSGSKKKPKYSYKTVEELKAKGRISKKLTAPQKELSQVKVIDMTGREQKVYYSYSQISHKHNVPDDGLPLQSQQLPQSGKEAKAPG, 118.33, 50.81, 1.15
189, P35680, HNF1B_HUMAN Hepatocyte nuclear factor 1-beta, 54220, IDR_0, 38, 88, NFGVKLETLPLSPGSGAEPDTKPVFHTLTNGHAKGRLSGDEGSEDGDDYDT, 49.17, 20.66, 1.19, IDR_1, 189, 557, SSGNMTDKSSQDQLLFLFPEFSQQSHGPGQSDDACSEPTNKKMRRNRFKWGPASQQILYQAYDRQKNPSKEEREALVEECNRAECLQRGVSPSKAHGLGSNLVTEVRVYNWFANRRKEEAFRQKLAMDAYSSNQTHSLNPLLSHGSPHHQPSSSPPNKLSGVRYSQQGNNEITSSSTISHHGNSAMVTSQSVLQQVSPASLDPGHNLLSPDGKMISVSGGGLPPVSTLTNIHSLSHHNPQQSQNLIMTPLSGVMAIAQSLNTSQAQSVPVINSVAGSLAALQPVQFSQQLHSPHQQPLMQQSPGSHMAQQPFMAAVTQLQNSHMYAHKQEPPQYSHTSRFPSAMVVTDTSSISTLTNMSSSKQCPLQAW, 134.62, 58.58, 1.2
190, P20823, HNF1A_HUMAN Hepatocyte nuclear factor 1-alpha, 54220, IDR_0, 1, 84, MVSKLSQLQTELLAALLESGLSKEALIQALGEPGPYLLAGEGPLDKGESCGGGRGELAELPNGLGETRGSEDETDDDGEDFTPP, 71.07, 28.88, 1.34, IDR_1, 128, 631, IPQREVVDTTGLNQSHLSQHLNKGTPMKTQKRAALYTWYVRKQREVAQQFTHAGQGGLIEEPTGDELPTKKGRRNRFKWGPASQQILFQAYERQKNPSKEERETLVEECNRAECIQRGVSPSQAQGLGSNLVTEVRVYNWFANRRKEEAFRHKLAMDTYSGPPPGPGPGPALPAHSSPGLPPPALSPSKVHGVRYGQPATSETAEVPSSSGGPLVTVSTPLHQVSPTGLEPSHSLLSTEAKLVSAAGGPLPPVSTLTALHSLEQTSPGLNQQPQNLIMASLPGVMTIGPGEPASLGPTFTNTGASTLVIGLASTQAQSVPVINSMGSSLTTLQPVQFSQPLHPSYQQPLMPPVQSHVTQSPFMATMAQLQSPHALYSHKPEVAQYTHTGLLPQTMLITDTTNLSALASLTPTKQVFTSDTEASSESGLHTPASQATTLHVPSQDPAGIQHLQPAHRLSASPTVSSSSLVLYQSSDSSNGQSHLLPSNHSVIETFISTQMASSSQ, 172.8, 75.3, 1.32
191, Q9NP66, HM20A_HUMAN High mobility group protein 20A, 53974, IDR_0, 1, 108, MENLMTSSTLPPLFADEDGSKESNDLATTGLNHPEVPYSSGATSSTNNPEFVEDLSQGQLLQSESSNAAEGNEQRHEDEQRSKRGGWSKGRKRKKPLRDSNAPKSPLT, 73.46, 29.96, 1.22, IDR_1, 181, 214, RKTQDRQKGKSHRQDAARQATHDHEKETEVKERS, 38.72, 15.55, 1.14
192, Q8NEY8, PPHLN_HUMAN Periphilin-1, 53922, IDR_0, 1, 283, MWSEGRYEYERIPRERAPPRSHPSDGYNRLVNIVPKKPPLLDRPGEGSYNRYYSHVDYRDYDEGRSFSHDRRSGPPHRGDESGYRWTRDDHSASRQPEYRDMRDGFRRKSFYSSHYARERSPYKRDNTFFRESPVGRKDSPHSRSGSSVSSRSYSPERSKSYSFHQSQHRKSVRPGASYKRQNEGNPERDKERPVQSLKTSRDTSPSSGSAVSSSKVLDKPSRLTEKELAEAASKWAAEKLEKSDESNLPEISEYEAGSTAPLFTDQPEEPESNTTHGIELFE, 107.31, 47.01, 1.1, IDR_1, 348, 458, WQQVPPVRNTEMDHDGTPENEGEETAQSAPQPPQAPQPLQPRKKRVRRTTQLRRTTGAPDITWGMLKKTTQEAERILLRTQTPFTPENLFLAMLSVVHCNSRKDVKPENKQ, 75.47, 32.24, 1.23
193, Q8NG27, PJA1_HUMAN E3 ubiquitin-protein ligase Praja-1, 53712, IDR_0, 1, 510, MGQESSKPVWPNPTGGYQSNTGRRYGRRHAYVSFRPPTSQRERIASQRKTNSEVPMHRSAPSQTTKRSRSPFSTTRRSWDDSESSGTNLNIDNEDYSRYPPREYRASGSRRGMAYGHIDSYGADDSEEEGAGPVERPPVRGKTGKFKDDKLYDPEKGARSLAGPPPHFSSFSRDVREERDKLDPVPAARCSASRADFLPQSSVASQSSSEGKLATKGDSSERERREQNLPARPSRAPVSICGGGENTSKSAEEPVVRPKIRNLASPNCVKPKIFFDTDDDDDMPHSTSRWRDTANDNEGHSDGLARRGRGESSSGYPEPKYPEDKREARSDQVKPEKVPRRRRTMADPDFWTHSDDYYKYCDEDSDSDKEWIAALRRKYRSREQTLSSSGESWETLPGKEEREPPQAKVSASTGTSPGPGASASAGAGAGASAGSNGSNYLEEVREPSLQEEQASLEEGEIPWLQYHENDSSSEGDNDSGHELMQPGVFMLDGNNNLEDDSSVSEDLEVD, 148.91, 67.87, 1.13
194, O43164, PJA2_HUMAN E3 ubiquitin-protein ligase Praja-2, 53712, IDR_0, 1, 553, MSQYTEKEPAAMDQESGKAVWPKPAGGYQTITGRRYGRRHAYVSFKPCMTRHERSLGRAGDDYEVLELDDVPKENSSGSSPLDQVDSSLPSEPIFEKSETEIPTCGSALNQTTESSQSFVAVHHSEEGRDTLGSSTNLHNHSEGEYIPGACSASSVQNGIALVHTDSYDPDGKHGEDNDHLQLSAEVVEGSRYQESLGNTVFELENREAEAYTGLSPPVPSFNCEVRDEFEELDSVPLVKSSAGDTEFVHQNSQEIQRSSQDEMVSTKQQNNTSQERQTEHSPEDAACGPGHICSEQNTNDREKNHGSSPEQVVRPKVRKLISSSQVDQETGFNRHEAKQRSVQRWREALEVEESGSDDLLIKCEEYDGEHDCMFLDPPYSRVITQRETENNQMTSESGATAGRQEVDNTFWNGCGDYYQLYDKDEDSSECSDGEWSASLPHRFSGTEKDQSSSDESWETLPGKDENEPELQSDSSGPEEENQELSLQEGEQTSLEEGEIPWLQYNEVNESSSDEGNEPANEFAQPAFMLDGNNNLEDDSSVSEDLDVDWSLF, 176.62, 75.24, 1.29, IDR_1, 603, 616, VANPPASKESIDGL, 25.89, 9.67, 1.18, IDR_2, 682, 708, VIEASAAPSSEPDPDAPPSNDSIAEAP, 40.15, 15.73, 1.31
195, P49711, CTCF_HUMAN Transcriptional repressor CTCF, 50803, IDR_0, 1, 266, MEGDAVEAIVEESETFIKGKERKTYQRRREGGQEEDACHLPQNQTDGGEVVQDVNSSVQMVMMEQLDPTLLQMKTEVMEGTVAPEAEAAVDDTQIITLQVVNMEEQPINIGELQLVQVPVPVTVPVATTSVEELQGAYENEVSKEGLAESEPMICHTLPLPEGFQVVKVGANGEVETLEQGELPPQEDPSWQKDPDYQPPAKKTKKTKKSKLRYTEEGKDVDVSVYDFEEEQQEGLLSEVNAEKVVGNMKPPKPTKIKKKGVKKTF, 130.81, 55.48, 1.38, IDR_1, 573, 727, HADNCAGPDGVEGENGGETKKSKRGRKRKMRSKKEDSSDSENAEPDLDDNEDEEEPAVEIEPEPEPQPVTPAPPPAKKRRGRPPGRTNQPKQNQPTAIIQVEDQNTGAIENIIVEVKKEPDAEPAEGEEEEAQPAATDAPNGDLTPEMILSMMDR, 88.76, 39.75, 1.22
196, Q9NRL2, BAZ1A_HUMAN Bromodomain adjacent to zinc finger domain protein 1A, 50622, IDR_0, 1, 13, MPLLHRKPFVRQK, 26.01, 10.05, 1.24, IDR_1, 148, 181, FANGHVNSVDGETIIISDSDDSETQSCSFQNGKK, 37.02, 15.46, 1.09, IDR_2, 270, 293, SPANRRRGRPPKRIHISQEDNVAN, 34.61, 13.89, 1.21, IDR_3, 331, 416, KADALEAKKKEKEDKEKKREELKKIVEEERLKKKEEKERLKVEREKEREKLREEKRKYVEYLKQWSKPREDMECDDLKELPEPTPV, 69.8, 28.55, 1.29, IDR_4, 657, 776, RKEREEAAARIRKRKEEKLKEQEQKMKEKQEKLKEDEQRNSTADISIGEEEREDFDTSIESKDTEQKELDQDMVTEDEDDPGSHKRGRRGKRGQNGFKEFTRQEQINCVTREPLTADEEE, 74.47, 31.99, 1.17, IDR_5, 828, 889, DYSGLTEDMLLPRPSSFQNNVQSQDPQVSTKTGEPLMSESTSNIDQGPRDHSVQLPKPVHKP, 57.63, 23.67, 1.26, IDR_6, 942, 968, HFSDKPQPDSKPTYSRGRSSNAYDPSQ, 33.71, 14.03, 1.11, IDR_7, 1023, 1072, KENGIIKTVNEDVEEMEIDEQTKVIVKDRLLGIKTETPSTVSTNASTPQS, 51.32, 21.06, 1.25, IDR_8, 1196, 1433, RPKQRSRRLSSRQRPSLESDEDVEDSMGGEDDEVDGDEEEGQSEEEEYEVEQDEDDSQEEEEVSLPKRGRPQVRLPVKTRGKLSSSFSSRGQQQEPGRYPSRSQQSTPKTTVSSKTGRSLRKINSAPPTETKSLRIASRSTRHSHGPLQADVFVELLSPRRKRRGRKSANNTPENSPNFPNFRVIATKSSEQSRSVNIASKLSLQESESKRRCRKRQSPEPSPVTLGRRSSGRQGGVH, 77.66, 39.92, 0.87, IDR_9, 1536, 1556, HVTPSNVDQVSTPPAAKKSRI, 32.22, 12.7, 1.2
197, Q9UPT8, ZC3H4_HUMAN Zinc finger CCCH domain-containing protein 4, 49136, IDR_0, 1, 391, MEAAPGTPPPPPSESPPPPSPPPPSTPSPPPCSPDARPATPHLLHHRLPLPDDREDGELEEGELEDDGAEETQDTSGGPERSRKEKGEKHHSDSDEEKSHRRLKRKRKKEREKEKRRSKKRRKSKHKRHASSSDDFSDFSDDSDFSPSEKGHRKYREYSPPYAPSHQQYPPSHATPLPKKAYSKMDSKSYGMYEDYENEQYGEYEGDEEEDMGKEDYDDFTKELNQYRRAKEGSSRGRGSRGRGRGYRGRGSRGGSRGRGMGRGSRGRGRGSMGGDHPEDEEDFYEEEMDYGESEEPMGDDDYDEYSKELNQYRRSKDSRGRGLSRGRGRGSRGRGKGMGRGRGRGGSRGGMNKGGMNDDEDFYDEDMGDGGGGSYRSRDHDKPHQQSDKK, 108.08, 44.69, 0.94, IDR_1, 484, 1303, DDAEAGAEDEKEVEELKKQGINPLPKPPPGVGLLPTPPRPPGPQAPTSPNGRPMQGGPPPPPPPPPPPPGPPQMPMPVHEPLSPQQLQQQDMYNKKIPSLFEIVVRPTGQLAEKLGVRFPGPGGPPGPMGPGPNMGPPGPMGGPMHPDMHPDMHPDMHPDMHADMHADMPMGPGMNPGPPMGPGGPPMMPYGPGDSPHSGMMPPIPPAQNFYENFYQQQEGMEMEPGLLGDAEDYGHYEELPGEPGEHLFPEHPLEPDSFSEGGPPGRPKPGAGVPDFLPSAQRALYLRIQQKQQEEEERARRLAESSKQDRENEEGDTGNWYSSDEDEGGSSVTSILKTLRQQTSSRPPASVGELSSSGLGDPRLQKGHPTGSRLADPRLSRDPRLTRHVEASGGSGPGDSGPSDPRLARALPTSKPEGSLHSSPVGPSSSKGSGPPPTEEEEGERALREKAVNIPLDPLPGHPLRDPRSQLQQFSHIKKDVTLSKPSFARTVLWNPEDLIPLPIPKQDAVPPVPAALQSMPTLDPRLHRAATAGPPNARQRPGASTDSSTQGANLPDFELLSRILKTVNATGSSAAPGSSDKPSDPRVRKAPTDPRLQKPTDSTASSRAAKPGPAEAPSPTASPSGDASPPATAPYDPRVLAAGGLGQGGGGGQSSVLSGISLYDPRTPNAGGKATEPAADTGAQPKGAEGNGKSSASKAKEPPFVRKSALEQPETGKAGADGGTPTDRYNSYNRPRPKAAAAPAATTATPPPEGAPPQPGVHNLPVPTLFGTVKQTPKTGSGSPFAGNSPAREGEQDAASLKDVFKGFDPTASPFCQ, 240.85, 101.28, 1.44
198, P78413, IRX4_HUMAN Iroquois-class homeodomain protein IRX-4, 49046, IDR_0, 1, 154, MSYPQFGYPYSSAPQFLMATNSLSTCCESGGRTLADSGPAASAQAPVYCPVYESRLLATARHELNSAAALGVYGGPYGGSQGYGNYVTYGSEASAFYSLNSFDSKDGSGSAHGGLAPAAAAYYPYEPALGQYPYDRYGTMDSGTRRKNATRETT, 77.04, 33.62, 1.07, IDR_1, 205, 519, KMTWPPRNKCADEKRPYAEGEEEEGGEEEAREEPLKSSKNAEPVGKEEKELELSDLDDFDPLEAEPPACELKPPFHSLDGGLERVPAAPDGPVKEASGALRMSLAAGGGAALDEDLERARSCLRSAAAGPEPLPGAEGGPQVCEAKLGFVPAGASAGLEAKPRIWSLAHTATAAAAAATSLSQTEFPSCMLKRQGPAAPAAVSSAPATSPSVALPHSGALDRHQDSPVTSLRNWVDGVFHDPILRHSTLNQAWATAKGALLDPGPLGRSLGAGANVLTAPLARAFPPAVPQDAPAAGAARELLALPKAGGKPFCA, 142.63, 60.34, 1.37
199, Q9H6E5, STPAP_HUMAN Speckle targeted PIP5K1A-regulated poly(A) polymerase, 48828, IDR_0, 1, 17, MAAVDSDVESLPRGGFR, 26.07, 10.41, 1.08, IDR_1, 105, 146, REAVLSQSQHSLGGHRLRVRPREQKEFQSPASKSPKGAAPDS, 45.46, 19.02, 1.2, IDR_2, 201, 336, HPFGSSINSFDVHGCDLDLFLDLGDLEEPQPVPKAPESPSLDSALASPLDPQALACTPASPPDSQPPASPQDSEALDFETPSSSLAPQTPDSALASETLASPQSLPPASPLLEDREEGDLGKASELAETPKEEKAE, 98.7, 41.61, 1.45, IDR_3, 452, 482, TVSQLTQKAGEGEQVEVDGWDCSFPRDASRL, 36.39, 14.62, 1.13, IDR_4, 581, 874, RRSSRGRDWGLLPLLQPSSPSSLLSATPIPLPLAPFTQLTAALVQVFREALGCHIEQATKRTRSEGGGTGESSQGGTSKRLKVDGQKNCCEEGKEEQQGCAGDGGEDRVEEMVIEVGEMVQDWAMQSPGQPGDLPLTTGKHGAPGEEGQPSHAALAERGPKGHEAAQEWSQGEAGKGASLPSSASWRCALWHRVWQGRRRARRRLQQQTKEGAGGGAGTRAGWLATEAQVTQELKGLSGGEERPETEPLLSFVASVSPADRMLTVTPLQDPQGLFPDLHHFLQVFLPQAIRHLK, 118.82, 50.29, 1.19
200, Q96B01, R51A1_HUMAN RAD51-associated protein 1, 48440, IDR_0, 1, 352, MVRPVRHKKPVNYSQFDHSDSDDDFVSATVPLNKKSRTAPKELKQDKPKPNLNNLRKEEIPVQEKTPKKRLPEGTFSIPASAVPCTKMALDDKLYQRDLEVALALSVKELPTVTTNVQNSQDKSIEKHGSSKIETMNKSPHISNCSVASDYLDLDKITVEDDVGGVQGKRKAASKAAAQQRKILLEGSDGDSANDTEPDFAPGEDSEDDSDFCESEDNDEDFSMRKSKVKEIKKKEVKVKSPVEKKEKKSKSKCNALVTSVDSAPAAVKSESQSLPKKVSLSSDTTRKPLEIRSPSAESKKPKWVPPAASGGSRSSSSPLVVVSVKSPNQSLRLGLSRLARVKPLHPNATST, 149.84, 64.09, 1.37
201, P02671, FIBA_HUMAN Fibrinogen alpha chain, 47840, IDR_0, 1, 39, MFSMRIVCLVLSVVGTAWTADSGEGDFLAEGGGVRGPRV, 40.3, 16.55, 1.11, IDR_1, 215, 631, SRDRQHLPLIKMKPVPDLVPGNFKSQLQKVPPEWKALTDMPQMRMELERPGGNEITRGGSTSYGTGSETESPRNPSSAGSWNSGSSGPGSTGNRNPGSSGTGGTATWKPGSSGPGSTGSWNSGSSGTGSTGNQNPGSPRPGSTGTWNPGSSERGSAGHWTSESSVSGSTGQWHSESGSFRPDSPGSGNARPNNPDWGTFEEVSGNVSPGTRREYHTEKLVTSKGDKELRTGKEKVTSGSTTTTRRSCSKTVTKTVIGPDGHKEVTKEVVTSEDGSDCPEAMDLGTLSGIGTLDGFRHRHPDEAAFFDTASTGKTFPGFFSPMLGEFVSETESRGSESGIFTNTKESSSHHPGIAEFPSRGKSSSYSKQFTSSTSYNRGDSTFESKSYKMADEAGSEADHEGTHSTKRGHAKSRPVRD, 148.2, 62.79, 1.25
202, O60504, VINEX_HUMAN Vinexin, 47766, IDR_0, 1, 385, MQGPPRSLRAGLSLDDFIPGHLQSHIGSSSRGTRVPVIRNGGSNTLNFQFHDPAPRTVCNGGYTPRRDASQHPDPAWYQTWPGPGSKPSASTKIPASQHTQNWSATWTKDSKRRDKRWVKYEGIGPVDESGMPIAPRSSVDRPRDWYRRMFQQIHRKMPDLQLDWTFEEPPRDPRHLGAQQRPAHRPGPATSSSGRSWDHSEELPRSTFNYRPGAFSTVLQPSNQVLRRREKVDNVWTEESWNQFLQELETGQRPKKPLVDDPGEKPSQPIEVLLERELAELSAELDKDLRAIETRLPSPKSSPAPRRAPEQRPPAGPASAWSSSYPHAPYLGSARSLSPHKMADGGSPFLGRRDFVYPSSTRDPSASNGGGSPARREEKKRKAA, 124.71, 53.85, 1.09, IDR_1, 522, 615, DDGPQLPTSPRLTAAARSARHPSSPSALRSPADPIDLGGQTSPRRTGFSFPTQEPRPQTQNLGTPGPALSHSRGPSHPLDLGTSSPNTSQIHWT, 70.25, 29.98, 1.24
203, Q92576, PHF3_HUMAN PHD finger protein 3, 46419, IDR_0, 1, 715, MDIVDTFNHLIPTEHLDDALFLGSNLENEVCEDFSASQNVLEDSLKNMLSDKDPMLGSASNQFCLPVLDSNDPNFQMPCSTVVGLDDIMDEGVVKESGNDTIDEEELILPNRNLRDKVEENSVRSPRKSPRLMAQEQVRSLRQSTIAKRSNAAPLSNTKKASGKTVSTAKAGVKQPERSQVKEEVCMSLKPEYHKENRRCSRNSGQIEVVPEVSVSSSHSSVSSCLEMKDEDGLDSKHKCNNPGEIDVPSHELNCSLLSETCVTIGEKKNEALMECKAKPVGSPLFKFSDKEEHEQNDSISGKTGETVVEEMIATRKVEQDSKETVKLSHEDDHILEDAGSSDISSDAACTNPNKTENSLVGLPSCVDEVTECNLELKDTMGIADKTENTLERNKIEPLGYCEDAESNRQLESTEFNKSNLEVVDTSTFGPESNILENAICDVPDQNSKQLNAIESTKIESHETANLQDDRNSQSSSVSYLESKSVKSKHTKPVIHSKQNMTTDAPKKIVAAKYEVIHSKTKVNVKSVKRNTDVPESQQNFHRPVKVRKKQIDKEPKIQSCNSGVKSVKNQAHSVLKKTLQDQTLVQIFKPLTHSLSDKSHAHPGCLKEPHHPAQTGHVSHSSQKQCHKPQQQAPAMKTNSHVKEELEHPGVEHFKEEDKLKLKKPEKNLQPRQRRSSKSFSLDEPPLFIPDNIATIRREGSDHSSSFESKYMWT, 216.83, 94.84, 1.39, IDR_1, 773, 926, EDKKTEILDPDTLENQATVEFHSGDKTMECEKLGLSKHTTNDRTKYIDDTVKHKVKILKRESGEGRNSSDCRDNEIKKWQLAPLRKMGQPVLPRRSSEEKSEKIPKESTTVTCTGEKASKPGTHEKQEMKKKKVEKGVLNVHPAASASKPSADQ, 95.94, 40.18, 1.33, IDR_2, 1045, 1194, VERRPITKITHKGEIEIESDAPMKEQEAAMEIQEPAANKSLEKPEGSEKQKEEVDSMSKDTTSQHRQHLFDLNCKICIGRMAPPVDDLSPKKVKVVVGVARKHSDNEAESIADALSSTSNILASEFFEEEKQESPKSTFSPAPRPEMPGT, 94.13, 39.29, 1.32, IDR_3, 1354, 2039, QHSACASTSHIAETPESAPPIALPPDKKSKIEVSTEEAPEEENDFFNSFTTVLHKQRNKPQQNLQEDLPTAVEPLMEVTKQEPPKPLRFLPGVLIGWENQPTTLELANKPLPVDDILQSLLGTTGQVYDQAQSVMEQNTVKEIPFLNEQTNSKIEKTDNVEVTDGENKEIKVKVDNISESTDKSAEIETSVVGSSSISAGSLTSLSLRGKPPDVSTEAFLTNLSIQSKQEETVESKEKTLKRQLQEDQENNLQDNQTSNSSPCRSNVGKGNIDGNVSCSENLVANTARSPQFINLKRDPRQAAGRSQPVTTSESKDGDSCRNGEKHMLPGLSHNKEHLTEQINVEEKLCSAEKNSCVQQSDNLKVAQNSPSVENIQTSQAEQAKPLQEDILMQNIETVHPFRRGSAVATSHFEVGNTCPSEFPSKSITFTSRSTSPRTSTNFSPMRPQQPNLQHLKSSPPGFPFPGPPNFPPQSMFGFPPHLPPPLLPPPGFGFAQNPMVPWPPVVHLPGQPQRMMGPLSQASRYIGPQNFYQVKDIRRPERRHSDPWGRQDQQQLDRPFNRGKGDRQRFYSDSHHLKRERHEKEWEQESERHRRRDRSQDKDRDRKSREEGHKDKERARLSHGDRGTDGKASRDSRNVDKKPDKPKSEDYEKDKEREKSKHREGEKDRDRYHKDRDHTDRTKSKR, 189.71, 83.92, 1.25
204, Q8TB72, PUM2_HUMAN Pumilio homolog 2, 46237, IDR_0, 1, 712, MNHDFQALALESRGMGELLPTKKFWEPDDSTKDGQKGIFLGDDEWRETAWGASHHSMSQPIMVQRRSGQGFHGNSEVNAILSPRSESGGLGVSMVEYVLSSSPADKLDSRFRKGNFGTRDAETDGPEKGDQKGKASPFEEDQNRDLKQGDDDDSKINGRGLPNGMDADCKDFNRTPGSRQASPTEVVERLGPNTNPSEGLGPLPNPTANKPLVEEFSNPETQNLDAMEQVGLESLQFDYPGNQVPMDSSGATVGLFDYNSQQQLFQRTNALTVQQLTAAQQQQYALAAAQQPHIAGVFSAGLAPAAFVPNPYIISAAPPGTDPYTAAGLAAAATLAGPAVVPPQYYGVPWGVYPANLFQQQAAAAANNTASQQAASQAQPGQQQVLRAGAGQRPLTPNQGQQGQQAESLAAAAAANPTLAFGQGLATGMPGYQVLAPTAYYDQTGALVVGPGARTGLGAPVRLMAPTPVLISSAAAQAAAAAAAGGTASSLTGSTNGLFRPIGTQPPQQQQQQPSTNLQSNSFYGSSSLTNSSQSSSLFSHGPGQPGSTSLGFGSGNSLGAAIGSALSGFGSSVGSSASSSATRRESLSTSSDLYKRSSSSLAPIGQPFYNSLGFSSSPSPIGMPLPSQTPGHSLTPPPSLSSHGSSSSLHLGGLTNGSGRYISAAPGAEAKYRSASSTSSLFSSSSQLFPPSRLRYNRSDIMPSGRSRLLE, 192.47, 84.17, 1.24
205, O14647, CHD2_HUMAN Chromodomain-helicase-DNA-binding protein 2, 44022, IDR_0, 1, 299, MMRNKDKSQEEDSSLHSNASSHSASEEASGSDSGSQSESEQGSDPGSGHGSESNSSSESSESQSESESESAGSKSQPVLPEAKEKPASKKERIADVKKMWEEYPDVYGVRRSNRSRQEPSRFNIKEEASSGSESGSPKRRGQRQLKKQEKWKQEPSEDEQEQGTSAESEPEQKKVKARRPVPRRTVPKPRVKKQPKTQRGKRKKQDSSDEDDDDDEAPKRQTRRRAAKNVSYKEDDDFETDSDDLIEMTGEGVDEQQDNSETIEKVLDSRLGKKGATGASTTVYAIEANGDPSGDFDTE, 122.89, 52.1, 1.22, IDR_1, 389, 409, SKSTLGQTDFPAHSRKPAPSN, 31.33, 12.46, 1.17, IDR_2, 1024, 1124, ANFATMEDEEELEERPHKDWDEIIPEEQRKKVEEEERQKELEEIYMLPRIRSSTKKAQTNDSDSDTESKRQAQRSSASESETEDSDDDKKPKRRGRPRSVR, 68.48, 29.29, 1.17, IDR_3, 1195, 1207, NASEGKGPGKRRG, 21.7, 8.47, 1.04, IDR_4, 1327, 1468, KKGAVTGGEEAKLKKRKPRVKKENKVPRLKEEHGIELSSPRHSDNPSEEGEVKDDGLEKSPMKKKQKKKENKENKEKQMSSRKDKEGDKERKKSKDKKEKPKSGDAKSSSKSKRSQGPVHITAGSEPVPIGEDEDDDLDQET, 89.74, 38.68, 1.29, IDR_5, 1558, 1828, KRSQEEEEQKKKDDVTGGKKPFRPEASGSSRDSLISQSHTSHNLHPQKPHLPASHGPQMHGHPRDNYNHPNKRHFSNADRGDWQRERKFNYGGGNNNPPWGSDRHHQYEQHWYKDHHYGDRRHMDAHRSGSYRPNNMSRKRPYDQYSSDRDHRGHRDYYDRHHHDSKRRRSDEFRPQNYHQQDFRRMSDHRPAMGYHGQGPSDHYRSFHTDKLGEYKQPLPPLHPAVSDPRSPPSQKSPHDSKSPLDHRSPLERSLEQKNNPDYNWNVRKT, 93.25, 37.92, 0.97
206, Q86XZ4, SPAS2_HUMAN Spermatogenesis-associated serine-rich protein 2, 43885, IDR_0, 1, 14, MSRKQNQKDSSGFI, 23.95, 9.25, 1.1, IDR_1, 82, 235, TVTGKKKNKKKKNKPKPAAEPSNGIPDSSKSVSIQEEQSAPSSEKGGMNGYHVNGAINDTESVDSLSEGLETLSIDARELEDPESAMLDTLDRTGSMLQNGVSDFETKSLTMHSIHNSQQPRNAAKSLSRPTTETQFSNMGMEDVPLATSKKLS, 93.97, 39.37, 1.3, IDR_2, 366, 545, DSFGQVSHPKNSYSTRSRCSSVTSVSLSSPSDASAASSSTCASPPSLTSANKKNFAPGETPAAIANSSGQPYQPLREVLPGNRRGGQGYRPQGQKSNDPMNQGRHDSMGRYRNSSWYSSGSRYQSAPSQAPGNTIERGQTHSAGTNGTGVSMEPSPPTPSFKKGLPQRKPRTSQTEAVNS, 96.89, 40.38, 1.24
207, P13647, K2C5_HUMAN Keratin; type II cytoskeletal 5, 43552, IDR_0, 1, 150, MSRQSSVSFRSGGSRSFSTASAITPSVSRTSFTSVSRSGGGGGGGFGRVSLAGACGVGGYGSRSLYNLGGSKRISISTSGGSFRNRFGAGAGGGYGFGGGAGSGFGFGGGAGGGFGLGGGAGFGGGFGGPGFPVCPPGGIQEVTVNQSLL, 79.62, 32.8, 1.13, IDR_1, 481, 590, LSGEGVGPVNISVVTSSVSSGYGSGSGYGGGLGGGLGGGLGGGLAGGSSGSYYSSSSGGVGLGGGLSVGGSGFSASSGRGLGVGFGSGGGSSSSVKFVSTTSSSRKSFKS, 71.01, 28.97, 1.18
208, Q8NEF9, SRFB1_HUMAN Serum response factor-binding protein 1, 42560, IDR_0, 133, 429, VESSKNASEDNHSENTLYSNDNGSNLQREATVISEQKVKETKILAKKPIHNSKEKIAKMEHGPKAVTIANSPSKPSEKDSVVSLESQKTPADPKLKTLSQTKKNKGSDSSLSGNSDGGEEFCEEEKEYFDDSTEERFYKQSSMSEDSDSGDDFFIGKVRRTRKKESSCHSSVKEQKPLEKVFLKEDTGETHGDTRNDKIKPSTETRKLESVFFHSLSGSKSSRRNFKEQAPKTRSLDFPQNEPQIKNQFNKKLSGRLENTKQQLQLPLHPSWEASRRRKEQQSNIAVFQGKKITFDD, 124.46, 53.5, 1.24
209, Q9H8Y5, ANKZ1_HUMAN Ankyrin repeat and zinc finger domain-containing protein 1, 42096, IDR_0, 1, 141, MSPAPDAAPAPASISLFDLSADAPVFQGLSLVSHAPGEALARAPRTSCSGSGERESPERKLLQGPMDISEKLFCSTCDQTFQNHQEQREHYKLDWHRFNLKQRLKDKPLLSALDFEKQSSTGDLSSISGSEDSDSASEEDL, 85.18, 35.44, 1.23, IDR_1, 389, 489, KEALGQNEESPKQGSGSEGEDGFQVELELVELTVGTLDLCESEVLPKRRRRKRNKKEKSRDQEAGAHRTLLQQTQEEEPSTQSSQAVAAPLGPLLDEAKAP, 70.43, 29.29, 1.21, IDR_2, 563, 726, VQDSRARPPYTVAADKSTRNEFRRFMEKNPDAYDYNKAQVPGPLTPEMEARQATRKREQKAARRQREEQQQRQQEQEEREREEQRRFAALSDREKRALAAERRLAAQLGAPTSPIPDSAIVNTRRCWSCGASLQGLTPFHYLDFSFCSTRCLQDHRRQAGRPSS, 83.79, 36.27, 1.12
210, Q52LJ0, FA98B_HUMAN Protein FAM98B, 41038, IDR_0, 301, 433, LMGRVPDRGGRPNEIEPPPPEMPPWQKRQEGGGGRGGWGGGGGGGGRGGGGGGGGRGGWGGGGGGWGGGGGGGGGWGGGGGGGRGGFQGRGDYGGRGGYGGRGGYGGRGYGDPYGGGGGGGGGGGGGGGYRRY, 61.97, 27.1, 0.94
211, Q9Y5T5, UBP16_HUMAN Ubiquitin carboxyl-terminal hydrolase 16, 38907, IDR_0, 1, 67, MGKKRTKGKTVPIDDSSETLEPVCRHIRKGLEQGNLKKALVNVEWNICQDCKTDNKVKDKAEEETEE, 57.15, 24.01, 1.2, IDR_1, 143, 190, SITTPKPAEKDNGNIELENKKLEKESKNEQEREKKENMAKENPPMNSP, 52.2, 20.5, 1.29, IDR_2, 387, 589, LPVLDDQSGKKSVNDKNLKKTVEDEDQDSEEEKDNDSYIKERSDIPSGTSKHLQKKAKKQAKKQAKNQRRQQKIQGKVLHLNDICTIDHPEDSEYEAEMSLQGEVNIKSNHISQEGVMHKEYCVNQKDLNGQAKMIESVTDNQKSTEEVDMKNINMDNDLEVLTSSPTRNLNGAYLTEGSNGEVDISNGFKNLNLNAALHPDE, 103.81, 43.25, 1.25
212, Q5M9Q1, NKAPL_HUMAN NKAP-like protein, 38289, IDR_0, 1, 328, MPPVSRSSYSEDIVGSRRRRRSSSGSPPSPQSRCSSWDGCSRSHSRGREGLRPPWSELDVGALYPFSRSGSRGRLPRFRNYAFASSWSTSYSGYRYHRHCYAEERQSAEDYEKEESHRQRRLKERERIGELGAPEVWGPSPKFPQLDSDEHTPVEDEEEVTHQKSSSSDSNSEEHRKKKTSRSRNKKKRKNKSSKRKHRKYSDSDSNSESDTNSDSDDDKKRVKAKKKKKKKKHKTKKKKNKKTKKESSDSSCKDSEEDLSEATWMEQPNVADTMDLIGPEAPIIHTSQDEKPLKYGHALLPGEGAAMAEYVKAGKRIPRRGEIGLTS, 122.56, 50.38, 1.16
213, Q8N5F7, NKAP_HUMAN NF-kappa-B-activating protein, 38289, IDR_0, 1, 319, MAPVSGSRSPDREASGSGGRRRSSSKSPKPSKSARSPRGRRSRSHSCSRSGDRNGLTHQLGGLSQGSRNQSYRSRSRSRSRERPSAPRGIPFASASSSVYYGSYSRPYGSDKPWPSLLDKEREESLRQKRLSERERIGELGAPEVWGLSPKNPEPDSDEHTPVEDEEPKKSTTSASTSEEEKKKKSSRSKERSKKRRKKKSSKRKHKKYSEDSDSDSDSETDSSDEDNKRRAKKAKKKEKKKKHRSKKYKKKRSKKSRKESSDSSSKESQEEFLENPWKDRTKAEEPSDLIGPEAPKTLTSQDDKPLNYGHALLPGEGA, 131.48, 54.57, 1.26
214, Q9UK61, TASOR_HUMAN Protein TASOR, 38145, IDR_0, 1, 118, MATAVETEACQPTDASWESGGGGDDEMKQALPELESSQQNGGGGGLNIAEPSGGAGREENAGAEAAQSLSHEQPQDSSEAGAAALPRGPEEPERPVRRSFQIPRKSREKKALFQPLTP, 81.83, 33.56, 1.29, IDR_1, 336, 348, FVPSSRSNSFNTD, 21.91, 8.65, 1.04, IDR_2, 500, 520, RSIVTSQKGSTNAAPQERHES, 29.65, 11.52, 1.11, IDR_3, 628, 1024, KLQQFSPLSDYEGQEEEMNGTKMKFGKRNNSRGEAIISGKQRSSHSLDYDKDRVKELINLIQCRKKSVGGDSDTEDMRSKTVLKRKLEDLPENMRKLAKTSNLSENCHLYEESPQPIGSLGHDADLRRQQQDTCNSGIADIHRLFNWLSETLANARHSDASLTDTVNKALGLSTDDAYEELRQKHEYELNSTPDKKDYEQPTCAKVENAQFKGTQSLLLEVDATSKYSVAISTSEVGTDHKLHLKEDPNLISVNNFEDCSLCPSVPIEHGFRRQQSKSNNVEETEIHWKLIPITGGNARSPEDQLGKHGEKQTPGMKSPEEQLVCVPPQEAFPNDPRVINRQRSSDYQFPSSPFTDTLKGTTEDDVLTGQVEEQCVPAAEAEPPAVSETTERTVLGE, 152.48, 63.94, 1.32, IDR_4, 1093, 1207, SAKGGNLPPVSPNDSGAKIASNPLERHVIPVSSSDFNNKHLLEPLCSDPLKDTNSDEQHSTSALTEVEMNQPQHATELMVTSDHIVPGDMAREPVEETTKSPSDVNISAQPALSN, 83.26, 34.81, 1.33, IDR_5, 1474, 1670, NSITEENLPQLGANENLESQSALLENDEKDEEDMSLDSGDEISHIEVCSNFHSEIWEKETKGSRGTDQKKNTQIELQSSPDVQNSLLEDKTYLDSEERTSIDIVCSEGENSNSTEQDSYSNFQVYHSQLNMSHQFSHFNVLTHQTFLGTPYALSSSQSQENENYFLSAYTESLDRDKSPPPLSWGKSDSSRPYSQEK, 97.26, 40.67, 1.19
215, Q96KQ7, EHMT2_HUMAN Histone-lysine N-methyltransferase EHMT2, 37690, IDR_0, 1, 455, MAAAAGAAAAAAAEGEAPAEMGALLLEKETRGATERVHGSLGDTPRSEETLPKATPDSLEPAGPSSPASVTVTVGDEGADTPVGATPLIGDESENLEGDGDLRGGRILLGHATKSFPSSPSKGGSCPSRAKMSMTGAGKSPPSVQSLAMRLLSMPGAQGAAAAGSEPPPATTSPEGQPKVHRARKTMSKPGNGQPPVPEKRPPEIQHFRMSDDVHSLGKVTSDLAKRRKLNSGGGLSEELGSARRSGEVTLTKGDPGSLEEWETVVGDDFSLYYDSYSVDERVDSDSKSEVEALTEQLSEEEEEEEEEEEEEEEEEEEEEEEEDEESGNQSDRSGSSGRRKAKKKWRKDSPWVKPSRKRRKREPPRAKEPRGVNGVGSSGPSEYMEVPLGSLELPSEGTLSPNHAGVSNDTSSLETERGFEELPLCSCRMEAPKIDRISERAGHKCMATESVDGE, 163.55, 66.77, 1.32, IDR_1, 543, 624, AQEVTIPRGDGVTPPAGTAAPAPPPLSQDVPGRADTSQPSARMRGHGEPRRPPCDPLADTIDSSGPSLTLPNGGCLSAVGLP, 70.75, 29.13, 1.34, IDR_2, 1198, 1210, LLPELGSLPPVNT, 25.84, 10.25, 1.23
216, Q8WUY3, PRUN2_HUMAN Protein prune homolog 2, 37137, IDR_0, 357, 2878, CPEMVSNSRTSSTEAVAGSAPLSQGSSGIMELYGSDIEPQPSSVNFIENPPDLNDSNQAQVDANVDLVSPDSGLATIRSSRSSKESSVFLSDDSPVGEGAGPHHTLLPGLDSYSPIPEGAVAEEHAWSGEHGEHFDLFNFDPAPMASGQSQQSSHSADYSPADDFFPNSDLSEGQLPAGPEGLDGMGTNMSNYSSSSLLSGAGKDSLVEHDEEFVQRQDSPRDNSERNLSLTDFVGDESPSPERLKNTGKRIPPTPMNSLVESSPSTEEPASLYTEDMTQKATDTGHMGPPQTHARCSSWWGGLEIDSKNIADAWSSSEQESVFQSPESWKEHKPSSIDRRASDSVFQPKSLEFTKSGPWESEFGQPELGSNDIQDKNEESLPFQNLPMEKSPLPNTSPQGTNHLIEDFASLWHSGRSPTAMPEPWGNPTDDGEPAAVAPFPAWSAFGKEDHDEALKNTWNLHPTSSKTPSVRDPNEWAMAKSGFAFSSSELLDNSPSEINNEAAPEIWGKKNNDSRDHIFAPGNPSSDLDHTWTNSKPPKEDQNGLVDPKTRGKVYEKVDSWNLFEENMKKGGSDVLVPWEDSFLSYKCSDYSASNLGEDSVPSPLDTNYSTSDSYTSPTFAGDEKETEHKPFAKEEGFESKDGNSTAEETDIPPQSLQQSSRNRISSGPGNLDMWASPHTDNSSEINTTHNLDENELKTEHTDGKNISMEDDVGESSQSSYDDPSMMQLYNETNRQLTLLHSSTNSRQTAPDSLDLWNRVILEDTQSTATISDMDNDLDWDDCSGGAAIPSDGQTEGYMAEGSEPETRFTVRQLEPWGLEYQEANQVDWELPASDEHTKDSAPSEHHTLNEKSGQLIANSIWDSVMRDKDMSSFMLPGSSHITDSEQRELPPEIPSHSANVKDTHSPDAPAASGTSESEALISHLDKQDTERETLQSDAASLATRLENPGYFPHPDPWKGHGDGQSESEKEAQGATDRGHLDEEEVIASGVENASGISEKGQSDQELSSLVASEHQEICIKSGKISSLAVTFSPQTEEPEEVLEYEEGSYNLDSRDVQTGMSADNLQPKDTHEKHLMSQRNSGETTETSDGMNFTKYVSVPEKDLEKTEECNFLEPENVGGGPPHRVPRSLDFGDVPIDSDVHVSSTCSEITKNLDVKGSENSLPGAGSSGNFDRDTISSEYTHSSASSPELNDSSVALSSWGQQPSSGYQEENQGNWSEQNHQESELITTDGQVEIVTKVKDLEKNRINEFEKSFDRKTPTFLEIWNDSVDGDSFSSLSSPETGKYSEHSGTHQESNLIASYQEKNEHDISATVQPEDARVISTSSGSDDDSVGGEESIEEEIQVANCHVAEDESRAWDSLNESNKFLVTADPKSENIYDYLDSSEPAENENKSNPFCDNQQSSPDPWTFSPLTETEMQITAVEKEKRSSPETGTTGDVAWQISPKASFPKNEDNSQLEMLGFSADSTEWWKASPQEGRLIESPFERELSDSSGVLEINSSVHQNASPWGVPVQGDIEPVETHYTNPFSDNHQSPFLEGNGKNSHEQLWNIQPRQPDPDADKFSQLVKLDQIKEKDSREQTFVSAAGDELTPETPTQEQCQDTMLPVCDHPDTAFTHAEENSCVTSNVSTNEGQETNQWEQEKSYLGEMTNSSIATENFPAVSSPTQLIMKPGSEWDGSTPSEDSRGTFVPDILHGNFQEGGQLASAAPDLWIDAKKPFSLKADGENPDILTHCEHDSNSQASDSPDICHDSEAKQETEKHLSACMGPEVESSELCLTEPEIDEEPIYEPGREFVPSNAELDSENATVLPPIGYQADIKGSSQPASHKGSPEPSEINGDNSTGLQVSEKGASPDMAPILEPVDRRIPRIENVATSIFVTHQEPTPEGDGSWISDSFSPESQPGARALFDGDPHLSTENPALVPDALLASDTCLDISEAAFDHSFSDASGLNTSTGTIDDMSKLTLSEGHPETPVDGDLGKQDICSSEASWGDFEYDVMGQNIDEDLLREPEHFLYGGDPPLEEDSLKQSLAPYTPPFDLSYLTEPAQSAETIEEAGSPEDESLGCRAAEIVLSALPDRRSEGNQAETKNRLPGSQLAVLHIREDPESVYLPVGAGSNILSPSNVDWEVETDNSDLPAGGDIGPPNGASKEISELEEEKTIPTKEPEQIKSEYKEERCTEKNEDRHALHMDYILVNREENSHSKPETCEERESIAELELYVGSKETGLQGTQLASFPDTCQPASLNERKGLSAEKMSSKSDTRSSFESPAQDQSWMFLGHSEVGDPSLDARDSGPGWSGKTVEPFSELGLGEGPQLQILEEMKPLESLALEEASGPVSQSQKSKSRGRAGPDAVTLQAVTHDNEWEMLSPQPVQKNMIPDTEMEEETEFLELGTRISRPNGLLSEDVGMDIPFEEGVLSPSAADMRPEPPNSLDLNDTHPRRIKLTAPNINLSLDQSEGSILSDDNLDSPDEIDINVDELDTPDEADSFEYTGHDPTANKDSGQESESIPEYTAEEERED, 323.7, 197.83, 1.11, IDR_1, 3062, 3088, AKTSCLYNDPEMSSMEKDIDLKLKEKP, 36.89, 14.57, 1.22
217, Q9UPN6, SCAF8_HUMAN SR-related and CTD-associated factor 8, 36108, IDR_0, 138, 178, IPPPVVTPVLASTTTAMSNTPGTPVTPVTPANVVQGLPDPW, 49.75, 19.5, 1.33, IDR_1, 250, 470, LTPLEQGVSFNKKLMDRFDFGEDSEHSEEPKKEIPASQLSHVSESVNNSIFHQIAEQLQQQNLEHLRQQLLEQQQPQKATPQDSQEGTFGSEHSASPSQGSSQQHFLEPEVNLDDSIDIQQQDMDIDEGQDGVEEEVFEQEAKKVAVRSRSRTHSRSRSRSPRKRRSRSRSGSRKRKHRKRSRSRSRERKRKSSRSYSSERRAREREKERQKKGLPPIRSK, 89.96, 35.32, 1.04, IDR_2, 583, 1271, GFAEGGMIDQETVNTEWETVKSSEPVKETVQTTQSPTPVEKETVVTTQAEVFPPPVAMLQIPVAPAVPTVSLVPPAFPVSMPVPPPGFSPIPPPPFLRASFNPSQPPPGFMPPPVPPPVVPPPTIPPVVPTSLVQPSLSMTPETVKDVGFGSLVIPGGSVASNLATSALPAGNVFNAPTKQAEPEEKVPHLIDHQISSGENTRSVIPNDISSNAAILGGQPPNVTSNSGILGVQRPNVSSNSEILGVRPSNVSSSSGIIAAQPPNILNNSGILGIQPPSVSNSSGLLGVLPPNIPNNSGLVGVQPPNVPNTPGLLGTQPPAGPQNLPPLSIPNQRMPTMPMLDIRPGLIPQAPGPRFPLIQPGIPPQRGIPPPSVLDSALHPPPRGPFPPGDIFSQPERPFLAPGRQSVDNVTNPEKRIPLGNDNIQQEGDRDYRFPPIETRESISRPPPVDVRDVVGRPIDPREGPGRPPLDGRDHFGRPPVDIRENLVRPGIDHLGRRDHFGFNPEKPWGHRGDFDEREHRVLPVYGGPKGLHEERGRFRSGNYRFDPRSGPWNRGFGQEVHRDFDDRRRPWERQRDRDDRDFDFCREMNGNRLGRDRIQNTWVPPPHARVFDYFEGATSQRKGDNVPQVNGENTERHAQPPPIPVQNDPELYEKLTSSNEINKEKSDTVADIESEPVVESTETEGT, 197.91, 86.37, 1.29
218, Q9BYJ9, YTHD1_HUMAN YTH domain-containing family protein 1, 35762, IDR_0, 1, 366, MSATSVDTQRTKGQDNKVQNGSLHQKDTVHDNDFEPYLTGQSNQSNSYPSMSDPYLSSYYPPSIGFPYSLNEAPWSTAGDPPIPYLTTYGQLSNGDHHFMHDAVFGQPGGLGNNIYQHRFNFFPENPAFSAWGTSGSQGQQTQSSAYGSSYTYPPSSLGGTVVDGQPGFHSDTLSKAPGMNSLEQGMVGLKIGDVSSSAVKTVGSVVSSVALTGVLSGNGGTNVNMPVSKPTSWAAIASKPAKPQPKMKTKSGPVMGGGLPPPPIKHNMDIGTWDNKGPVPKAPVPQQAPSPQAAPQPQQVAQPLPAQPPALAQPQYQSPQQPPQTRWVAPRNRNAAFGQSGGAGSDSNSPGNVQPNSAPSVESHP, 131.79, 57.7, 1.18
219, O14641, DVL2_HUMAN Segment polarity protein dishevelled homolog DVL-2, 35661, IDR_0, 94, 258, NPQPEMAPPVHEPRAELAPPAPPLPPLPPERTSGIGDSRPPSFHPNVSSSHENLEPETETESVVSLRRERPRRRDSSEHGAGGHRTGGPSRLERHLAGYESSSTLMTSELESTSLGDSDEEDTMSRFSSSTEQSSASRLLKRHRRRRKQRPPRLERTSSFSSVTD, 91.16, 38.36, 1.22, IDR_1, 389, 418, TFPAYPGSSSMSTITSGSSLPDGCEGRGLS, 37.29, 14.98, 1.17, IDR_2, 520, 736, SLNDNDGSSGASDQDTLAPLPGATPWPLLPTFSYQYPAPHPYSPQPPPYHELSSYTYGGGSASSQHSEGSRSSGSTRSDGGAGRTGRPEERAPESKSGSGSESEPSSRGGSLRRGGEASGTSDGGPPPSRGSTGGAPNLRAHPGLHPYGPPPGMALPYNPMMVVMMPPPPPPVPPAVQPPGAPPVRDLGSVPPELTASRQSFHMAMGNPSEFFVDVM, 107.16, 46.52, 1.25
220, Q8TAD8, SNIP1_HUMAN Smad nuclear-interacting protein 1, 35333, IDR_0, 1, 224, MKAVKSERERGSRRRHRDGDVVLPAGVVVKQERLSPEVAPPAHRRPDHSGGSPSPPTSEPARSGHRGNRARGVSRSPPKKKNKASGRRSKSPRSKRNRSPHHSTVKVKQEREDHPRRGREDRQHREPSEQEHRRARNSDRDRHRGHSHQRRTSNERPGSGQGQGRDRDTQNLQAQEEEREFYNARRREHRQRNDVGGGGSESQELVPRPGGNNKEKEVPAKEKP, 113.65, 47.71, 1.31, IDR_1, 373, 396, SSDTSEIDRKDDEDEEEEEEVSDS, 34.68, 13.12, 1.21
221, Q96AQ6, PBIP1_HUMAN Pre-B-cell leukemia transcription factor-interacting protein 1, 35265, IDR_0, 1, 264, MASCPDSDNSWVLAGSESLPVETLGPASRMDPESERALQAPHSPSKTDGKELAGTMDGEGTLFQTESPQSGSILTEETEVKGTLEGDVCGVEPPGPGDTVVQGDLQETTVVTGLGPDTQDLEGQSPPQSLPSTPKAAWIREEGRCSSSDDDTDVDMEGLRRRRGREAGPPQPMVPLAVENQAGGEGAGGELGISLNMCLLGALVLLGLGVLLFSGGLSESETGPMEEVERQVLPDPEVLEAVGDRQDGLREQLQAPVPPDSVPS, 136.09, 56.26, 1.44, IDR_1, 346, 377, VRGPDGVCLSGGRGPQGDKAIREQGPREQEPE, 39.55, 15.55, 1.21, IDR_2, 445, 572, NWGQDPGVSANASKAWHQKSHFQNSREWSGKEKWWDGQRDRKAEHWKHKKEESGRERKKNWGGQEDREPAGRWKEGRPRVEESGSKKEGKRQGPKEPPRKSGSFHSSGEKQKQPRWREGTKDSHDPLP, 72.26, 31.52, 1.1, IDR_3, 694, 731, GDKALKKRSGKKDKHSQSPRAAGPREGHSHSHHHHHRG, 43.95, 17.81, 1.23
222, Q9BRL6, SRSF8_HUMAN Serine/arginine-rich splicing factor 8, 35083, IDR_0, 93, 282, GRRDLPRSRQGEPRGRSRGGGYGRRSRSYGRRSRSPRRRHRSRSRGPSCSRSRSRSRYRGSRYSRSPYSRSPYSRSRYSRSPYSRSRYRESRYGGSHYSSSGYSNSRYSRYHSSRSHSKSGSSTSSRSASTSKSSSARRSKSSSVSRSRSRSRSSSMTRSPPRVSKRKSKSRSRSKRPPKSPEEEGQMSS, 111.28, 45.77, 1.39
223, Q8IXQ3, CI040_HUMAN Uncharacterized protein C9orf40, 34848, IDR_0, 1, 194, MAKRRAAEPVTFHVPWKRLLLCDFAEQPPPPPLWIRPPGVAHAGQLLGVPEQHRKRKIDAGTMAEPSASPSKRRDSGDNSAPSGQEREDHGLETGDPPLPPPPVLPGPGEELPGARLPGGGGDDGAGRAGPPRGDWGVASRQHNEEFWQYNTFQYWRNPLPPIDLADIEDLSEDTLTEATLQGRNEGAEVDMES, 96.16, 41.78, 1.18
224, Q9C0B0, UNK_HUMAN RING finger protein unkempt homolog, 34036, IDR_0, 1, 29, MSKGPGPGGSAASSAPPAATAQVLQAQPE, 38.34, 15.37, 1.21, IDR_1, 171, 643, ALQNGQTTVEGSIEGQSAGAASHAMIEKILSEEPRWQETAYVLGNYKTEPCKKPPRLCRQGYACPYYHNSKDRRRSPRKHKYRSSPCPNVKHGDEWGDPGKCENGDACQYCHTRTEQQFHPEIYKSTKCNDMQQSGSCPRGPFCAFAHVEQPPLSDDLQPSSAVSSPTQPGPVLYMPSAAGDSVPVSPSSPHAPDLSALLCRNSSLGSPSNLCGSPPGSIRKPPNLEGIVFPGESGLAPGSYKKAPGFEREDQVGAEYLKNFKCQAKLKPHSLEPRSQEQPLLQPKQDMLGILPAGSPLTSSISSSITSSLAATPPSPVGTSSVPGMNANALPFYPTSDTVESVIESALDDLDLNEFGVAALEKTFDNSTVPHPGSITIGGSLLQSSAPVNIPGSLGSSASFHSASPSPPVSLSSHFLQQPQGHLSQSENTFLGTSASHGSLGLNGMNSSIWEHFASGSFSPGTSPAFLSGPG, 165.34, 71.59, 1.31
225, P48634, PRC2A_HUMAN Protein PRRC2A, 33770, IDR_0, 1, 2157, MSDRSGPTAKGKDGKKYSSLNLFDTYKGKSLEIQKPAVAPRHGLQSLGKVAIARRMPPPANLPSLKAENKGNDPNVSLVPKDGTGWASKQEQSDPKSSDASTAQPPESQPLPASQTPASNQPKRPPAAPENTPLVPSGVKSWAQASVTHGAHGDGGRASSLLSRFSREEFPTLQAAGDQDKAAKERESAEQSSGPGPSLRPQNSTTWRDGGGRGPDELEGPDSKLHHGHDPRGGLQPSGPPQFPPYRGMMPPFMYPPYLPFPPPYGPQGPYRYPTPDGPSRFPRVAGPRGSGPPMRLVEPVGRPSILKEDNLKEFDQLDQENDDGWAGAHEEVDYTEKLKFSDEEDGRDSDEEGAEGHRDSQSASGEERPPEADGKKGNSPNSEPPTPKTAWAETSRPPETEPGPPAPKPPLPPPHRGPAGNWGPPGDYPDRGGPPCKPPAPEDEDEAWRQRRKQSSSEISLAVERARRRREEEERRMQEERRAACAEKLKRLDEKFGAPDKRLKAEPAAPPAAPSTPAPPPAVPKELPAPPAPPPASAPTPETEPEEPAQAPPAQSTPTPGVAAAPTLVSGGGSTSSTSSGSFEASPVEPQLPSKEGPEPPEEVPPPTTPPVPKVEPKGDGIGPTRQPPSQGLGYPKYQKSLPPRFQRQQQEQLLKQQQQHQWQQHQQGSAPPTPVPPSPPQPVTLGAVPAPQAPPPPPKALYPGALGRPPPMPPMNFDPRWMMIPPYVDPRLLQGRPPLDFYPPGVHPSGLVPRERSDSGGSSSEPFDRHAPAMLRERGTPPVDPKLAWVGDVFTATPAEPRPLTSPLRQAADEDDKGMRSETPPVPPPPPYLASYPGFPENGAPGPPISRFPLEEPGPRPLPWPPGSDEVAKIQTPPPKKEPPKEETAQLTGPEAGRKPARGVGSGGQGPPPPRRESRTETRWGPRPGSSRRGIPPEEPGAPPRRAGPIKKPPPPTKVEELPPKPLEQGDETPKPPKPDPLKITKGKLGGPKETPPNGNLSPAPRLRRDYSYERVGPTSCRGRGRGEYFARGRGFRGTYGGRGRGARSREFRSYREFRGDDGRGGGTGGPNHPPAPRGRTASETRSEGSEYEEIPKRRRQRGSETGSETHESDLAPSDKEAPTPKEGTLTQVPLAPPPPGAPPSPAPARFTARGGRVFTPRGVPSRRGRGGGRPPPQVCPGWSPPAKSLAPKKPPTGPLPPSKEPLKEKLIPGPLSPVARGGSNGGSNVGMEDGERPRRRRHGRAQQQDKPPRFRRLKQERENAARGSEGKPSLTLPASAPGPEEALTTVTVAPAPRRAAAKSPDLSNQNSDQANEEWETASESSDFTSERRGDKEAPPPVLLTPKAVGTPGGGGGGAVPGISAMSRGDLSQRAKDLSKRSFSSQRPGMERQNRRPGPGGKAGSSGSSSGGGGGGPGGRTGPGRGDKRSWPSPKNRSRPPEERPPGLPLPPPPPSSSAVFRLDQVIHSNPAGIQQALAQLSSRQGSVTAPGGHPRHKPGLPQAPQGPSPRPPTRYEPQRVNSGLSSDPHFEEPGPMVRGVGGTPRDSAGVSPFPPKRRERPPRKPELLQEESLPPPHSSGFLGSKPEGPGPQAESRDTGTEALTPHIWNRLHTATSRKSYRPSSMEPWMEPLSPFEDVAGTEMSQSDSGVDLSGDSQVSSGPCSQRSSPDGGLKGAAEGPPKRPGGSSPLNAVPCEGPPGSEPPRRPPPAPHDGDRKELPREQPLPPGPIGTERSQRTDRGTEPGPIRPSHRPGPPVQFGTSDKDSDLRLVVGDSLKAEKELTASVTEAIPVSRDWELLPSAAASAEPQSKNLDSGHCVPEPSSSGQRLYPEVFYGSAGPSSSQISGGAMDSQLHPNSGGFRPGTPSLHPYRSQPLYLPPGPAPPSALLSGLALKGQFLDFSTMQATELGKLPAGGVLYPPPSFLYSPAFCPSPLPDTSLLQVRQDLPSPSDFYSTPLQPGGQSGFLPSGAPAQQMLLPMVDSQLPVVNFGSLPPAPPPAPPPLSLLPVGPALQPPSLAVRPPPAPATRVLPSPARPFPASLGRAELHPVELKPFQDYQKLSSNLGGPGSSRTPPTGRSFSGLNSRLKATPSTYSGVFRTQRVDLYQQASPPDALRWIPKPWERTGPPPREGPSRRAEEPGSRGDKEPGLPPPR, 344.76, 156.2, 1.27
226, O95429, BAG4_HUMAN BAG family molecular chaperone regulator 4, 33474, IDR_0, 1, 376, MSALRRSGYGPSDGPSYGRYYGPGGGDVPVHPPPPLYPLRPEPPQPPISWRVRGGGPAETTWLGEGGGGDGYYPSGGAWPEPGRAGGSHQEQPPYPSYNSNYWNSTARSRAPYPSTYPVRPELQGQSLNSYTNGAYGPTYPPGPGANTASYSGAYYAPGYTQTSYSTEVPSTYRSSGNSPTPVSRWIYPQQDCQTEAPPLRGQVPGYPPSQNPGMTLPHYPYGDGNRSVPQSGPTVRPQEDAWASPGAYGMGGRYPWPSSAPSAPPGNLYMTESTSPWPSSGSPQSPPSPPVQQPKDSSYPYSQSDQSMNRHNFPCSVHQYESSGTVNNDDSDLLDSQVQYSAEPQLYGNATSDHPNNQDQSSSLPEECVPSDEST, 111.77, 48.3, 0.99
227, P52756, RBM5_HUMAN RNA-binding protein 5, 32841, IDR_0, 1, 97, MGSDKRVSRTERSGRYGSIIDRDDRDERESRSRRRDSDYKRSSDDRRGDRYDDYRDYDSPERERERRNSDRSEDGYHSDGDYGEHDYRHDISDERES, 63.56, 27.62, 1.11, IDR_1, 337, 539, AIAAAQWSSTQSQSGEGGSVDYSYLQPGQDGYAQYAQYSQDYQQFYQQQAGGLESDASSASGTAVTTTSAAVVSQSPQLYNQTSNPPGSPTEEAQPSTSTSTQAPAASPTGVVPGTKYAVPDTSTYQYDESSGYYYDPTTGLYYDPNSQYYYNSLTQQYLYWDGEKETYVPAAESSSHQQSGLPPAKEGKEKKEKPKSKTAQQ, 85.0, 38.4, 1.02, IDR_2, 601, 626, ELVRNGDEENPLKRGLVAAYSGDSDN, 33.72, 13.64, 1.14, IDR_3, 711, 815, KYGIPEPPEPKRKKQFDAGTVNYEQPTKDGIDHSNIGNKMLQAMGWREGSGLGRKCQGITAPIEAQVRLKGAGLGAKGSAYGLSGADSYKDAVRKAMFARFTEME, 72.09, 30.17, 1.21
228, O75069, TMCC2_HUMAN Transmembrane and coiled-coil domains protein 2, 32832, IDR_0, 1, 283, MKRCRSDELQQQQGEEDGAGLEDAASHLPGADLRPGETTGANSAGGPTSDAGAAAAPNPGPRSKPPDLKKIQQLSEGSMFGHGLKHLFHSRRRSREREHQTSQDSQQHQQQQGMSDHDSPDEKERSPEMHRVSYAMSLHDLPARPTAFNRVLQQIRSRPSIKRGASLHSSSGGGSSGSSSRRTKSSSLEPQRGSPHLLRKAPQDSSLAAILHQHQCRPRSSSTTDTALLLADGSNVYLLAEEAEGIGDKVDKGDLVALSLPAGHGDTDGPISLDVPDGAPDPQ, 124.69, 52.19, 1.27, IDR_1, 367, 514, NGPSRQPKDVLRDMQQGLKDVGANVRAGISGFGGGVVEGVKGSLSGLSQATHTAVVSKPREFASLIRNKFGSADNIAHLKDPLEDGPPEEAARALSGSATLVSSPKYGSDDECSSASASSAGAGSNSGAGPGGALGSPKSNALYGAPG, 91.45, 38.25, 1.29
229, Q96BY9, SARAF_HUMAN Store-operated calcium entry-associated regulatory factor, 32442, IDR_0, 1, 29, MAAACGPGAAGYCLLLGLHLFLLTAGPAL, 36.34, 14.73, 1.16, IDR_1, 197, 339, GQYSPPPYSEYPPFSHRYQRFTNSAGPPPPGFKSEFTGPQNTGHGATSGFGSAFTGQQGYENSGPGFWTGLGTGGILGYLFGSNRAATPFSDSWYYPSYPPSYPGTWNRAYSPLHGGSGSYSVCSNSDTKTRTASGYGGTRRR, 57.39, 27.06, 0.83
230, P51531, SMCA2_HUMAN Probable global transcription activator SNF2L2, 31756, IDR_0, 1, 337, MSTPTDPGAMPHPGPSPGPGPSPGPILGPSPGPGPSPGSVHSMMGPSPGPPSVSHPMPTMGSTDFPQEGMHQMHKPIDGIHDKGIVEDIHCGSMKGTGMRPPHPGMGPPQSPMDQHSQGYMSPHPSPLGAPEHVSSPMSGGGPTPPQMPPSQPGALIPGDPQAMSQPNRGPSPFSPVQLHQLRAQILAYKMLARGQPLPETLQLAVQGKRTLPGLQQQQQQQQQQQQQQQQQQQQQQQPQQQPPQPQTQQQQQPALVNYNRPSGPGPELSGPSTPQKLPVPAPGGRPSPAPPAAAQPPAAAVPGPSVPQPAPGQPSPVLQLQQKQSRISPIQKPQGL, 150.44, 60.89, 1.41, IDR_1, 553, 678, AKEKKKRRRRKKKAEENAEGGESALGPDGEPIDESSQMSDLPVKVTHTETGKVLFGPEAPKASQLDAWLEMNPGYEVAPRSDSEESDSDYEEEDEEEESSRQETEEKILLDPNSEEVSEKDAKQII, 70.93, 32.96, 1.08, IDR_2, 1223, 1423, HEEENEEEDEVPDDETLNQMIARREEEFDLFMRMDMDRRREDARNPKRKPRLMEEDELPSWIIKDDAEVERLTCEEEEEKIFGRGSRQRRDVDYSDALTEKQWLRAIEDGNLEEMEEEVRLKKRKRRRNVDKDPAKEDVEKAKKRRGRPPAEKLSPNPPKLTKQMNAIIDTVINYKDRCNVEKVPSNSQLEIEGNSSGRQL, 93.1, 42.44, 1.13, IDR_3, 1505, 1590, KIAKEEESEDESNEEEEEEDEEESESEAKSVKVKIKLNKKDDKGRDKGKGKKRPNRGKAKPVVSDFDSDEEQDEREQSEGSGTDDE, 61.24, 24.85, 1.14
231, P02533, K1C14_HUMAN Keratin; type I cytoskeletal 14, 31543, IDR_0, 1, 118, MTTCSRQFTSSSSMKGSCGIGGGIGGGSSRISSVLAGGSCRAPSTYGGGLSVSSSRFSSGGACGLGGGYGGGFSSSSSSFGSGFGGGYGGGLGAGLGGGFGGGFAGGDGLLVGSEKVT, 71.98, 29.78, 1.15, IDR_1, 425, 472, HLSSSQFSSGSQSSRDVTSSSRQIRTKVMDVHDGKVVSTHEQVLRTKN, 45.98, 19.27, 1.14
232, P19012, K1C15_HUMAN Keratin; type I cytoskeletal 15, 31543, IDR_0, 1, 107, MTTTFLQTSSSTFGGGSTRGGSLLAGGGGFGGGSLSGGGGSRSISASSARFVSSGSGGGYGGGMRVCGFGGGAGSVFGGGFGGGVGGGFGGGFGGGDGGLLSGNEKI, 65.87, 27.22, 1.11, IDR_1, 422, 456, IREASSGGGGSSSNFHINVEESVDGQVVSSHKREI, 38.45, 15.5, 1.12
233, Q2VIQ3, KIF4B_HUMAN Chromosome-associated kinesin KIF4B, 31201, IDR_0, 195, 214, NNSRTVASTAMNSQSSRSHA, 27.69, 11.05, 1.06, IDR_1, 489, 514, DTAVEEEAQVETSPETSRSSDAFTTQ, 34.15, 14.02, 1.15, IDR_2, 724, 737, VTDKRKETQSHGKE, 22.62, 9.13, 1.05, IDR_3, 784, 804, KKESRENPPPKLRKCTFSLSE, 32.96, 13.71, 1.24, IDR_4, 1003, 1234, QKHLPNDTLLSPDSSFEYIPPKPKPSRVKEKFLEQSMDIEDLKYCSEHSVNEHEDGDGDGDSDEGDDEEWKPTKLVKVSRKNIQGCSCKGWCGNKQCGCRKQKSDCGVDCSCDPTKCRNRQQGKDSLGTVEQTQDSEGSFKLEDPTEVTPGLSFFNPVCATPNSKILKEMCDMEQVLSKKTAPAPSPFDLPESKHGATEYQQNKPPGKKKKRALASNTSFFSGCSPIEEEAH, 111.87, 47.5, 1.26
234, O95239, KIF4A_HUMAN Chromosome-associated kinesin KIF4A, 31201, IDR_0, 196, 255, NSRTVASTAMNSQSSRSHAIFTISLEQRKKSDKNSSFRSKLHLVDLAGSERQKKTKAEGD, 53.41, 22.21, 1.18, IDR_1, 494, 511, QEAQVETSPETSRSSDAF, 26.48, 10.97, 1.07, IDR_2, 725, 739, ADKRKETQSRGMEGT, 23.96, 9.52, 1.07, IDR_3, 782, 814, KEKKESGENPPPKLRRRTFSLTEVRGQVSESED, 39.05, 16.39, 1.17, IDR_4, 1003, 1232, QKHLPKDTLLSPDSSFEYVPPKPKPSRVKEKFLEQSMDIEDLKYCSEHSVNEHEDGDGDDDEGDDEEWKPTKLVKVSRKNIQGCSCKGWCGNKQCGCRKQKSDCGVDCCCDPTKCRNRQQGKDSLGTVERTQDSEGSFKLEDPTEVTPGLSFFNPVCATPNSKILKEMCDVEQVLSKKTPPAPSPFDLPELKHVATEYQENKAPGKKKKRALASNTSFFSGCSPIEEEAH, 111.92, 47.3, 1.27
235, Q9H4Z3, CAPAM_HUMAN mRNA (2'-O-methyladenosine-N(6)-)-methyltransferase, 31088, IDR_0, 1, 165, MANENHGSPREEASLLSHSPGTSNQSQPCSPKPIRLVQDLPEELVHAGWEKCWSRRENRPYYFNRFTNQSLWEMPVLGQHDVISDPLGLNATPLPQDSSLVETPPAENKPRKRQLSEEQPSGNGVKKPKIEIPVTPTGQSVPSSPSIPGTPTLKMWGTSPEDKQQ, 94.96, 39.96, 1.27, IDR_1, 667, 704, YRQSGRSHSSGSSSSSSSEAKDRDSGREQGPSREPHPT, 41.86, 16.64, 1.17
236, Q9NWB1, RFOX1_HUMAN RNA binding protein fox-1 homolog 1, 30826, IDR_0, 1, 117, MNCEREQLRGNQEAAAAPDTMAQPYASAQFAPPQNGIPAEYTAPHPHPAPEYTGQTTVPEHTLNLYPPAQTHSEQSPADTSAQTVSGTATQTDDAAPTDGQPQTQPSENTENKSQPK, 81.36, 33.9, 1.29, IDR_1, 236, 397, EGSSMYSAPSSLVYTSAMPGFPYPAATAAAAYRGAHLRGRGRTVYNTFRAAAPPPPIPAYGGVVYQDGFYGADIYGGYAAYRYAQPTPATAAAYSDSYGRVYAADPYHHALAPAPTYGVGAMNAFAPLTDAKTRSHADDVGLVLSSLQASIYRGGYNRFAPY, 72.4, 32.21, 0.97
237, O43251, RFOX2_HUMAN RNA binding protein fox-1 homolog 2, 30826, IDR_0, 1, 120, MQNEPLTPGYHGFPARDSQGNQEPTTTPDAMVQPFTTIPFPPPPQNGIPTEYGVPHTQDYAGQTGEHNLTLYGSTQAHGEQSSNSPSTQNGSLTTEGGAQTDGQQSQTQSSENSESKSTP, 78.93, 33.27, 1.24, IDR_1, 295, 390, AVRAVPPTAIPAYPGVVYQDGFYGADLYGGYAAYRYAQPATATAATAAAAAAAAYSDGYGRVYTADPYHALAPAASYGVGAVASLYRGGYSRFAPY, 56.64, 25.08, 0.98
238, Q9Y2H0, DLGP4_HUMAN Disks large-associated protein 4, 29648, IDR_0, 1, 800, MKGLGDSRPRHLSDSLDPPHEPLFAGTDRNPYLLSPTEAFAREARFPGQNTLPGDGLFPLNNQLPPPSSTFPRIHYNSHFEVPEESPFPSHAQATKINRLPANLLDQFEKQLPIHRDGFSTLQFPRGEAKARGESPGRIRHLVHSVQRLFFTKAPSLEGTAGKVGGNGSKKGGMEDGKGRRAKSKERAKAGEPKRRSRSNISGWWSSDDNLDGEAGAFRSSGPASGLMTLGRQAERSQPRYFMHAYNTISGHMLKTTKNNTTELTAPPPPPAPPATCPSLGVGTDTNYVKRGSWSTLTLSHAHEVCQKTSATLDKSLLKSKSCHQGLAYHYLQVPGGGGEWSTTLLSPRETDAAAEGPIPCRRMRSGSYIKAMGDEDSDESGGSPKPSPKTAARRQSYLRATQQSLGEQSNPRRSLDRLDSVDMLLPSKCPSWEEDYTPVSDSLNDSSCISQIFGQASLIPQLFGHEQQVREAELSDQYEAACESACSEAESTAAETLDLPLPSYFRSRSHSYLRAIQAGCSQEEDSVSLQSLSPPPSTGSLSNSRTLPSSSCLVAYKKTPPPVPPRTTSKPFISVTVQSSTESAQDTYLDSQDHKSEVTSQSGLSNSSDSLDSSTRPPSVTRGGVAPAPEAPEPPPKHAALKSEQGTLTSSESHPEAAPKRKLSSIGIQVDCIQPVPKEEPSPATKFQSIGVQVEDDWRSSVPSHSMSSRRDTDSDTQDANDSSCKSSERSLPDCTPHPNSISIDAGPRQAPKIAQIKRNLSYGDNSDPALEASSLPPPDPWLETSSSSPAEPAQPGAC, 214.81, 90.58, 1.3, IDR_1, 914, 992, ETPEKRKEEKKPPPPVPKKPAKSKPAVSRDKASDASDKQRQEARKRLLAAKRAASVRQNSATESADSIEIYVPEAQTRL, 66.99, 27.68, 1.29
239, Q7Z570, Z804A_HUMAN Zinc finger protein 804A, 29476, IDR_0, 1, 33, MECYYIVISSTHLSNGHFRNIKGVFRGPLSKNG, 35.68, 15.09, 1.07, IDR_1, 126, 1209, ETVCAPGSGPMFKSTTVTVRENCNEISQRVVVDSVNNQQDFKYTLIHSEENTKDATTVAEDPESANNYTAKNNQVGDQAQGIHRHKIGFSFAFPKKASVKLESSAAAFSEYSDDASVGKGFSRKSRFVPSACHLQQSSPTDVLLSSEEKTNSFHPPEAMCRDKETVQTQEIKEVSSEKDALLLPSFCKFQLQLSSDADNCQNSVPLADQIPLESVVINEDIPVSGNSFELLGNKSTVLDMSNDCISVQATTEENVKHNEASTTEVENKNGPETLAPSNTEEVNITIHKKTNFCKRQCEPFVPVLNKHRSTVLQWPSEMLVYTTTKPSISYSCNPLCFDFKSTKVNNNLDKNKPDLKDLCSQQKQEDICMGPLSDYKDVSTEGLTDYEIGSSKNKCSQVTPLLADDILSSSCDSGKNENTGQRYKNISCKIRETEKYNFTKSQIKQDTLDEKYNKIRLKETHEYWFHKSRRKKKRKKLCQHHHMEKTKESETRCKMEAENSYTENAGKYLLEPISEKQYLAAEQLLDSHQLLDKRPKSESISLSDNEEMCKTWNTEYNTYDTISSKNHCKKNTILLNGQSNATMIHSGKHNLTYSRTYCCWKTKMSSCSQDHRSLVLQNDMKHMSQNQAVKRGYNSVMNESERFYRKRRQHSHSYSSDESLNRQNHLPEEFLRPPSTSVAPCKPKKKRRRKRGRFHPGFETLELKENTDYPVKDNSSLNPLDRLISEDKKEKMKPQEVAKIERNSEQTNQLRNKLSFHPNNLLPSETNGETEHLEMETTSGELSDVSNDPTTSVCVASAPTKEAIDNTLLEHKERSENINLNEKQIPFQVPNIERNFRQSQPKSYLCHYELAEALPQGKMNETPTEWLRYNSGILNTQPPLPFKEAHVSGHTFVTAEQILAPLALPEQALLIPLENHDKFKNVPCEVYQHILQPNMLANKVKFTFPPAALPPPSTPLQPLPLQQSLCSTSVTTIHHTVLQQHAAAAAAAAAAAAAGTFKVLQPHQQFLSQIPALTRTSLPQLSVGPVGPRLCPGNQPTFVAPPQMPIIPASVLHPSHLAFPSLPHALFPSLLSPHPTVIPLQPLF, 248.18, 104.82, 1.3
240, Q9UKJ3, GPTC8_HUMAN G patch domain-containing protein 8, 29476, IDR_0, 1, 24, MADRFSRFNEDRDFQGNHFDQYEE, 28.83, 12.24, 1.01, IDR_1, 205, 1502, QAECAPGSGPMFKPTTVAVDEEGGEDDKDESATNSGTGATASCGLGSEFSTDKGGPFTAVQITNTTGLAQAPGLASQGISFGIKNNLGTPLQKLGVSFSFAKKAPVKLESIASVFKDHAEEGTSEDGTKPDEKSSDQGLQKVGDSDGSSNLDGKKEDEDPQDGGSLASTLSKLKRMKREEGAGATEPEYYHYIPPAHCKVKPNFPFLLFMRASEQMDGDNTTHPKNAPESKKGSSPKPKSCIKAAASQGAEKTVSEVSEQPKETSMTEPSEPGSKAEAKKALGGDVSDQSLESHSQKVSETQMCESNSSKETSLATPAGKESQEGPKHPTGPFFPVLSKDESTALQWPSELLIFTKAEPSISYSCNPLYFDFKLSRNKDARTKGTEKPKDIGSSSKDHLQGLDPGEPNKSKEVGGEKIVRSSGGRMDAPASGSACSGLNKQEPGGSHGSETEDTGRSLPSKKERSGKSHRHKKKKKHKKSSKHKRKHKADTEEKSSKAESGEKSKKRKKRKRKKNKSSAPADSERGPKPEPPGSGSPAPPRRRRRAQDDSQRRSLPAEEGSSGKKDEGGGGSSSQDHGGRKHKGELPPSSCQRRAGTKRSSRSSHRSQPSSGDEDSDDASSHRLHQKSPSQYSEEEEEEDSGSEHSRSRSRSGRRHSSHRSSRRSYSSSSDASSDQSCYSRQRSYSDDSYSDYSDRSRRHSKRSHDSDDSDYASSKHRSKRHKYSSSDDDYSLSCSQSRSRSRSHTRERSRSRGRSRSSSCSRSRSKRRSRSTTAHSWQRSRSYSRDRSRSTRSPSQRSGSRKRSWGHESPEERHSGRRDFIRSKIYRSQSPHYFRSGRGEGPGKKDDGRGDDSKATGPPSQNSNIGTGRGSEGDCSPEDKNSVTAKLLLEKIQSRKVERKPSVSEEVQATPNKAGPKLKDPPQGYFGPKLPPSLGNKPVLPLIGKLPATRKPNKKCEESGLERGEEQEQSETEEGPPGSSDALFGHQFPSEETTGPLLDPPPEESKSGEATADHPVAPLGTPAHSDCYPGDPTISHNYLPDPSDGDTLESLDSSSQPGPVESSLLPIAPDLEHFPSYAPPSGDPSIESTDGAEDASLAPLESQPITFTPEEMEKYSKLQQAAQQHIQQQLLAKQVKAFPASAALAPATPALQPIHIQQPATASATSITTVQHAILQHHAAAAAAAIGIHPHPHPQPLAQVHHIPQPHLTPISLSHLTHSIIPGHPATFLASHPIHIIPASAIHPGPFTFHPVPHAALYPTLLAPRPAAAAATALHLHPLLHPIFSGQDLQHPPSHGT, 278.69, 118.49, 1.33
241, Q12789, TF3C1_HUMAN General transcription factor 3C polypeptide 1, 29342, IDR_0, 341, 358, RNDHDDDEDEEVISKTVP, 26.44, 10.91, 1.07, IDR_1, 450, 612, SELLTTVSLASMQEESLLPEGEDTFLSESDSEEERSSSKRRGRGSQKDTRASANLRPKTQPHHSTPTKGGWKVVNLHPLKKQPPSFPGAAEERACQSLASRDSLLDTSSVSEPNVSFVSHCADSNSGDIAVIEEVRMENPKESSSSLKTGRHSSGQDKPHETY, 94.93, 39.78, 1.28, IDR_2, 690, 868, LVVHPSMDQNDPLVRSAIEQVRFRISNSSTANRVKTSQPPVPQGEAEEDSQGKEGPSGSGDSQLSASSRSESGRMKKSDNKMGITPLRNYHPIVVPGLGRSLGFLPKMPRLRVVHMFLWYLIYGHPASNTVEKPSFISERRTIKQESGRAGVRPSSSGSAWEACSEAPSKGSQDGVTWE, 96.14, 41.16, 1.23, IDR_3, 1055, 1120, CPRVRKNSSTDQGSDEEGSLQKEQESAMDKHNLERKCAMLEYTTGSREVVDEGLIPGDGLGAAGLD, 57.41, 23.79, 1.22, IDR_4, 1162, 1251, KRPMPLSARGNSRLNIWGEARVGSELCAGWEEQFEVDREPSLDRNRRVRGGKSQKRKRLKKDPGKKIKRKKKGEFPGEKSKRLRYHDEAD, 64.7, 27.84, 1.17, IDR_5, 1538, 1558, QPDRFSFKDQDNNEPTNDMVA, 30.21, 12.3, 1.13, IDR_6, 1599, 1700, ENEVIKSLGKDGSLEDDEDEEDDLDEGVGGKRRSMEVKPAQASHTNYLLMRGYYSPGIVSTRNLNPNDSIVVNSCQMKFQLRCTPVPARLRPAAAPLEELTM, 71.24, 29.46, 1.21, IDR_7, 1820, 1977, KDREDADIQREDPQARPLEGSSSEDSPPEGQAPPSHSPRGTKRRASWASENGETDAEGTQMTPAKRPALQDSNLAPSLGPGAEDGAEAQAPSPPPALEDTAAAGAAQEDQEGVGEFSSPGQEQLSGQAQPPEGSEDPRGFTESFGAANISQAARERDC, 96.05, 40.44, 1.31, IDR_8, 2055, 2109, PRPVSLFSTPVVEEVEVPSSLDESPMAFYEPTLDCTLRLGRVFPHEVNWNKWIHL, 50.13, 21.36, 1.16
242, Q86X53, ERIC1_HUMAN Glutamate-rich protein 1, 29253, IDR_0, 1, 334, MAAHRKHVFVEKVLQRLFPPVPSGQGKREPQTLAVQNPPKKVTSEKVSQKHAEPLTDTGSETPTARRLYTASGPPEGYVPCWPEPSSCGSPENASSGDDTEDQDPHDQPKRRRIRKHKSKKKFKNPNNVLIEQAELEKQQSLLQEKSQRQHTDGTTISKNKKRKLKKKQQIKRKKAAGLAAKAAGVSFMYQPEDSSNEGEGVGEACEEDGVDTSEEDPTLAGEEDVKDTREEDGADASEEDLTRARQEEGADASEEDPTPAGEEDVKDAREEDGVDTIEEDLTRAGEEDGKDTREEDGADASEEDPTWAGEEEGADSGEEDGADASEEDDTITN, 114.04, 53.04, 1.07
243, Q9BRR8, GPTC1_HUMAN G patch domain-containing protein 1, 29142, IDR_0, 1, 115, MAARDSDSEEDLVSYGTGLEPLEEGERPKKPIPLQDQTVRDEKGRYKRFHGAFSGGFSAGYFNTVGSKEGWTPSTFVSSRQNRADKSVLGPEDFMDEEDLSEFGIAPKAIVTTDD, 75.03, 30.36, 1.2, IDR_1, 165, 431, WKEGQGVGPRVKRRPRRQKPDPGVKIYGCALPPGSSEGSEGEDDDYLPDNVTFAPKDVTPVDFTPKDNVHGLAYKGLDPHQALFGTSGEHFNLFSGGSERAGDLGEIGLNKGRKLGISGQAFGVGALEEEDDDIYATETLSKYDTVLKDEEPGDGLYGWTAPRQYKNQKESEKDLRYVGKILDGFSLASKPLSSKKIYPPPELPRDYRPVHYFRPMVAATSENSHLLQVLSESAGKATPDPGTHSKHQLNASKRAELLGETPIQGSA, 115.04, 49.41, 1.21, IDR_2, 472, 505, SRAQLSPAAAAGHCSWNMALGGGTATLKASNFKP, 38.19, 15.65, 1.12, IDR_3, 563, 597, STLSSRFTHAKEEDDSDQVEVPRDQENDVGDKQSA, 39.48, 16.54, 1.15, IDR_4, 652, 931, TLPETASLPTTQASSEKVSQHRGPDKSRKPSRWDTSKHEKKEDSISEFLSLARSKAEPPKQQSSPLVNKEEEHAPELSANQTVNKDVDAQAEGEGSRPSMDLFRAIFASSSDEKSSSSEDEQGDSEDDQAGSGEANFQSSQDTDLGETSSVAHALVPAPQEPPPSFPIQKMQIDEREEFGPRLPPVFCPNARQTLEVPQKEKHKKNKDKHKAKKEHRRKKEKKKKHRKHKHKGKQKNKKPEKSSSSESSDSSDSQSDEETADVSPQELLRRLKSLPLRRQ, 120.72, 52.39, 1.24
244, O95628, CNOT4_HUMAN CCR4-NOT transcription complex subunit 4, 28674, IDR_0, 255, 575, STGSVDKNKNKVTPLQRYDTPIDKPSDSLSIGNGDNSQQISNSDTPSPPPGLSKSNPVIPISSSNHSARSPFEGAVTESQSLFSDNFRHPNPIPSGLPPFPSSPQTSSDWPTAPEPQSLFTSETIPVSSSTDWQAAFGFGSSKQPEDDLGFDPFDVTRKALADLIEKELSVQDQPSLSPTSLQNSSSHTTTAKGPGSGFLHPAAATNANSLNSTFSVLPQRFPQFQQHRAVYNSFSFPGQAARYPWMAFPRNSIMHLNHTANPTSNSNFLDLNLPPQHNTGLGGIPVAGEEEVKVSTMPLSTSSHSLQQGQQPTSLHTTVA, 128.73, 54.63, 1.23
245, Q12830, BPTF_HUMAN Nucleosome-remodeling factor subunit BPTF, 28220, IDR_0, 1, 232, MRGRRGRPPKQPAAPAAERCAPAPPPPPPPPTSGPIGGLRSRHRGSSRGRWAAAQAEVAPKTRLSSPRGGSSSRRKPPPPPPAPPSTSAPGRGGRGGGGGRTGGGGGGGHLARTTAARRAVNKVVYDDHESEEEEEEEDMVSEEEEEEDGDAEETQDSEDDEEDEMEEDDDDSDYPEEMEDDDDDASYCTESSFRSHSTYSSTPGRRKPRVHRPRSPILEEKDIPPLEFPKS, 88.83, 39.94, 1.0, IDR_1, 563, 783, KKGDIDNVKSPEETEKDKNETENDSKDAEKNREEFEDQSLEKDSDDKTPDDDPEQGKSEEPTEVGDKGNSVSANLGDNTTNATSEETSPSEGRSPVGCLSETPDSSNMAEKKVASELPQDVPEEPNKTCESSNTSATTTSIQPNLENSNSSSELNSSQSESAKAADDPENGERESHTPVSIQEEIVGDFKSEKSNGELSESPGAGKGASGSTRIITRLRNP, 123.19, 52.58, 1.42, IDR_2, 987, 1002, EKVKKKEKKQEEEETM, 23.41, 9.72, 1.01, IDR_3, 1048, 1844, KLPGNTNVNYRKSLEGTKNNMDENMDESDKRKCSRSPKKIKIEPDSEKDEVKGSDAAKGADQNEMDISKITEKKDQDVKELLDSDSDKPCKEEPMEVDDDMKTESHVNCQESSQVDVVNVSEGFHLRTSYKKKTKSSKLDGLLERRIKQFTLEEKQRLEKIKLEGGIKGIGKTSTNSSKNLSESPVITKAKEGCQSDSMRQEQSPNANNDQPEDLIQGCSESDSSVLRMSDPSHTTNKLYPKDRVLDDVSIRSPETKCPKQNSIENDIEEKVSDLASRGQEPSKSKTKGNDFFIDDSKLASADDIGTLICKNKKPLIQEESDTIVSSSKSALHSSVPKSTNDRDATPLSRAMDFEGKLGCDSESNSTLENSSDTVSIQDSSEEDMIVQNSNESISEQFRTREQDVEVLEPLKCELVSGESTGNCEDRLPVKGTEANGKKPSQQKKLEERPVNKCSDQIKLKNTTDKKNNENRESEKKGQRTSTFQINGKDNKPKIYLKGECLKEISESRVVSGNVEPKVNNINKIIPENDIKSLTVKESAIRPFINGDVIMEDFNERNSSETKSHLLSSSDAEGNYRDSLETLPSTKESDSTQTTTPSASCPESNSVNQVEDMEIETSEVKKVTSSPITSEEESNLSNDFIDENGLPINKNENVNGESKRKTVITEVTTMTSTVATESKTVIKVEKGDKQTVVSSTENCAKSTVTTTTTTVTKLSTPSTGGSVDIISVKEQSKTVVTTTVTDSLTTTGGTLVTSMTVSKEYSTRDKVKLMKFSRPKKTRSGTALPSYRKFVTKSSKK, 241.72, 102.9, 1.47, IDR_4, 1922, 2610, MAAKAPPGGGTTRTETSETEITTTEIIKRRDVGPYGIRSEYCIRKIICPIGVPETPKETPTPQRKGLRSSALRPKRPETPKQTGPVIIETWVAEEELELWEIRAFAERVEKEKAQAVEQQAKKRLEQQKPTVIATSTTSPTSSTTSTISPAQKVMVAPISGSVTTGTKMVLTTKVGSPATVTFQQNKNFHQTFATWVKQGQSNSGVVQVQQKVLGIIPSSTGTSQQTFTSFQPRTATVTIRPNTSGSGGTTSNSQVITGPQIRPGMTVIRTPLQQSTLGKAIIRTPVMVQPGAPQQVMTQIIRGQPVSTAVSAPNTVSSTPGQKSLTSATSTSNIQSSASQPPRPQQGQVKLTMAQLTQLTQGHGGNQGLTVVIQGQGQTTGQLQLIPQGVTVLPGPGQQLMQAAMPNGTVQRFLFTPLATTATTASTTTTTVSTTAAGTGEQRQSKLSPQMQVHQDKTLPPAQSSSVGPAEAQPQTAQPSAQPQPQTQPQSPAQPEVQTQPEVQTQTTVSSHVPSEAQPTHAQSSKPQVAAQSQPQSNVQGQSPVRVQSPSQTRIRPSTPSQLSPGQQSQVQTTTSQPIPIQPHTSLQIPSQGQPQSQPQVQSSTQTLSSGQTLNQVTVSSPSRPQLQIQQPQPQVIAVPQLQQQVQVLSQIQSQVVAQIQAQQSGVPQQIKLQLPIQIQQSSAVQTH, 220.93, 92.82, 1.45, IDR_5, 2714, 2729, QAAKKRKREESVEQKR, 24.07, 10.12, 1.03, IDR_6, 2789, 2866, ATAVAAPCPPVTPAPPAPPAPPPSPPPPPAVQHTGLLSTPTLPAASQKRKREEEKDSSSKSKKKKMISTTSKETKKDT, 72.6, 29.74, 1.4, IDR_7, 3034, 3046, SRSHNNKLQSTAS, 21.79, 8.8, 1.04
246, Q9Y5B6, PAXB1_HUMAN PAX3- and PAX7-binding protein 1, 28151, IDR_0, 1, 387, MFRKARRVNVRKRNDSEEEERERDEEQEPPPLLPPPGTGEEAGPGGGDRAPGGESLLGPGPSPPSALTPGLGAEAGGGFPGGAEPGNGLKPRKRPRENKEVPRASLLSFQDEEEENEEVFKVKKSSYSKKIVKLLKKEYKEDLEKSKIKTELNSSAESEQPLDKTGHVKDTNQEDGVIISEHGEDEMDMESEKEEEKPKTGGAFSNALSSLNVLRPGEIPDAAFIHAARKKRQMARELGDFTPHDNEPGKGRLVREDENDASDDEDDDEKRRIVFSVKEKSQRQKIAEEIGIEGSDDDALVTGEQDEELSRWEQEQIRKGINIPQVQASQPAEVNMYYQNTYQTMPYGSSYGIPYSYTAYGSSDAKSQKTDNTVPFKTPSNEMTPVT, 148.57, 63.51, 1.3, IDR_1, 489, 576, DDIKDESSEFSSHSNKALMAPNLDSFGRDRALYQEHAKRRIAEREARRTRRRQAREQTGKMADHLEGLSSDDEETSTDITNFNLEKDR, 61.31, 26.02, 1.12
247, Q9BUL5, PHF23_HUMAN PHD finger protein 23, 27455, IDR_0, 1, 329, MLEAMAEPSPEDPPPTLKPETQPPEKRRRTIEDFNKFCSFVLAYAGYIPPSKEESDWPASGSSSPLRGESAADSDGWDSAPSDLRTIQTFVKKAKSSKRRAAQAGPTQPGPPRSTFSRLQAPDSATLLEKMKLKDSLFDLDGPKVASPLSPTSLTHTSRPPAALTPVPLSQGDLSHPPRKKDRKNRKLGPGAGAGFGVLRRPRPTPGDGEKRSRIKKSKKRKLKKAERGDRLPPPGPPQAPPSDTDSEEEEEEEEEEEEEEMATVVGGEAPVPVLPTPPEAPRPPATVHPEGVPPADSESKEVGSTETSQDGDASSSEGEMRVMDEDIM, 140.44, 60.0, 1.33
248, Q53F19, NCBP3_HUMAN Nuclear cap-binding protein subunit 3, 27071, IDR_0, 1, 47, MAAVRGLRVSVKAEAPAGPALGLPSPEAESGVDRGEPEPMEVEEGEL, 50.72, 20.63, 1.27, IDR_1, 183, 620, AQDKIRSRDASEDKSAEKRKKDKQEDSSDDDEAEEGEVEDENSSDVELDTLSQVEEESLLRNDLRPANKLAKGNRLFMRFATKDDKKELGAARRSQYYMKYGNPNYGGMKGILSNSWKRRYHSRRIQRDVIKKRALIGDDVGLTSYKHRHSGLVNVPEEPIEEEEEEEEEEEEEEEEDQDMDADDRVVVEYHEELPALKQPRERSASRRSSASSSDSDEMDYDLELKMISTPSPKKSMKMTMYADEVESQLKNIRNSMRADSVSSSNIKNRIGNKLPPEKFADVRHLLDEKRQHSRPRPPVSSTKSDIRQRLGKRPHSPEKAFSSNPVVRREPSSDVHSRLGVPRQDSKGLYADTREKKSGNLWTRLGSAPKTKEKNTKKVDHRAPGAEEDDSELQRAWGALIKEKEQSRQKKSRLDNLPSLQIEVSRESSSGSEAES, 141.39, 59.49, 1.16
249, O94913, PCF11_HUMAN Pre-mRNA cleavage complex 2 protein Pcf11, 26761, IDR_0, 1, 19, MSEQTPAEAGAAGAREDAC, 28.54, 11.08, 1.12, IDR_1, 148, 193, KPLPPNVNTSSIHVNPKFLNKSPEEPSTPGTVVSSPSISTPPIVPD, 53.01, 21.63, 1.34, IDR_2, 238, 656, LSVQQETSNLGPGSAPSKLHVSQIPPMAVKAPHQVPVQSEKSRPGPSLQIQDLKGTNRDPRLNRISQHSHGKDQSHRKEFLMNTLNQSDTKTSKTIPSEKLNSSKQEKSKSGEKITKKELDQLDSKSKSKSKSPSPLKNKLSHTKDLKNQESESMRLSDMNKRDPRLKKHLQDKTDGKDDDVKEKRKTAEKKDKDEHMKSSEHRLAGSRNKIINGIVQKQDTITEESEKQGTKPGRSSTRKRSRSRSPKSRSPIIHSPKRRDRRSPKRRQRSMSPTSTPKAGKIRQSGAKQSHMEEFTPPSREDRNAKRSTKQDIRDPRRMKKTEEERPQETTNQHSTKSGTEPKENVENWQSSKSAKRWKSGWEENKSLQQVDEHSKPPHLRHRESWSSTKGILSPRAPKQQQHRLSVDANLQIPKEL, 169.57, 72.1, 1.42, IDR_3, 699, 1317, VREEQRSPFNDRFPLKRPRYEDSDKPFVDSPASRFAGLDTNQRLTALAEDRPLFDGPSRPSVARDGPTKMIFEGPNKLSPRIDGPPTPASLRFDGSPGQMGGGGPLRFEGPQGQLGGGCPLRFEGPPGPVGTPLRFEGPIGQAGGGGFRFEGSPGLRFEGSPGGLRFEGPGGQPVGGLRFEGHRGQPVGGLRFEGPHGQPVGGLRFDNPRGQPVGGLRFEGGHGPSGAAIRFDGPHGQPGGGIRFEGPLLQQGVGMRFEGPHGQSVAGLRFEGQHNQLGGNLRFEGPHGQPGVGIRFEGPLVQQGGGMRFEGPSVPGGGLRIEGPLGQGGPRFEGCHALRFDGQPGQPSLLPRFDGLHGQPGPRFERTPGQPGPQRFDGPPGQQVQPRFDGVPQRFDGPQHQQASRFDIPLGLQGTRFDNHPSQRLESVSFNQTGPYNDPPGNAFNAPSQGLQFQRHEQIFDSPQGPNFNGPHGPGNQSFSNPLNRASGHYFDEKNLQSSQFGNFGNIPAPMTVGNIQASQQVLSGVAQPVAFGQGQQFLPVHPQNPGFVQNPSGALPKAYPDNHLSQVDVNELFSKLLKTGILKLSQTDSATTQVSEVTAQPPPEEEEDQNEDQDVPD, 162.06, 67.12, 1.12, IDR_4, 1426, 1555, EKEFQSVPAGPAGAVESCEICQEQFEQYWDEEEEEWHLKNAIRVDGKIYHPSCYEDYQNTSSFDCTPSPSKTPVENPLNIMLNIVKNELQEPCDSPKVKEERIDTPPACTEESIATPSEIKTENDTVESV, 86.84, 36.29, 1.31
250, P54132, BLM_HUMAN Bloom syndrome protein, 26053, IDR_0, 1, 362, MAAVPQNNLQEQLERHSARTLNNKLSLSKPKFSGFTFKKKTSSDNNVSVTNVSVAKTPVLRNKDVNVTEDFSFSEPLPNTTNQQRVKDFFKNAPAGQETQRGGSKSLLPDFLQTPKEVVCTTQNTPTVKKSRDTALKKLEFSSSPDSLSTINDWDDMDDFDTSETSKSFVTPPQSHFVRVSTAQKSKKGKRNFFKAQLYTTNTVKTDLPPPSSESEQIDLTEEQKDDSEWLSSDVICIDDGPIAEVHINEDAQESDSLKTHLEDERDNSEKKKNLEEAELHSTEKVPCIEFDDDDYDTDFVPPSPEEIISASSSSSKCLSTLKDLDTSDRKEDVLSTSKDLLSKPEKMSMQELNPETSTDCD, 147.79, 61.64, 1.33, IDR_1, 413, 645, EVDFNKSDASLLGSLWRYRPDSLDGPMEGDSCPTGNSMKELNFSHLPSNSVSPGDCLLTTTLGKTGFSATRKNLFERPLFNTHLQKSFVSSNWAETPRLGKKNESSYFPGNVLTSTAVKDQNKHTASINDLERETQPSYDIDNFDIDDFDDDDDWEDIMHNLAASKSSTAAYQPIKEGRPIKSVSERLSSAKTDCLPVSSTAQNINFSESIQNYTDKSAQNLASRNLKHERFQ, 105.38, 45.32, 1.19, IDR_2, 1288, 1417, WTSPAEDSSPGISLSSSRGPGRSAAEELDEEIPVSSHYFASKTRNERKRKKMPASQRSKRRKTASSGSKAKGGSATCRKISSKTKSSSIIGSSSASHTSQATSGANSKLGIMAPPKPINRPFLKPSYAFS, 87.81, 36.55, 1.32
251, Q9P0U3, SENP1_HUMAN Sentrin-specific protease 1, 25936, IDR_0, 1, 333, MDDIADRMRMDAGEVTLVNHNSVFKTHLLPQTGFPEDQLSLSDQQILSSRQGHLDRSFTCSTRSAAYNPSYYSDNPSSDSFLGSGDLRTFGQSANGQWRNSTPSSSSSLQKSRNSRSLYLETRKTSSGLSNSFAGKSNHHCHVSAYEKSFPIKPVPSPSWSGSCRRSLLSPKKTQRRHVSTAEETVQEEEREIYRQLLQMVTGKQFTIAKPTTHFPLHLSRCLSSSKNTLKDSLFKNGNSCASQIIGSDTSSSGSASILTNQEQLSHSVYSLSSYTPDVAFGSKDSGTLHHPHHHHSVPHQPDNLAASNTQSEGSDSVILLKVKDSQTPTPSS, 130.31, 54.47, 1.23, IDR_1, 388, 419, LHLRVPLEKEIPVTVVQETQKKGHKLTDSEDE, 39.57, 16.0, 1.21
252, Q07864, DPOE1_HUMAN DNA polymerase epsilon catalytic subunit A, 25611, IDR_0, 1, 31, MSLRSGGRRRADPGADGEASRDDGATSSVSA, 35.86, 14.54, 1.1, IDR_1, 1188, 1316, TLEGRRQVTMAEASEDSPRPSAPDMEDFGLVKLPHPAAPVTVKRKRVLWESQEESQDLTPTVPWQEILGQPPALGTSQEEWLVWLRFHKKKWQLQARQRLARRKRQRLESAEGVLRPGAIRDGPATGLG, 75.66, 32.06, 1.14, IDR_2, 1770, 1782, ITGGQAASAPASY, 20.49, 8.73, 0.97, IDR_3, 1924, 1975, GIKGKVSSRIHCGLQDSQKAGGAEDEQENEDDEEERDGEEEEEAEESNVEDL, 48.5, 20.44, 1.16, IDR_4, 2014, 2045, GLRRSAPGSTPVRRRGASQLSQEAEGAVGALP, 38.5, 15.62, 1.17
253, Q9HCK8, CHD8_HUMAN Chromodomain-helicase-DNA-binding protein 8, 25188, IDR_0, 1, 637, MADPIMDLFDDPNLFGLDSLTDDSFNQVTQDPIEEALGLPSSLDSLDQMNQDGGGGDVGNSSASELVPPPEETAPTELSKESTAPAPESITLHDYTTQPASQEQPAQPVLQTSTPTSGLLQVSKSQEILSQGNPFMGVSATAVSSSSAGGQPPQSAPKIVILKAPPSSSVTGAHVAQIQAQGITSTAQPLVAGTANGGKVTFTKVLTGTPLRPGVSIVSGNTVLAAKVPGNQAAVQRIVQPSRPVKQLVLQPVKGSAPAGNPGATGPPLKPAVTLTSTPTQGESKRITLVLQQPQSGGPQGHRHVVLGSLPGKIVLQGNQLAALTQAKNAQGQPAKVVTIQLQVQQPQQKIQIVPQPPSSQPQPQQPPSTQPVTLSSVQQAQIMGPGQSPGQRLSVPVKVVLQPQAGSSQGASSGLSVVKVLSASEVAALSSPASSAPHSGGKTGMEENRRLEHQKKQEKANRIVAEAIARARARGEQNIPRVLNEDELPSVRPEEEGEKKRRKKSAGERLKEEKPKKSKTSGASKTKGKSKLNTITPVVGKKRKRNTSSDNSDVEVMPAQSPREDEESSIQKRRSNRQVKRKKYTEDLDIKITDDEEEEEVDVTGPIKPEPILPEPVQEPDGETLPSMQFFVENPS, 218.73, 91.2, 1.49, IDR_1, 1392, 1444, NNLVIDTPRVRKQTRHFSTLKDDDLVEFSDLESEDDERPRSRRHDRHHAYGRT, 46.23, 19.62, 1.09, IDR_2, 1514, 1542, GKTKELQNHSGLSIPVPRGRKGKKVKSQS, 38.7, 15.83, 1.24, IDR_3, 1681, 1741, IVEGVDFDKDCEDPEYKPLQGPPKDQDDEGDPLMMMDEEISVIDGDEAQVTQQPGHLFWPP, 62.06, 24.99, 1.36, IDR_4, 1963, 2312, NYMQNHQAGAPAPSLSRCSTPLLHQQYTSRTASPLPLRPDAPVEKSPEETATQVPSLESLTLKLEHEVVARSRPTPQDYEMRVSPSDTTPLVSRSVPPVKLEDEDDSDSELDLSKLSPSSSSSSSSSSSSSSTDESEDEKEEKLTDQSRSKLYDEESLLSLTMSQDGFPNEDGEQMTPELLLLQERQRASEWPKDRVLINRIDLVCQAVLSGKWPSSRRSQEMVTGGILGPGNHLLDSPSLTPGEYGDSPVPTPRSSSAASMAEEEASAVSTAAAQFTKLRRGMDEKEFTVQIKDEEGLKLTFQKHKLMANGVMGDGHPLFHKKKGNRKKLVELEVECMEEPNHLDVDLE, 147.33, 63.38, 1.35, IDR_5, 2373, 2581, KAELNCLGMEPVQTANSRNGKKGHHTETVFNRVLPGPIAPESSKKRARRMRPDLSKMMALMQGGSTGSLSLHNTFQHSSSGLQSVSSLGHSSATSASLPFMPFVMGGAPSSPHVDSSTMLHHHHHHPHPHHHHHHHPGLRAPGYPSSPVTTASGTTLRLPPLQPEEDDDEDEEDDDDLSQGYDSSERDFSLIDDPMMPANSDSSEDADD, 94.27, 41.75, 1.12
254, Q9H4L4, SENP3_HUMAN Sentrin-specific protease 3, 25150, IDR_0, 1, 310, MKETIQGTGSWGPEPPGPGIPPAYSSPRRERLRWPPPPKPRLKSGGGFGPDPGSGTTVPARRLPVPRPSFDASASEEEEEEEEEEDEDEEEEVAAWRLPPRWSQLGTSQRPRPSRPTHRKTCSQRRRRAMRAFRMLLYSKSTSLTFHWKLWGRHRGRRRGLAHPKNHLSPQQGGATPQVPSPCCRFDSPRGPPPPRLGLLGALMAEDGVRGSPPVPSGPPMEEDGLRWTPKSPLDPDSGLLSCTLPNGFGGQSGPEGERSLAPPDASILISNVCSIGDHVAQELFQGSDLGMAEEAERPGEKAGQHSPLR, 112.29, 50.17, 1.1
255, P55011, S12A2_HUMAN Solute carrier family 12 member 2, 24958, IDR_0, 1, 271, MEPRPTAPSSGAPGLAGVGETPSAAALAAARVELPGTAVPSVPEDAAPASRDGGGVRDEGPAAAGDGLGRPLGPTPSQSRFQVDLVSENAGRAAAAAAAAAAAAAAAGAGAGAKQTPADGEASGESEPAKGSEEAKGRFRVNFVDPAASSSAEDSLSDAAGVGVDGPNVSFQNGGDTVLSEGSSLHSGGGGGSGHHQHYYYDTHTNTYYLRTFGHNTMDAVPRIDHYRHTAAQLGEKLLRPSLAELHDELEKEPFEDGFANGEESTPTRDA, 121.59, 50.35, 1.27, IDR_1, 935, 1002, EELLSSQEKSPGTKDVVVSVEYSKKSDLDTSKPLSEKPITHKVEEEDGKTATQPLLKKESKGPIVPLN, 62.76, 25.84, 1.31
256, Q5VYS8, TUT7_HUMAN Terminal uridylyltransferase 7, 24862, IDR_0, 1, 209, MGDTAKPYFVKRTKDRGTMDDDDFRRGHPQQDYLIIDDHAKGHGSKMEKGLQKKKITPGNYGNTPRKGPCAVSSNPYAFKNPIYSQPAWMNDSHKDQSKRWLSDEHTGNSDNWREFKPGPRIPVINRQRKDSFQENEDGYRWQDTRGCRTVRRLFHKDLTSLETTSEMEAGSPENKKQRSRPRKPRKTRNEENEQDGDLEGPVIDESVL, 94.33, 40.22, 1.12, IDR_1, 512, 533, TDSAAGDTGITKEEAPRETPIK, 32.43, 12.48, 1.18, IDR_2, 634, 908, KITKSSLLKPLNAITCISEHSKEVINHHPDVQTKDDKLKNSVLAQGPGATSSAANTCKVQPLTLKETAESFGSPPKEEMGNEHISVHPENSDCIQADVNSDDYKGDKVYHPETGRKNEKEKVGRKGKHLLTVDQKRGEHVVCGSTRNNESESTLDLEGFQNPTAKECEGLATLDNKADLDGESTEGTEELEDSLNHFTHSVQGQTSEMIPSDEEEEDDEEEEEEEEPRLTINQREDEDGMANEDELDNTYTGSGDEDALSEEDDELGEAAKYEDV, 132.78, 53.95, 1.38, IDR_3, 1368, 1495, RRRDQEDALNQRYPENKEKRSKEDKEIHNKYTEREVSTKEDKPIQCTPQKAKPMRAAADLGREKILRPPVEKWKRQDDKDLREKRCFICGREGHIKKECPQFKGSSGSLSSKYMTQGKASAKRTQQES, 84.1, 35.82, 1.28
257, Q9ULJ8, NEB1_HUMAN Neurabin-1, 24485, IDR_0, 1, 485, MLKTESSGERTTLRSASPHRNAYRTEFQALKSTFDKPKSDGEQKTKEGEGSQQSRGRKYGSNVNRIKNLFMQMGMEPNENAAVIAKTRGKGGHSSPQRRMKPKEFLEKTDGSVVKLESSVSERISRFDTMYDGPSYSKFTETRKMFERSVHESGQNNRYSPKKEKAGGSEPQDEWGGSKSNRGSTDSLDSLSSRTEAVSPTVSQLSAVFENTDSPSAIISEKAENNEYSVTGHYPLNLPSVTVTNLDTFGHLKDSNSWPPSNKRGVDTEDAHKSNATPVPEVASKSTSLASIPGEEIQQSKEPEDSTSNQQTPDSIDKDGPEEPCAESKAMPKSEIPSPQSQLLEDAEANLVGREAAKQQRKELAGGDFTSPDASASSCGKEVPEDSNNFDGSHVYMHSDYNVYRVRSRYNSDWGETGTEQDEEEDSDENSYYQPDMEYSEIVGLPEEEEIPANRKIKFSSAPIKVFNTYSNEDYDRRNDEVDPV, 158.9, 70.02, 1.24, IDR_1, 625, 673, DADDDETGEYATDEEEDEVGPVLPGSDMAIEVFELPENEDMFSPSELDT, 57.6, 22.94, 1.41, IDR_2, 828, 982, VNNNNNIFERRTSLGEVSKGDTMENLDGKQTSCQDGLSQDLNEAVPETERLDSKALKTRAQLSVKNRRQRPSRTRLYDSVSSTDGEDSLERKNFTFNDDFSPSSTSSADLSGLGAEPKTPGLSQSLALSSDESLDMIDDEILDDGQSPKHSQCQN, 89.57, 37.78, 1.24, IDR_3, 1062, 1098, MEKQREKLRRKEQEQMQRKSKKTEKMTSTTAEGAGEQ, 40.78, 17.33, 1.16
258, Q9H9B1, EHMT1_HUMAN Histone-lysine N-methyltransferase EHMT1, 24122, IDR_0, 1, 548, MAAADAEAVPARGEPQQDCCVKTELLGEETPMAADEGSAEKQAGEAHMAADGETNGSCENSDASSHANAAKHTQDSARVNPQDGTNTLTRIAENGVSERDSEAAKQNHVTADDFVQTSVIGSNGYILNKPALQAQPLRTTSTLASSLPGHAAKTLPGGAGKGRTPSAFPQTPAAPPATLGEGSADTEDRKLPAPGADVKVHRARKTMPKSVVGLHAASKDPREVREARDHKEPKEEINKNISDFGRQQLLPPFPSLHQSLPQNQCYMATTKSQTACLPFVLAAAVSRKKKRRMGTYSLVPKKKTKVLKQRTVIEMFKSITHSTVGSKGEKDLGASSLHVNGESLEMDSDEDDSEELEEDDGHGAEQAAAFPTEDSRTSKESMSEADRAQKMDGESEEEQESVDTGEEEEGGDESDLSSESSIKKKFLKRKGKTDSPWIKPARKRRRRSRKKPSGALGSESYKSSAGSAEQTAPGDSTGYMEVSLDSLDLRVKGILSSQAEGLANGPDVLETDGLQEVPLCSCRMETPKSREITTLANNQCMATESVDH, 179.87, 76.0, 1.32, IDR_1, 628, 720, PHCGEESSKAKEVTIAKADTTSTVTPVPGQEKGSALEGRADTTTGSAAGPPLSEDDKLQGAASHVPEGFDPTGPAGLGRPTPGLSQGPGKETL, 74.29, 30.63, 1.32, IDR_2, 1272, 1298, QRQASAAQEAQEDGLPDTSSAAAADPL, 34.83, 13.91, 1.14
259, Q86Y07, VRK2_HUMAN Serine/threonine-protein kinase VRK2, 24001, IDR_0, 321, 485, GPLDFSTKGQSINVHTPNSQKVDSQKAATKQVNKAHNRLIEKKVHSERSAESCATWKVQKEEKLIGLMNNEAAQESTRRRQKYQESQEPLNEVNSFPQKISYTQFPNSFYEPHQDFTSPDIFKKSRSPSWYKYTSTVSTGITDLESSTGLWPTISQFTLSEETNA, 86.78, 36.56, 1.16
260, Q14938, NFIX_HUMAN Nuclear factor 1 X-type, 23276, IDR_0, 185, 502, TPESGQSDSSNQQGDADIKPLPNGHLSFQDCFVTSGVWNVTELVRVSQTPVATASGPNFSLADLESPSYYNINQVTLGRRSITSPPSTSTTKRPKSIDDSEMESPVDDVFYPGTGRSPAAGSSQSSGWPNDVDAGPASLKKSGKLDFCSALSSQGSSPRMAFTHHPLPVLAGVRPGSPRATASALHFPSTSIIQQSSPYFTHPTIRYHHHHGQDSLKEFVQFVCSDGSGQATGQPNGSGQGKVPGSFLLPPPPPVARPVPLPMPDSKSTSTAPDGAALTPPSPSFATTGASSANRFVSIGPRDGNFLNIPQQSQSWFL, 126.45, 54.79, 1.22
261, Q9ULU4, PKCB1_HUMAN Protein kinase C-binding protein 1, 23048, IDR_0, 1, 70, MDISTRSKDPGSAERTAQKRKFPSPPHSSNGHSPQDTSTSPIKKKKKPGLLNSNNKEQSELRHGPFYYMK, 62.25, 25.89, 1.28, IDR_1, 367, 919, TPYTPNSQYQMLLDPTNPSAGTAKIDKQEKVKLNFDMTASPKILMSKPVLSGGTGRRISLSDMPRSPMSTNSSVHTGSDVEQDAEKKATSSHFSASEESMDFLDKSTASPASTKTGQAGSLSGSPKPFSPQLSAPITTKTDKTSTTGSILNLNLDRSKAEMDLKELSESVQQQSTPVPLISPKRQIRSRFQLNLDKTIESCKAQLGINEISEDVYTAVEHSDSEDSEKSDSSDSEYISDDEQKSKNEPEDTEDKEGCQMDKEPSAVKKKPKPTNPVEIKEELKSTSPASEKADPGAVKDKASPEPEKDFSEKAKPSPHPIKDKLKGKDETDSPTVHLGLDSDSESELVIDLGEDHSGREGRKNKKEPKEPSPKQDVVGKTPPSTTVGSHSPPETPVLTRSSAQTSAAGATATTSTSSTVTVTAPAPAATGSPVKKQRPLLPKETAPAVQRVVWNSSSKFQTSSQKWHMQKMQRQQQQQQQQNQQQQPQSSQGTRYQTRQAVKAVQQKEITQSPSTSTITLVTSTQSSPLVTSSGSMSTLVSSVNADLPIATAS, 198.35, 84.43, 1.45, IDR_2, 1060, 1186, KSCTQSATAPQQEADAEVNTETLNKSSQGSSSSTQSAPSETASASKEKETSAEKSKESGSTLDLSGSRETPSSILLGSNQGSDHSRSNKSSWSSSDEKRGSTRSDHNTSTSTKSLLPKESRLDTFWD, 81.77, 34.55, 1.25
262, Q9NZM3, ITSN2_HUMAN Intersectin-2, 22708, IDR_0, 1, 27, MMAQFPTAMNGGPNMWAITSEERTKHD, 33.62, 13.73, 1.11, IDR_1, 97, 246, VVLPPIMKQPPMFSPLISARFGMGSMPNLSIPQPLPPAAPITSLSSATSGTNLPPLMMPTPLVPSVSTSSLPNGTASLIQPLPIPYSSSTLPHGSSYSLMMGGFGGASIQKAQSLIDLGSSSSTSSTASLSGNSPKTGTSEWAVPQPTRL, 99.26, 41.16, 1.39, IDR_2, 317, 444, PLPLTLPPELVPPSFRGGKQIDSINGTLPSYQKMQEEEPQKKLPVTFEDKRKANYERGNMELEKRRQALMEQQQREAERKAQKEKEEWERKQRELQEQEWKKQLELEKRLEKQRELERQREEERRKDI, 79.96, 33.74, 1.22, IDR_3, 690, 892, DEAARKAKQGKENLWKENLRKEEEEKQKRLQEEKTQEKIQEEERKAEEKQRKDKDTLKAEEKKRETASVLVNYRALYPFEARNHDEMSFNSGDIIQVDEKTVGEPGWLYGSFQGNFGWFPCNYVEKMPSSENEKAVSPKKALLPPTVSLSATSTSSEPLSSNQPASVTDYQNVSFSNLTVNTSWQKKSAFTRTVSPGSVSPIH, 99.01, 42.25, 1.19, IDR_4, 1034, 1056, VKPKDQESFGSASKSGASNKKPE, 32.02, 12.7, 1.14
263, Q9NW75, GPTC2_HUMAN G patch domain-containing protein 2, 22478, IDR_0, 1, 528, MFGAAGRQPIGAPAAGNSWHFSRTMEELVHDLVSALEESSEQARGGFAETGDHSRSISCPLKRQARKRRGRKRRSYNVHHPWETGHCLSEGSDSSLEEPSKDYRENHNNNKKDHSDSDDQMLVAKRRPSSNLNNNVRGKRPLWHESDFAVDNVGNRTLRRRRKVKRMAVDLPQDISNKRTMTQPPEGCRDQDMDSDRAYQYQEFTKNKVKKRKLKIIRQGPKIQDEGVVLESEETNQTNKDKMECEEQKVSDELMSESDSSSLSSTDAGLFTNDEGRQGDDEQSDWFYEKESGGACGITGVVPWWEKEDPTELDKNVPDPVFESILTGSFPLMSHPSRRGFQARLSRLHGMSSKNIKKSGGTPTSMVPIPGPVGNKRMVHFSPDSHHHDHWFSPGARTEHDQHQLLRDNRAERGHKKNCSVRTASRQTSMHLGSLCTGDIKRRRKAAPLPGPTTAGFVGENAQPILENNIGNRMLQNMGWTPGSGLGRDGKGISEPIQAMQRPKGLGLGFPLPKSTSATTTPNAGKSA, 151.26, 65.56, 1.13
264, Q9NR09, BIRC6_HUMAN Baculoviral IAP repeat-containing protein 6, 22224, IDR_0, 1, 52, MVTGGGAAPPGTVTEPLPSVIVLSAGRKMAAAAAAASGPGCSSAAGAGAAGV, 52.23, 21.52, 1.24, IDR_1, 265, 359, SARPELGVGPGRSVDRSLMYSEANRRETFTSWPHVGYRWAQPDPMAQAGFYHQPASSGDDRAMCFTCSVCLVCWEPTDEPWSEHERHSPNCPFVK, 60.84, 25.77, 1.07, IDR_2, 440, 625, SGDPSSGVDSRRPTLAWLEDSSSCSDIPKLEGDSDDLLEDSDSEEHSRSDSVTGHTSQKEAMEVSLDITALSILQQPEKLQWEIVANVLEDTVKDLEELGANPCLTNSKSEKTKEKHQEQHNIPFPCLLAGGLLTYKSPATSPISSNSHRSLDGLSRTQGESISEQGSTDNESCTNSELNSPLVRR, 104.77, 44.66, 1.32, IDR_3, 864, 896, PDILDNREDDCEEPIEDMQLTSKNGFEREKTSD, 41.02, 16.19, 1.23, IDR_4, 971, 1083, DDIDEADILVDGSLSKGIEPSSEGSKPLSNPSSPGISGVDLLVDQPFTLEILTSLVELTRFETLTPRFSATVPPCWVEVQQEQQQRRHPQHLHQQHHGDAAQHTRTWKLQTDS, 74.75, 31.91, 1.21, IDR_5, 1130, 1148, PGLGKVNALNIEVEQNGKP, 28.87, 11.62, 1.14, IDR_6, 1232, 1295, TEEICNGGMRPVVRLPSLKHQSNKGYSLASLLAKVAAGKEKSSNVKNENTSGTRKSENLRGCDL, 57.97, 23.76, 1.25, IDR_7, 1362, 1378, VHSNGPGSSKEGNENLL, 26.23, 10.35, 1.1, IDR_8, 1495, 1617, RYGLYSSPFDPVLFDLEMSGSSCKNVYNSSIGVQSDEIDLSDVLSGNGKVSSCTAAEGSFTSLTGLLEVEPLHFTCVSTSDGTRIERDDAMSSFGVTPAVGGLSSGTVGEASTALSSAAQVAL, 81.35, 34.26, 1.26, IDR_9, 1656, 1757, HQTTAAAAAAASAVGPVHNSVPSNPVAAPGFFIHPSDVIPPTPKTTPLFMTPPLTPPNEAVSVVINAELAQLFPGSVIDPPAVNLAAHNKNSNKSRMNPLGS, 78.62, 33.38, 1.33, IDR_10, 1952, 1967, NAQYFLRKPDKAVEED, 25.21, 10.45, 1.08, IDR_11, 2148, 2225, PLQPQLPMHRRTEGVLDIPMISWVVMLVSRLLDYVATVEDEAAAAKKPLNGNQWSFINNNLHTQSLNRSSKGSSSLDR, 60.68, 25.13, 1.18, IDR_12, 2294, 2325, RTAEWSRSNLDTEVTTAKESPEIEPLPFTLAH, 38.47, 16.19, 1.17, IDR_13, 2419, 2625, ELLAPVAAEAMEEGTVGDDVGATAGDSDDSLQQSSVQLLETIDEPLTHDITGAPPLSSLEKDKEIDLELLQDLMEVDIDPLDIDLEKDPLAAKVFKPISSTWYDYWGADYGTYNYNPYIGGLGIPVAKPPANTEKNGSQTVSVSVSQALDARLEVGLEQQAELMLKMMSTLEADSILQALTNTSPTLSQSPTGTDDSLLGGLQAANQ, 116.61, 48.08, 1.39, IDR_14, 2669, 2684, LNSSSTGNKENGADIF, 23.61, 9.57, 1.02, IDR_15, 2731, 2787, NMQLNSGSSSAIGTQESTAHLLVSDPNLIHVLVKFLSGTSPHGTNQHSPQVGPTATQ, 53.31, 22.22, 1.22, IDR_16, 2875, 2893, DKVMSRSGSDSSVGARACF, 26.87, 10.81, 1.06, IDR_17, 2934, 2978, LSGNREYSARVSVTTNTTDSVSDEEKVSGGKDGNGSSTSVQGSPA, 45.63, 18.35, 1.17, IDR_18, 3136, 3196, GPNKAVDSTLKTRILASEPDNAEGIHNFAPLGTITSSSPTAQPAEVLLQATPPHRRARSAA, 57.69, 23.47, 1.26, IDR_19, 3233, 3255, ATCPSSVSVEVSADGVNMLPLST, 33.18, 13.13, 1.19, IDR_20, 3303, 3325, AFGTTSSATVNNPFLPSEDQVSK, 32.46, 13.44, 1.16, IDR_21, 3564, 3959, MGITPPPVQCHHRLSMTDDSKKQDLSSSLTDDSKNAQAPLALTESHLATLASSSQSPEAIKQLLDSGLPSLLVRSLASFCFSHISSSESIAQSIDISQDKLRRHHVPQQCNKMPITADLVAPILRFLTEVGNSHIMKDWLGGSEVNPLWTALLFLLCHSGSTSGSHNLGAQQTSARSASLSSAATTGLTTQQRTAIENATVAFFLQCISCHPNNQKLMAQVLCELFQTSPQRGNLPTSGNISGFIRRLFLQLMLEDEKVTMFLQSPCPLYKGRINATSHVIQHPMYGAGHKFRTLHLPVSTTLSDVLDRVSDTPSITAKLISEQKDDKEKKNHEEKEKVKAENGFQDNYSVVVASGLKSQSKRAVSATPPRPPSRRGRTIPDKIGSTSGAEAANKI, 153.99, 64.15, 1.33, IDR_22, 4004, 4153, LTVKLGSRVITDPSLSKTDSYKRLHPEKDHGDLLASCPEDEALTPGDECMDGILDESLLETCPIQSPLQVFAGMGGLALIAERLPMLYPEVIQQVSAPVVTSTTQEKPKDSDQFEWVTIEQSGELVYEAPETVAAEPPPIKSAVQTMSPI, 97.12, 40.97, 1.36, IDR_23, 4191, 4356, VTDDGEGSHILQSPSANVLPTLPFHVLRSLFSTTPLTTDDGVLLRRMALEIGALHLILVCLSALSHHSPRVPNSSVNQTEPQVSSSHNPTSTEEQQLYWAKGTGFGTGSTASGWDVEQALTKQRLEEEHVTCLLQVLASYINPVSSAVNGEAQSSHETRGQNSNAL, 93.27, 38.93, 1.25, IDR_24, 4414, 4473, PLSTENGEEEEEQSECQTSVGTLLAKMKTCVDTYTNRLRSKRENVKTGVKPDASDQEPEG, 53.81, 22.36, 1.2, IDR_25, 4710, 4729, GYERSRGTPSGTQSSREYDG, 26.62, 11.26, 1.03, IDR_26, 4813, 4857, CPEGLDPDTDDAPEVCRATTGAEETLMHDQVKPSSSKELPSDFQL, 49.51, 19.95, 1.27
265, Q9HDC5, JPH1_HUMAN Junctophilin-1, 22045, IDR_0, 163, 327, LASLRSEQSNGSVLHDAAAAADSPAGTRGGFVLNFHADAELAGKKKGGLFRRGSLLGSMKLRKSESKSSISSKRSSVRSDAAMSRISSSDANSTISFGDVDCDFCPVEDHVDATTTETYMGEWKNDKRNGFGVSERSNGMKYEGEWANNKRHGYGCTVFPDGSKE, 87.69, 37.61, 1.17, IDR_1, 422, 639, DYVKQRFQEGVDAKENPEEKVPEKPPTPKESPHFYRKGTTPPRSPEASPKHSHSPASSPKPLKKQNPSSGARLNQDKRSVADEQVTAIVNKPLMSKAPTKEAGAVVPQSKYSGRHHIPNPSNGELHSQYHGYYVKLNAPQHPPVDVEDGDGSSQSSSALVHKPSANKWSPSKSVTKPVAKESKAEPKAKKSELAIPKNPASNDSCPALEKEANSGPNS, 115.78, 48.56, 1.34
266, Q9NQS1, AVEN_HUMAN Cell death regulator Aven, 21778, IDR_0, 1, 171, MQAERGARGGRGRRPGRGRPGGDRHSERPGAAAAVARGGGGGGGGDGGGRRGRGRGRGFRGARGGRGGGGAPRGSRREPGGWGAGASAPVEDDSDAETYGEENDEQGNYSKRKIVSNWDRYQDIEKEVNNESGESQRGTDFSVLLSSAGDSFSQFRFAEEKEWDSEASCPK, 77.18, 33.92, 1.02, IDR_1, 207, 362, VPLEVPQVKPKRTDDGKGLGMQLKGPLGPGGRGPIFELKSVAAGCPVLLGKDNPSPGPSRDSQKPTSPLQSAGDHLEEELDLLLNLDAPIKEGDNILPDQTSQDLKSKEDGEVVQEEEVCAKPSVTEEKNMEPEQPSTSKNVTEEELEDWLDSMIS, 102.15, 42.83, 1.41
267, Q9NYV4, CDK12_HUMAN Cyclin-dependent kinase 12, 21490, IDR_0, 1, 701, MPNSERHGGKKDGSGGASGTLQPSSGGGSSNSRERHRLVSKHKRHKSKHSKDMGLVTPEAASLGTVIKPLVEYDDISSDSDTFSDDMAFKLDRRENDERRGSDRSDRLHKHRHHQHRRSRDLLKAKQTEKEKSQEVSSKSGSMKDRISGSSKRSNEETDDYGKAQVAKSSSKESRSSKLHKEKTRKERELKSGHKDRSKSHRKRETPKSYKTVDSPKRRSRSPHRKWSDSSKQDDSPSGASYGQDYDLSPSRSHTSSNYDSYKKSPGSTSRRQSVSPPYKEPSAYQSSTRSPSPYSRRQRSVSPYSRRRSSSYERSGSYSGRSPSPYGRRRSSSPFLSKRSLSRSPLPSRKSMKSRSRSPAYSRHSSSHSKKKRSSSRSRHSSISPVRLPLNSSLGAELSRKKKERAAAAAAAKMDGKESKGSPVFLPRKENSSVEAKDSGLESKKLPRSVKLEKSAPDTELVNVTHLNTEVKNSSDTGKVKLDENSEKHLVKDLKAQGTRDSKPIALKEEIVTPKETETSEKETPPPLPTIASPPPPLPTTTPPPQTPPLPPLPPIPALPQQPPLPPSQPAFSQVPASSTSTLPPSTHSKTSAVSSQANSQPPVQVSVKTQVSVTAAIPHLKTSTLPPLPLPPLLPGDDDMDSPKETLPSKPVKKEKEQRTRHLLTDLPLPPELPGGDLSPPDSPEPKAITPPQQPYKKR, 221.84, 93.73, 1.44, IDR_1, 1047, 1104, RRRQRQSGVVVEEPPPSKTSRKETTSGTSTEPVKNSSPAPPQPAPGKVESGAGDAIGL, 55.8, 23.61, 1.26, IDR_2, 1161, 1490, TEATSQQQDSETMAPEESLKEAPSAPVILPSAEQTTLEASSTPADMQNILAVLLSQLMKTQEPAGSLEENNSDKNSGPQGPRRTPTMPQEEAAACPPHILPPEKRPPEPPGPPPPPPPPPLVEGDLSSAPQELNPAVTAALLQLLSQPEAEPPGHLPHEHQALRPMEYSTRPRPNRTYGNTDGPETGFSAIDTDERNSGPALTESLVQTLVKNRTFSGSLSHLGESSSYQGTGSVQFPGDQDLRFARVPLALHPVVGQPFLKAEGSSNSVVHAETKLQNYGELGPGTTGASSSGAGLHWGGPTQSSAYGKLYRGPTRVPPRGGRGRGVPY, 143.79, 60.72, 1.36
268, Q96PV6, LENG8_HUMAN Leukocyte receptor cluster member 8, 21445, IDR_0, 1, 290, MAANVGDQRSTDWSSQYSMVAGAGRENGMETPMHENPEWEKARQALASISKSGAAGGSAKSSSNGPVASAQYVSQAEASALQQQQYYQWYQQYNYAYPYSYYYPMSMYQSYGSPSQYGMAGSYGSATPQQPSAPQHQGTLNQPPVPGMDESMSYQAPPQQLPSAQPPQPSNPPHGAHTLNSGPQPGTAPATQHSQAGPATGQAYGPHTYTEPAKPKKGQQLWNRMKPAPGTGGLKFNIQKRPFAVTTQSFGSNAEGQHSGFGPQPNPEKVQNHSGSSARGNLSGKPDDWP, 103.06, 44.12, 1.04, IDR_1, 330, 523, AYTIDWSREPLPGLTREPVAESPKKKRWEAASSLHPPRGAGSATRGGGAPSQRGTPGAGGAGRARGNSFTKFGNRNVFMKDNSSSSSTDSRSRSSSRSPTRHFRRSDSHSDSDSSYSGNECHPVGRRNPPPKGRGGRGAHMDRGRGRAQRGKRHDLAPTKRSRKKMAALECEDPERELKKQKRAARFQHGHSRR, 102.64, 43.7, 1.27
269, Q69YN4, VIR_HUMAN Protein virilizer homolog, 21428, IDR_0, 132, 333, ISHDRDSPPPPPPPPPPPQPQPSLKRNPKHADGEKEDQFNGSPPRPQPRGPRTPPGPPPPDDDEDDPVPLPVSGDKEEDAPHREDYFEPISPDRNSVPQEGQYSDEGEVEEEQQEEGEEDEDDVDVEEEEDEDEDDRRTVDSIPEEEEEDEEEEGEEDEEGEGDDGYEQISSDEDGIADLERETFKYPNFDVEYTAEDLASV, 126.08, 53.49, 1.52, IDR_1, 574, 657, AEKTSSLPNHSEPDHDTDAGLERTNPEYENEVEASMDMDLLESSNISEGEIERLINLLEEVFHLMETAPHTMIQQPVKSFPTMA, 70.14, 29.05, 1.31, IDR_2, 1412, 1427, CCGDDNGLMEVEGAHT, 24.74, 9.86, 1.07, IDR_3, 1484, 1507, LESSGDPLPLSDQDVEPVLSAPES, 35.74, 13.97, 1.25, IDR_4, 1560, 1812, CSDFDLHSELERSFLSEPSSPGRTKTTKGFKLGKHKHETFITSSGKSEYIEPAKRAHVVPPPRGRGRGGFGQGIRPHDIFRQRKQNTSRPPSMHVDDFVAAESKEVVPQDGIPPPKRPLKVSQKISSRGGFSGNRGGRGAFHSQNRFFTPPASKGNYSRREGTRGSSWSAQNTPRGNYNESRGGQSNFNRGPLPPLRPLSSTGYRPSPRDRASRGRGGLGPSWASANSGSGGSRGKFVSGGSGRGRHVRSFTR, 112.85, 48.37, 1.22
270, Q13472, TOP3A_HUMAN DNA topoisomerase 3-alpha, 21265, IDR_0, 401, 418, GPTPRNGNKSDQAHPPIH, 29.13, 11.44, 1.18, IDR_1, 752, 1001, FSGGPPRASQPSGRLQANQSLNRMDNSQHPQPADSRQTGSSKALAQTLPPPTAAGESNSVTCNCGQEAVLLTVRKEGPNRGRQFFKCNGGSCNFFLWADSPNPGAGGPPALAYRPLGASLGCPPGPGIHLGGFGNPGDGSGSGTSCLCSQPSVTRTVQKDGPNKGRQFHTCAKPREQQCGFFQWVDENTAPGTSGAPSWTGDRGRTLESEARSKRPRASSSDMGSTAKKPRKCSLCHQPGHTRPFCPQNR, 112.04, 47.19, 1.22
271, Q13627, DYR1A_HUMAN Dual specificity tyrosine-phosphorylation-regulated kinase 1A, 21234, IDR_0, 1, 142, MHTGGETSACKPSSVRLAPSFSFHAAGLQMAGQMPHSHQYSDRRQPNISDQQVSALSYSDQIQQPLTNQVMPDIVMLQRRMPQTFRDPATAPLRKLSVDLIKTYKHINEVYYAKKKRRHQQGQGDDSSHKKERKVYNDGYDD, 79.78, 34.93, 1.15, IDR_1, 479, 763, FKKTADEGTNTSNSVSTSPAMEQSQSSGTTSSTSSSSGGSSGTSNSGRARSDPTHQHRHSGGHFTAAVQAMDCETHSPQVRQQFPAPLGWSGTEAPTQVTVETHPVQETTFHVAPQQNALHHHHGNSSHHHHHHHHHHHHHGQQALGNRTRPRVYNSPTNSSSTQDSMEVGHSHHSMTSLSSSTTSSSTSSSSTGNQGNQAYQNRPVAANTLDFGQNGAMDVNLTVYSNPRQETGIAGHPTYQFSANTGPAHYMTEGHLTMRQGADREESPMTGVCVQQSPVASS, 103.06, 44.35, 1.05
272, P20794, MAK_HUMAN Serine/threonine-protein kinase MAK, 21188, IDR_0, 272, 623, RPTASQALKHPYFQVGQVLGPSSNHLESKQSLNKQLQPLESKPSLVEVEPKPLPDIIDQVVGQPQPKTSQQPLQPIQPPQNLSVQQPPKQQSQEKPPQTLFPSIVKNMPTKPNGTLSHKSGRRRWGQTIFKSGDSWEELEDYDFGASHSKKPSMGVFKEKRKKDSPFRLPEPVPSGSNHSTGENKSLPAVTSLKSDSELSTAPTSKQYYLKQSRYLPGVNPKKVSLIASGKEINPHTWSNQLFPKSLGPVGAELAFKRSNAGNLGSYATYNQSGYIPSFLKKEVQSAGQRIHLAPLNATASEYTWNTKTGRGQFSGRTYNPTAKNLNIVNRAQPIPSVHGRTDWVAKYGGHR, 135.77, 59.19, 1.24
273, Q9H6U6, BCAS3_HUMAN Breast carcinoma-amplified sequence 3, 21135, IDR_0, 1, 22, MNEAMATDSPRRPSRCTGGVVV, 32.71, 13.5, 1.2, IDR_1, 295, 310, PSGVTEDDVAIHSNSR, 23.91, 9.89, 1.02, IDR_2, 435, 928, NPYGGQPCVRTHMSPRVVNRMSRFQKSAGLEEIEQELTSKQGGRCSPVPGLSSSPSGSPLHGKLNSQDSYNNFTNNNPGNPRLSPLPSLMVVMPLAQIKQPMTLGTITKRTGPYLFGAGCFSIKAPCKVKPPPQISPSKSMGGEFCVAAIFGTSRSWFANNAGLKREKDQSKQVVVESLYIISCYGTLVEHMMEPRPLSTAPKISDDTPLEMMTSPRASWTLVRTPQWNELQPPFNANHPLLLAADAVQYYQFLLAGLVPPGSPGPITRHGSYDSLASDHSGQEDEEWLSQVEIVTHTGPHRRLWMGPQFQFKTIHPSGQTTVISSSSSVLQSHGPSDTPQPLLDFDTDDLDLNSLRIQPVRSDPVSMPGSSRPVSDRRGVSTVIDAASGTFDRSVTLLEVCGSWPEGFGLRHMSSMEHTEEGLRERLADAMAESPSRDVVGSGTELQREGSIETLSNSSGSTSGSIPRNFDGYRSPLPTNESQPLSLFPTGFP, 161.64, 68.49, 1.25
274, Q9Y2X9, ZN281_HUMAN Zinc finger protein 281, 19846, IDR_0, 1, 259, MKIGSGFLSGGGGTGSSGGSGSGGGGSGGGGGGGSSGRRAEMEPTFPQGMVMFNHRLPPVTSFTRPAGSAAPPPQCVLSSSTSAAPAAEPPPPPAPDMTFKKEPAASAAAFPSQRTSWGFLQSLVSIKQEKPADPEEQQSHHHHHHHHYGGLFAGAEERSPGLGGGEGGSHGVIQDLSILHQHVQQQPAQHHRDVLLSSSSRTDDHHGTEEPKQDTNVKKAKRPKPESQGIKAKRKPSASSKPSLVGDGEGAILSPSQK, 116.92, 48.68, 1.25, IDR_1, 372, 895, VKGATSAEPGSSNHTNMGNLAVLSQGNTSSSRRKTKSKSIAIENKEQKTGKTNESQISNNINMQSYSVEMPTVSSSGGIIGTGIDELQKRVPKLIFKKGSRKNTDKNYLNFVSPLPDIVGQKSLSGKPSGSLGIVSNNSVETIGLLQSTSGKQGQISSNYDDAMQFSKKRRYLPTASSNSAFSINVGHMVSQQSVIQSAGVSVLDNEAPLSLIDSSALNAEIKSCHDKSGIPDEVLQSILDQYSNKSESQKEDPFNIAEPRVDLHTSGEHSELVQEENLSPGTQTPSNDKASMLQEYSKYLQQAFEKSTNASFTLGHGFQFVSLSSPLHNHTLFPEKQIYTTSPLECGFGQSVTSVLPSSLPKPPFGMLFGSQPGLYLSALDATHQQLTPSQELDDLIDSQKNLETSSAFQSSSQKLTSQKEQKNLESSTGFQIPSQELASQIDPQKDIEPRTTYQIENFAQAFGSQFKSGSRVPMTFITNSNGEVDHRVRTSVSDFSGYTNMMSDVSEPCSTRVKTPTSQSYR, 173.3, 74.5, 1.3
275, Q5VUA4, ZN318_HUMAN Zinc finger protein 318, 19711, IDR_0, 1, 885, MYRSSARSSVSSHRPKDDGGGGPRSGRSSGSSSGPARRSSPPPPPSGSSSRTPARRPRSPSGHRGRRASPSPPRGRRVSPSPPRARRGSPSPPRGRRLFPPGPAGFRGSSRGESRADYARDGRGDHPGDSGSRRRSPGLCSDSLEKSLRITVGNDHFCVSTPERRRLSDRLGSPVDNLEDMDRDDLTDDSVFTRSSQCSRGLERYISQEEGPLSPFLGQLDEDYRTKETFLHRSDYSPHISCHDELLRGTERNREKLKGYSIRSEERSREAKRPRYDDTVKINSMGGDHPSFTSGTRNYRQRRRSPSPRFLDPEFRELDLARRKREEEEERSRSLSQELVGVDGGGTGCSIPGLSGVLTASEPGYSLHRPEEVSVMPKKSILKKRIEVDIMEPSMQLESFSSSTSSSQDHPLYSGHPSLPLSGAIAAFASEIENKGTMVETALKEPQGNLYQWGPLPGIPKDNSPLREKFGSFLCHKDNLDLKAEGPERHTDFLLPHERASQDGSGFSRILSMLADSTSTQEKRRRSFPDIEDEEKFLYGDEEEDLKAESVPKPLGSSESEVMRQKASSLPSSAPAVKLESLEETNPEYAKIHDLLKTIGLDIGVAEISQLAARTQERLHGKKPSLRSSADRRSSVDRYFSADHCSSVDHRFSADRCSSVDHCFSADRRSSDPHRLESREAHHSNTHSPEVSHPHPPSPVDPYLLTKNSPPFLKSDHPVGHISGPEVVGSGFQSSVAVRCMLPSAPSAPIRLPHTAALSQFHMPRASQFAAARIPPNYQGPAIPPASFDAYRHYMAYAASRWPMYPTSQPSNHPVPEPHRIMPITKQATRSRPNLRVIPTVTPDKPKQKESLRGSIPAAQVPVQVSIPSLIRYNPEKISDEKNRA, 213.46, 94.06, 1.23, IDR_1, 981, 2279, GINIFDKSQKSLSDSREPTEKPGKAEKSKSPEKVSSFSNSSSNKESKVNNEKFRTKSPKPAESPQSATKQLDQPTAAYEYYDAGNHWCKDCNTICGTMFDFFTHMHNKKHTQTLDPYNRPWASKTQSEAKQDAIKRTDKITVPAKGSEFLVPISGFYCQLCEEFLGDPISGEQHVKGHQHNEKYKKYVDENPLYEERRNLDRQAGLAVVLETERRRQSELKRKLSEKPKEEKKEKKAKAVKEVKEDDKVSEKLEDQLSEGRNSPEKAENKRNTGIKLQLKEEVKKESPTSSSFGKFSWKKPEKEEEKSSLVTPSISKEEILESSKDKEDGKTEAGKAKPIKIKLSGKTVVAHTSPWMPVVTTSTQTKIRPNLPIPSTVLRKSCSATMSKPAPLNTFLSIKSSGTTAKPLPVVKESSADLLLPPDIISKAFGGEEVILKGSPEEKVVLAEKSEPSHLPEQILPPPPPPPPPPPPPPPVIPHPAAPSAAQANAILAPVKSNPVVSQTLSPGFVGPNILNPVLPVAIMASAQPAAIPSDETAPGVSESDRDQTLFSVLVRPPPPLSSVFSEQAKKLEKRNSCLATANAKDLYDIFYSSGGKGAPETKGAPETKLSGGPLANGENSNLSRTKSSDTSSTSPLNSSASQEELHQDEGLVAAPIVSNSEKPIAKTLVALGKWSVVEHVGPKSTGSTYGFLQPLTRLCQSRPYETITPKTDTLAIWTSSSFQSDTSRDISPEKSELDLGEPGPPGVEPPPQLLDIQCKESQKLVEIHLRESVNQDKESQELRKSEDCRESEIETNTELKERVKELSEGIVDEGVSTSIGPHSIDDSNLNHGNRYMWEGEVKQPNLLMIDKEAEQSNKLMTGSETPSKVVIKLSPQACSFTKAKLDSFLSEARSLLNPQDTPVKISAPELLLHSPARSAMCLTGSPQEQGVSVVSEEGLENSAPESASRTSRYRSLKLKRERSKDFQVKKIYELAVWDENKKRPETWESPEKPKTEALELQDVHPELTVTIESKALEDFEATDLKVEELTALGNLGDMPVDFCTTRVSPAHRSPTVLCQKVCEENSVSPIGCNSSDPADFEPIPSFSGFPLDSPKTLVLDFETEGERNSPNPRSVRIPSPNILKTGLTENVDRGLGGLEGTHQALDLLAGGMMPEEVKESSQLDKQESLGLELKTINSAGLGPSPCLPDLVDFVTRTSGVQKDKLCSPLSEPGDPSKCSSLELGPLQLEISNASTTEVAILQVDDDSGDPLNLVKAPVSRSPPREQVIEDNMVPQGMPEQETTVGAIQDHTESSVHN, 315.27, 136.34, 1.5
276, P42694, HELZ_HUMAN Probable helicase with zinc finger domain, 19579, IDR_0, 1112, 1942, LRLQHSGSTNKQQQSPPKGKSLHHTQNDHFQNDGIVQPNPSVLIGNPIRAYTPPPPLGPHPNLGKSPSPVQRIDPHTGTSILYVPAVYGGNVVMSVPLPVPWTGYQGRFAVDPRIITHQAAMAYNMNLLQTHGRGSPIPYGLGHHPPVTIGQPQNQHQEKDQHEQNRNGKSDTNNSGPEINKIRTPEKKPTEPKQVDLESNPQNRSPESRPSVVYPSTKFPRKDNLNPRHINLPLPAPHAQYAIPNRHFHPLPQLPRPPFPIPQQHTLLNQQQNNLPEQPNQIPPQPNQVVQQQSQLNQQPQQPPPQLSPAYQAGPNNAFFNSAVAHRPQSPPAEAVIPEQQPPPMLQEGHSPLRAIAQPGPILPSHLNSFIDENPSGLPIGEALDRIHGSVALETLRQQQARFQQWSEHHAFLSQGSAPYPHHHHPHLQHLPQPPLGLHQPPVRADWKLTSSAEDEVETTYSRFQDLIRELSHRDQSETRELAEMPPPQSRLLQYRQVQSRSPPAVPSPPSSTDHSSHFSNFNDNSRDIEVASNPAFPQRLPPQIFNSPFSLPSEHLAPPPLKYLAPDGAWTFANLQQNHLMGPGFPYGLPPLPHRPPQNPFVQIQNHQHAIGQEPFHPLSSRTVSSSSLPSLEEYEPRGPGRPLYQRRISSSSVQPCSEEVSTPQDSLAQCKELQDHSNQSSFNFSSPESWVNTTSSTPYQNIPCNGSSRTAQPRELIAPPKTVKPPEDQLKSENLEVSSSFNYSVLQHLGQFPPLMPNKQIAESANSSSPQSSAGGKPAMSYASALRAPPKPRPPPEQAKKSSDPLSLFQELSLGSSSGSNGFYSYFK, 170.32, 74.62, 1.01
277, O95104, SCAF4_HUMAN SR-related and CTD-associated factor 4, 19564, IDR_0, 135, 503, AAGTSNAAPVAENVTNNEGSPPPPVKVSSEPPTQATPNSVPAVPQLPSSDAFAAVAQLFQTTQGQQLQQILQTFQQPPKPQSPALDNAVMAQVQAITAQLKTTPTQPSEQKAAFPPPEQKTAFDKKLLDRFDYDDEPEAVEESKKEDTTAVTTTAPAAAVPPAPTATVPAAAAPAAASPPPPQAPFGFPGDGMQQPAYTQHQNMDQFQPRMMGIQQDPMHHQVPLPPNGQMPGFGLLPTPPFPPMAQPVIPPTPPVQQPFQASFQAQNEPLTQKPHQQEMEVEQPCIQEVKRHMSDNRKSRSRSASRSPKRRRSRSGSRSRRSRHRRSRSRSRDRRRHSPRSRSQERRDREKERERRQKGLPQVKPETA, 137.84, 55.55, 1.23, IDR_1, 626, 1147, LNPDWKGIPKKPENEVAQNGGAETSHTEPVSPIPKPLPVPVPPIPVPAPITVPPPQVPPHQPGPPVVGALQPPAFTPPLGIPPPGFGPGVPPPPPPPPFLRPGFNPMHLPPGFLPPGPPPPITPPVSIPPPHTPPISIPNSTIAGINEDTTKDLSIGNPIPTVVSGARGNAESGDSVKMYGSAVPPAAPTNLPTPPVTQPVSLLGTQGVAPGPVIGLQAPSTGLLGARPGLIPLQRPPGMPPPHLQRFPLMPPRPMPPHMMHRGPPPGPGGFAMPPPHGMKGPFPPHGPFVRPGGMPGLGGPGPGPGGPEDRDGRQQPPQQPQQQPQPQAPQQPQQQQQQQPPPSQQPPPTQQQPQQFRNDNRQQFNSGRDQERFGRRSFGNRVENDRERYGNRNDDRDNSNRDRREWGRRSPDRDRHRDLEERNRRSSGHRDRERDSRDRESRREKEEARGKEKPEVTDRAGGNKTVEPPISQVGNVDTASELEKGVSEAAVLKPSEELPAEATSSVEPEKDSGSAAEAPR, 175.24, 72.77, 1.32
278, Q9H582, ZN644_HUMAN Zinc finger protein 644, 19519, IDR_0, 1, 411, MRSFLQQDVNKTKSRLNVLNGLANNMDDLKINTDITGAKEELLDDNNFISDKESGVHKPKDCQTSFQKNNTLTLPEELSKDKSENALSGGQSSLFIHAGAPTVSSENFILPKGAAVNGPVSHSSLTKTSNMNKGSVSLTTGQPVDQPTTESCSTLKVAADLQLSTPQKASQHQVLFLLSDVAHAKNPTHSNKKLPTSASVGCDIQNSVGSNIKSDGTLINQVEVGEDGEDLLVKDDCVNTVTGISSGTDGFRSENDTNWDPQKEFIQFLMTNEETVDKAPPHSKIGLEKKRKRKMDVSKITRYTEDCFSDSNCVPNKSKMQEVDFLEQNEELQAVDSQKYALSKVKPESTDEDLESVDAFQHLIYNPDKCGEESSPVHTSTFLSNTLKKKCEESDSESPATFSTEEPSFYP, 162.17, 68.06, 1.38, IDR_1, 560, 1040, DIAQRKTQKKTFMKDSVVGSSKKSATYICKMCPFTTSAKSVLKKHTEYLHSSSCVDSFGSPLGLDKRKNDILEEPVDSDSTKTLTKQQSTTFPKNSALKQDVKRTFGSTSQSSSFSKIHKRPHRIQKARKSIAQSGVNMCNQNSSPHKNVTIKSSVDQKPKYFHQAAKEKSNAKANSHYLYRHKYENYRMIKKSGESYPVHFKKEEASSLNSLHLFSSSSNSHNNFISDPHKPDAKRPESFKDHRRVAVKRVIKESKKESSVGGEDLDSYPDFLHKMTVVVLQKLNSAEKKDSYETEDESSWDNVELGDYTTQAIEDETYSDINQEHVNLFPLFKSKVEGQEPGENATLSYDQNDGFYFEYYEDTGSNNFLHEIHDPQHLETADASLSKHSSVFHWTDLSLEKKSCPYCPATFETGVGLSNHVRGHLHRAGLSYEARHVVSPEQIATSDKMQHFKRTGTGTPVKRVRKAIEKSETTSEHTC, 149.19, 61.93, 1.17, IDR_2, 1110, 1252, KLASSDDFISQNVIPLEAYRNGLKTEALSVSASEEEGLNFLNEYDETKPELPSGKKNQSLTLIELLKNKRMGEERNSAISPQKIHNQTARKRFVQKCVLPLNEDSPLMYQPQKMDLTMHSALDCKQKKSRSRSGSKKKMLTLP, 89.24, 36.97, 1.28
279, O14893, GEMI2_HUMAN Gem-associated protein 2, 19312, IDR_0, 1, 166, MRRAELAGLKTMAWVPAESAVEELMPRLLPVEPCDLTEGFDPSVPPRTPQEYLRRVQIEAAQCPDVVVAQIDPKKLKRKQSVNISLSGCQPAPEGYSPTLQWQQQQVAQFSTVRQNVNKHRSHWKSQQLDSNVTMPKSEDEEGWKKFCLGEKLCADGAVGPATNES, 92.06, 39.06, 1.23
280, Q99502, EYA1_HUMAN Eyes absent homolog 1, 19308, IDR_0, 1, 319, MEMQDLTSPHSRLSGSSESPSGPKLGNSHINSNSMTPNGTEVKTEPMSSSETASTTADGSLNNFSGSAIGSSSFSPRPTHQFSPPQIYPSNRPYPHILPTPSSQTMAAYGQTQFTTGMQQATAYATYPQPGQPYGISSYGALWAGIKTEGGLSQSQSPGQTGFLSYGTSFSTPQPGQAPYSYQMQGSSFTTSSGIYTGNNSLTNSSGFNSSQQDYPSYPSFGQGQYAQYYNSSPYPAHYMTSSNTSPTTPSTNATYQLQEPPSGITSQAVTDPTAEYSTIHSPSTPIKDSDSDRLRRGSDGKSRGRGRRNNNPSPPPDS, 117.99, 49.72, 1.14
281, O95677, EYA4_HUMAN Eyes absent homolog 4, 19308, IDR_0, 1, 366, MEDSQDLNEQSVKKTCTESDVSQSQNSRSMEMQDLASPHTLVGGGDTPGSSKLEKSNLSSTSVTTNGTGGENMTVLNTADWLLSCNTPSSATMSLLAVKTEPLNSSETTATTGDGALDTFTGSVITSSGYSPRSAHQYSPQLYPSKPYPHILSTPAAQTMSAYAGQTQYSGMQQPAVYTAYSQTGQPYSLPTYDLGVMLPAIKTESGLSQTQSPLQSGCLSYSPGFSTPQPGQTPYSYQMPGSSFAPSSTIYANNSVSNSTNFSGSQQDYPSYTAFGQNQYAQYYSASTYGAYMTSNNTADGTPSSTSTYQLQESLPGLTNQPGEFDTMQSPSTPIKDLDERTCRSSGSKSRGRGRKNNPSPPPDS, 139.08, 58.87, 1.25
282, Q70CQ2, UBP34_HUMAN Ubiquitin carboxyl-terminal hydrolase 34, 19268, IDR_0, 85, 150, CTTINIDSTWQDESNQAEEPLNIDRECNEGSTERQKSIEKKSNSTRICNLTEEESSKSSDPFSLWS, 56.36, 23.71, 1.19, IDR_1, 486, 868, SSFASLLNTNIPIGNKKEEEELRRTAPSPWSPAASPQSSDNSDTHQSGGSDIEMDEQLINRTKHVQQRLSDTEESMQGSSDETANSGEDGSSGPGSSSGHSDGSSNEVNSSHASQSAGSPGSEVQSEDIADIEALKEEDEDDDHGHNPPKSSCGTDLRNRKLESQAGICLGDSQGMSERNGTSSGTGKDLVFNTESLPSVDNRMRMLDACSHSEDPEHDISGEMNATHIAQGSQESCITRTGDFLGETIGNELFNCRQFIGPQHHHHHHHHHHHHDGHMVDDMLSADDVSCSSSQVSAKSEKNMADFDGEESGCEEELVQINSHAELTSHLQQHLPNLASIYHEHLSQGPVVHKHQFNSNAVTDINLDNVCKKGNTLLWDIVQ, 140.94, 60.35, 1.24, IDR_2, 1265, 1334, SNRKGEFPGGLMGPVRMISSGHELTTDYDEKALHELGFKDMQMVFVSLGAPRRERKGEGVQLPASCLPPP, 60.38, 24.93, 1.24, IDR_3, 1451, 1484, NRRIRRESTGSYSDLYPDSDDSSEDQVENSKNSW, 34.68, 15.22, 1.02, IDR_4, 1559, 1574, RTWPGKSRKAAGDHAK, 26.53, 10.27, 1.14, IDR_5, 2126, 2143, KSERKEGFKEVSDHSKDS, 26.31, 10.6, 1.07, IDR_6, 2395, 2412, PGMEDGSDDMDTSVEDIG, 27.59, 11.21, 1.12, IDR_7, 2477, 2500, KGPENPQVEVLSEEEGEEEEEEED, 37.51, 13.6, 1.32, IDR_8, 3334, 3546, QEQEAKERKTKDDEGATPIKRRRVSSDEEHTVDSCISDMKTETREVLTPTSTSDNETRDSSIIDPGTEQDLPSPENSSVKEYRMEVPSSFSEDMSNIRSQHAEEQSNNGRYDDCKEFKDLHCSKDSTLAEEESEFPSTSISAVLSDLADLRSCDGQALPSQDPEVALSLSCGHSRGLFSHMQQHDILDTLCRTIESTIHVVTRISGKGNQAAS, 110.73, 47.2, 1.3
283, Q15648, MED1_HUMAN Mediator of RNA polymerase II transcription subunit 1, 19266, IDR_0, 538, 1581, KNLPPASSPGYGMTTGNNPMSGTTTPTNTFPGGPITTLFNMSMSIKDRHESVGHGEDFSKVSQNPILTSLLQITGNGGSTIGSSPTPPHHTPPPVSSMAGNTKNHPMLMNLLKDNPAQDFSTLYGSSPLERQNSSSGSPRMEICSGSNKTKKKKSSRLPPEKPKHQTEDDFQRELFSMDVDSQNPIFDVNMTADTLDTPHITPAPSQCSTPPTTYPQPVPHPQPSIQRMVRLSSSDSIGPDVTDILSDIAEEASKLPSTSDDCPAIGTPLRDSSSSGHSQSTLFDSDVFQTNNNENPYTDPADLIADAAGSPSSDSPTNHFFHDGVDFNPDLLNSQSQSGFGEEYFDESSQSGDNDDFKGFASQALNTLGVPMLGGDNGETKFKGNNQADTVDFSIISVAGKALAPADLMEHHSGSQGPLLTTGDLGKEKTQKRVKEGNGTSNSTLSGPGLDSKPGKRSRTPSNDGKSKDKPPKRKKADTEGKSPSHSSSNRPFTPPTSTGGSKSPGSAGRSQTPPGVATPPIPKITIQIPKGTVMVGKPSSHSQYTSSGSVSSSGSKSHHSHSSSSSSSASTSGKMKSSKSEGSSSSKLSSSMYSSQGSSGSSQSKNSSQSGGKPGSSPITKHGLSSGSSSTKMKPQGKPSSLMNPSLSKPNISPSHSRPPGGSDKLASPMKPVPGTPPSSKAKSPISSGSGGSHMSGTSSSSGMKSSSGLGSSGSLSQKTPPSSNSCTASSSSFSSSGSSMSSSQNQHGSSKGKSPSRNKKPSLTAVIDKLKHGVVTSGPGGEDPLDGQMGVSTNSSSHPMSSKHNMSGGEFQGKREKSDKDKSKVSTSGSSVDSSKKTSESKNVGSTGVAKIIISKHDGGSPSIKAKVTLQKPGESSGEGLRPQMASSKNYGSPLISGSTPKHERGSPSHSKSPAYTPQNLDSESESGSSIAEKSYQNSPSSDDGIRPLPEYSTEKHKKHKKEKKKVKDKDRDRDRDKDRDKKKSHSIKPESWSKSPISSDQSLSMTSNTILSADRPSRLSPDFMIGEEDDDLMDVALIGN, 280.26, 118.45, 1.49
284, Q12873, CHD3_HUMAN Chromodomain-helicase-DNA-binding protein 3, 18994, IDR_0, 1, 136, MKAADTVILWARSKNDQLRISFPPGLCWGDRMPDKDDIRLLPSALGVKKRKRGPKKQKENKPGKPRKRKKRDSEEEFGSERDEYREKSESGGSEYGTGPGRKRRRKHREKKEKKTKRRKKGEGDGGQKQVEQKSSA, 84.81, 36.13, 1.25, IDR_1, 200, 377, NPFKGSAAAVAAAAAAAAAAVAEQVSAAVSSATPIAPSGPPALPPPPAADIQPPPIRRAKTKEGKGPGHKRRSKSPRVPDGRKKLRGKKMAPLKIKLGLLGGKRKKGGSYVFQSDEGPEPEAEESDLDSGSVHSASGRPDGPVRTKKLKRGRPGRKKKKVLGCPAVAGEEEVDGYETD, 102.11, 44.41, 1.31, IDR_2, 427, 455, GVQWEAKEEEEEYEEEGEEEGEKEEEDDH, 41.61, 15.86, 1.34, IDR_3, 522, 544, VAVPAPQQADGNPDVPPPRPLQG, 36.03, 14.77, 1.28, IDR_4, 585, 611, NDMDEPPPLDYGSGEDDGKSDKRKVKD, 37.13, 14.21, 1.22, IDR_5, 687, 721, IMGEDPAQPRKYKKKKKELQGDGPPSSPTNDPTVK, 44.41, 17.75, 1.29, IDR_6, 1235, 1253, ELFKDENEGENKEEDSSVI, 28.1, 10.9, 1.11, IDR_7, 1336, 1397, NLGKGKRVRKQVNYNDAAQEDQDNQSEYSVGSEEEDEDFDERPEGRRQSKRQLRNEKDKPLP, 47.79, 20.57, 1.04, IDR_8, 1512, 1706, WSMPELMPDPSADSKRSSRASSPTKTSPTTPEASATNSPCTSKPATPAPSEKGEGIRTPLEKEEAENQEEKPEKNSRIGEKMETEADAPSPAPSLGERLEPRKIPLEDEVPGVPGEMEPEPGYRGDREKSATESTPGERGEEKPLDGQEHRERPEGETGDLGKREDVKGDRELRPGPRDEPRSNGRREEKTEKPR, 111.75, 48.0, 1.37, IDR_9, 1905, 2000, SRLASKGTEPHPTPAYPPGPYATPPGYGAAFSAAPVGALAAAGANYSQMPAGSFITAATNGPPVLVKKEKEMVGALVSDGLDRKEPRAGEVICIDD, 73.54, 30.67, 1.28
285, Q9P2E3, ZNFX1_HUMAN NFX1-type zinc finger-containing protein 1, 18643, IDR_0, 1, 142, MEERRPHLDARPRNSHTNHRGPVDGELPPRARNQANNPPANALRGGASHPGRHPRANNHPAAYWQREERFRAMGRNPHQGRRNQEGHASDEARDQRHDQENDTRWRNGNQDCRNRRPPWSNDNFQQWRTPHQKPTEQPQQAK, 72.19, 30.37, 1.04, IDR_1, 791, 894, GSFTQSVSPAGPENTAQAEGDEEEEGEEESSLIEIAEEADLIQADRVIEEEEVVRPQRRKKEESGADQELAKMLLAMRLDHCGTGTAAGQEQATGEWQTQRNQK, 74.34, 31.21, 1.25, IDR_2, 1889, 1918, LASEMDGAQHAAWSDTANNLMNFEEIQGMM, 35.53, 14.43, 1.11
286, Q63ZY3, KANK2_HUMAN KN motif and ankyrin repeat domain-containing protein 2, 18496, IDR_0, 1, 184, MAQVLHVPAPFPGTPGPASPPAFPAKDPDPPYSVETPYGYRLDLDFLKYVDDIEKGHTLRRVAVQRRPRLSSLPRGPGSWWTSTESLCSNASGDSRHSAYSYCGRGFYPQYGALETRGGFNPRVERTLLDARRRLEDQAATPTGLGSLTPSAAGSTASLVGVGLPPPTPRSSGLSTPVPPSAGH, 94.3, 39.23, 1.19, IDR_1, 234, 585, KFLGHPTAGRGRSELCLDLPDPPEDPVALETRSVGTWVRERDLGMPDGEAALAAKVAVLETQLKKALQELQAAQARQADPQPQAWPPPDSPVRVDTVRVVEGPREVEVVASTAAGAPAQRAQSLEPYGTGLRALAMPGRPESPPVFRSQEVVETMCPVPAAATSNVHMVKKISITERSCDGAAGLPEVPAESSSSPPGSEVASLTQPEKSTGRVPTQEPTHREPTRQAASQESEEAGGTGGPPAGVRSIMKRKEEVADPTAHRRSLQFVGVNGGYESSSEDSSTAENISDNDSTENEAPEPRERVPSVAEAPQLRPAGTAAAKTSRQECQLSRESQHIPTAEGASGSNTEEE, 151.99, 64.72, 1.39, IDR_2, 836, 851, APMSDDESPTSSSAEE, 26.74, 10.31, 1.14
287, Q86WJ1, CHD1L_HUMAN Chromodomain-helicase-DNA-binding protein 1-like, 17967, IDR_0, 1, 15, MERAGATSRGGQAPG, 23.71, 9.34, 1.05, IDR_1, 546, 721, KDGQWVSDALPAAEGGSRDQEEGKNHMYLFEGKDYSKEPSKEDRKSFEQLVNLQKTLLEKASQEGRSLRNKGSVLIPGLVEGSTKRKRVLSPEELEDRQKKRQEAAAKRRRLIEEKKRQKEEAEHKKKMAWWESNNYQSFCLPSEESEPEDLENGEESSAELDYQDPDATSLKYVS, 90.99, 39.41, 1.18, IDR_2, 878, 897, SKSAVLHSQSSSSSSRQLVP, 29.86, 11.64, 1.14
288, P17481, HXB8_HUMAN Homeobox protein Hox-B8, 17887, IDR_0, 1, 153, MSSYFVNSLFSKYKTGESLRPNYYDCGFAQDLGGRPTVVYGPSSGGSFQHPSQIQEFYHGPSSLSTAPYQQNPCAVACHGDPGNFYGYDPLQRQSLFGAQDPDLVQYADCKLAAASGLGEEAEGSEQSPSPTQLFPWMRPQAAAGRRRGRQTY, 70.18, 33.15, 0.98, IDR_1, 204, 243, ENNKDKFPSSKCEQEELEKQKLERAPEAADEGDAQKGDKK, 44.74, 18.1, 1.21
289, P09630, HXC6_HUMAN Homeobox protein Hox-C6, 17887, IDR_0, 1, 144, MNSYFTNPSLSCHLAGGQDVLPNVALNSTAYDPVRHFSTYGAAVAQNRIYSTPFYSPQENVVFSSSRGPYDYGSNSFYQEKDMLSNCRQNTLGHNTQTSIAQDFSSEQGRTAPQDQKASIQIYPWMQRMNSHSGVGYGADRRRG, 70.69, 31.33, 1.01, IDR_1, 200, 235, SNLTSTLSGGGGGATADSLGGKEEKREETEEEKQKE, 39.65, 15.74, 1.14
290, P31273, HXC8_HUMAN Homeobox protein Hox-C8, 17887, IDR_0, 1, 155, MSSYFVNPLFSKYKAGESLEPAYYDCRFPQSVGRSHALVYGPGGSAPGFQHASHHVQDFFHHGTSGISNSGYQQNPCSLSCHGDASKFYGYEALPRQSLYGAQQEASVVQYPDCKSSANTNSSEGQGHLNQNSSPSLMFPWMRPHAPGRRSGRQT, 71.98, 31.58, 0.99, IDR_1, 206, 242, KENNKDKLPGARDEEKVEEEGNEEEEKEEEEKEENKD, 44.02, 17.13, 1.25
291, P31267, HXA6_HUMAN Homeobox protein Hox-A6, 17887, IDR_0, 1, 160, MSSYFVNPTFPGSLPSGQDSFLGQLPLYQAGYDALRPFPASYGASSLPDKTYTSPCFYQQSNSVLACNRASYEYGASCFYSDKDLSGASPSGSGKQRGPGDYLHFSPEQQYKPDSSSGQGKALHDEGADRKYTSPVYPWMQRMNSCAGAVYGSHGRRGRQ, 75.8, 34.24, 1.03, IDR_1, 217, 233, INSTQPSGEDSEAKAGE, 27.01, 10.21, 1.12
292, P20719, HXA5_HUMAN Homeobox protein Hox-A5, 17887, IDR_0, 1, 196, MSSYFVNSFCGRYPNGPDYQLHNYGDHSSVSEQFRDSASMHSGRYGYGYNGMDLSVGRSGSGHFGSGERARSYAASASAAPAEPRYSQPATSTHSPQPDPLPCSAVAPSPGSDSHHGGKNSLSNSSGASADAGSTHISSREGVGTASGAEEDAPASSEQASAQSEPSPAPPAQPQIYPWMRKLHISHDNIGGPEGK, 94.55, 40.83, 1.16
293, P09067, HXB5_HUMAN Homeobox protein Hox-B5, 17887, IDR_0, 1, 193, MSSYFVNSFSGRYPNGPDYQLLNYGSGSSLSGSYRDPAAMHTGSYGYNYNGMDLSVNRSSASSSHFGAVGESSRAFPAPAQEPRFRQAASSCSLSSPESLPCTNGDSHGAKPSASSPSDQATSASSSANFTEIDEASASSEPEEAASQLSSPSLARAQPEPMATSTAAPEGQTPQIFPWMRKLHISHDMTGPD, 96.78, 41.96, 1.19
294, Q96RS0, TGS1_HUMAN Trimethylguanosine synthase, 17614, IDR_0, 47, 228, YIRDSGNNSGDQATEEEEGGYSCGTAESHDSKGIGLDESELDSEAELMRSMGLPLQFGRITAHKDFEVSMNTRNKVKIKKKKHQKKYLDEIVQESWRKEYEEDDILASDDPSSIEQYENTRTYELQSKKDTETENPPVENTLSPKLEITEKWEKYWNEYGGGLLWQSWQEKHPGQALSSEPW, 83.59, 38.1, 1.07, IDR_1, 260, 635, WTFDASQSCDTDTYTSKTEADDKNDEKCMKVDLVSFPSSPIMVDNDSSGTSDKDHSEILDGISNIKLNSEEVTQSQLDSCTSHDGHQQLSEVSSKRECPASGQSEPRNGGTNEESNSSGNTNTDPPAEDSQKSSGANTSKDRPHASGTDGDESEEDPPEHKPSKLKRSHELDIDENPASDFDDSGSLLGFKYGSGQKYGGIPNFSHRQVRYLEKNVKLKSKYLDMRRQIKMKNKHIFFTKESEKPFFKKSKILSKVEKFLTWVNKPMDEEASQESSSHDNVHDASTSSDSEEQDMSVKKGDDLLETNNPEPEKCQSVSSAGELETENYERDSLLATVPDEQDCVTQEVPDSRQAETEAEVKKKKNKKKNKKVNGLP, 146.99, 62.64, 1.3
295, Q9HD67, MYO10_HUMAN Unconventional myosin-X, 17516, IDR_0, 596, 611, NQDTLKCGSKHRRPTV, 26.26, 10.64, 1.13, IDR_1, 816, 881, REQEEKKKQEEEEKKKREEEERERERERREAELRAQQEEETRKQQELEALQKSQKEAELTRELEKQ, 56.17, 23.25, 1.19, IDR_2, 959, 1165, RSLSVGSEFSSELAESACEEKPNFNFSQPYPEEEVDEGFEADDDAFKDSPNPSEHGHSDQRTSGIRTSDDSSEEDPYMNDTVVPTSPSADSTVLLAPSVQDSGSLHNSSSGESTYCMPQNAGDLPSPDGDYDYDQDDYEDGAITSGSSVTFSNSYGSQWSPDYRCSVGTYNSSGAYRFSSEGAQSSFEDSEEDFDSRFDTDDELSYR, 107.14, 46.24, 1.28, IDR_3, 1220, 1232, HKKGGGSSTLSRR, 22.52, 8.28, 1.08, IDR_4, 2046, 2058, STTRSASSQGSSR, 21.65, 8.39, 1.03
296, Q15773, MLF2_HUMAN Myeloid leukemia factor 2, 17484, IDR_0, 1, 248, MFRFMRDVEPEDPMFLMDPFAIHRQHMSRMLSGGFGYSPFLSITDGNMPGTRPASRRMQQAGAVSPFGMLGMSGGFMDMFGMMNDMIGNMEHMTAGGNCQTFSSSTVISYSNTGDGAPKVYQETSEMRSAPGGIRETRRTVRDSDSGLEQMSIGHHIRDRAHILQRSRNHRTGDQEERQDYINLDESEAAAFDDEWRRETSRFRQQRPLEFRRLESSGAGGRRAEGPPRLAIQGPEDSPSRQSRRYDW, 99.72, 44.12, 1.09
297, Q5VZL5, ZMYM4_HUMAN Zinc finger MYM-type protein 4, 16997, IDR_0, 1, 338, MAEREVESGPRKRFEQKSGAVFDEIVENCGGIMDTEMSEDIDHNLTPTLDSMSYGMPNQTGSENSLLDEDDYFLNSGDLAGIPVVGSDNEDEQDFSSKDNLVSSIHTDDSLEVERRVTQHESDNENEIQIQNKLKKDFPKQFDQVSVFKSIRKDFSLVRENSKETFSGKEKNRDLTYEREKRLDKPHKDLDSRLKSSFFDKAANQVEETLHTHLPQTPETNFRDSSYPFANKESIGSELGNSFASNIRIKEEPLDDEYDKAMAPQQGLLDKIKDEPDNAQEYSHGQQQKTQEGELKISAVFSVSGSPLAPQLTTGFQPSLASSGMNKMLPSVPATAVR, 139.48, 59.46, 1.3, IDR_1, 375, 415, VPPARPPPPLTKKTCSSCSKDILNPKDVISAQFENTTTSKD, 49.19, 19.24, 1.31, IDR_2, 616, 669, NKPTGMNSSVVPLSQGQVIVSIPTGSTVSAGGGSTSAVSPTSISSSAAAGLQRL, 53.36, 21.71, 1.25, IDR_3, 852, 1266, SVCDPPSQNNAANISMVQAASAGPPSLRKDSTPVIANVVSLASAPAAQPTVNSNSVLQGAVPTVTAKIIGDASTQTDALKLPPSQPPRLLKNKALLCKPITQTKATSCKPHTQNKECQTEDTPSQPQIIVVPVPVPVFVPIPLHLYTQYAPVPFGIPVPMPVPMLIPSSMDSEDKVTESIEDIKEKLPTHPFEADLLEMAEMIAEDEEKKTLSQGESQTSEHELFLDTKIFEKDQGSTYSGDLESEAVSTPHSWEEELNHYALKSNAVQEADSELKQFSKGETEQDLEADFPSDSFDPLNKGQGIQARSRTRRRHRDGFPQPRRRGRKKSIVAVEPRSLIQGAFQGCSVSGMTLKYMYGVNAWKNWVQWKNAKEEQGDLKCGGVEQASSSPRSDPLGSTQDHALSQESSEPGCRV, 156.44, 66.44, 1.32, IDR_4, 1428, 1464, PLQKQESEPDKLTVGKRKRNEDDEVPVGVEMAENTDN, 42.32, 17.09, 1.2
298, P48751, B3A3_HUMAN Anion exchange protein 3, 16724, IDR_0, 1, 318, MANGVIPPPGGASPLPQVRVPLEEPPLSPDVEEEDDDLGKTLAVSRFGDLISKPPAWDPEKPSRSYSERDFEFHRHTSHHTHHPLSARLPPPHKLRRLPPTSARHTRRKRKKEKTSAPPSEGTPPIQEEGGAGVDEEEEEEEEEEGESEAEPVEPPHSGTPQKAKFSIGSDEDDSPGLPGRAAVTKPLPSVGPHTDKSPQHSSSSPSPRARASRLAGEKSRPWSPSASYDLRERLCPGSALGNPGGPEQQVPTDEAEAQMLGSADLDDMKSHRLEDNPGVRRHLVKKPSRTQGGRGSPSGLAPILRRKKKKKKLDRRP, 122.16, 54.94, 1.18, IDR_1, 425, 503, HSHPNDDKDSGFFPRNPSSSSMNSVLGNHHPTPSHGPDGAVPTMADDLGEPAPLWPHDPDAKEKPLHMPGGDGHRGKSL, 64.9, 27.43, 1.25, IDR_2, 641, 683, QTKVEMTTRGGYTAPGKELSLELGGSEATPEDDPLLRTGSVFG, 45.41, 19.3, 1.2, IDR_3, 858, 890, PEGALEGSLDAGLEPNGSALPPTEGPPSPRNQP, 44.03, 17.73, 1.32, IDR_4, 1205, 1232, LQALDSEDAEPNFDEDGQDEYNELHMPV, 37.57, 14.95, 1.22
299, Q9H329, E41LB_HUMAN Band 4.1-like protein 4B, 16426, IDR_0, 1, 69, MLRFLRRTFGRRSMQRYARGAAGRGAAGLGDERDGGPRGGPAAAASSSALPAAPGGSVFPAGGGPLLTG, 57.03, 23.76, 1.18, IDR_1, 368, 900, RTPGNSKSNRSDFIRLGSRFRFSGRTEYQATHGSRLRRTSTFERKPSKRYPSRRHSTFKASNPVIAAQLCSKTNPEVHNYQPQYHPNIHPSQPRWHPHSPNVSYPLPSPVLSSSDRLPFGIEENGGTPFLTAASGRHHHQHQHQHQHQHHSNYSLSLTLENKEGPLRSPNSSSKSLTKLSPGTPALFSEAAAHLKKLELETVKAAGPWPPLHININKAEEKKVSEKTLQTPLLPSPVADHVKCNILKAQLENASRVNIQGGKEESPFVNINKKSSLQDASVRSPIPIRVETAQPAVEKPEIKPPRVRKLTRQYSFDEDDLPPDLAEAVGVTTSTTTNTTTAATQVSVPLPSPKVQNVSSPHKSEGKGLLSPGAKSPSDRGGAFTLEPGDLLMDFTEATPLAEPASNPHCAHSRCSPPLSLPMKEETTGVCMYPPIKTRLIKTFPVDTMNPFPDTFTTGPQFTADFRDSKLQCCPGPTSPLIPAATLRPLTETVSTVQTIYTTRKPVSLAASAETLRQELEREKMMKRLLMTEL, 181.38, 77.53, 1.35
300, Q5JSZ5, PRC2B_HUMAN Protein PRRC2B, 16238, IDR_0, 1, 497, MSDRLGQITKGKDGKSKYSTLSLFDKYKGKSVDAIRSSVIPRHGLQSLGKVAAARRMPPPANLPSLKSENKGNDPNIVIVPKDGTGWANKQDQQDPKSSSATASQPPESLPQPGLQKSVSNLQKPTQSISQENTNSVPGGPKSWAQLNGKPVGHEGGLRGSSRLLSFSPEEFPTLKAAGGQDKAGKEKGVLDLSYGPGPSLRPQNVTSWREGGGRHIISATSLSTSPTELGSRNSSTGDGAPSSACTSDSKDPSLRPAQPVRKGASQFMGNVYHPPTYHDMLPAFMCSPKSSENQGTVERGSFPLPQLRLEPRVPFRQFQMNDQDGKENRLGLSRPLRPLRQLVERAPRPTIINAENLKGLDDLDADADDGWAGLHEEVDYSEKLKFSDDEEEEEVVKDGRPKWNSWDPRRQRQLSMSSADSADAKRTREEGKDWAEAVGASRVVRKAPDPQPPPRKLHGWAPGPDYQKSSMGSMFRQQSIEDKEDKPPPRQKFIQS, 166.73, 72.37, 1.28, IDR_1, 540, 2229, RKAGEARKQAEKEVPWSPSAEKASPQENGPAVHKGSPEFPAQETPTTFPEEAPTVSPAVAQSNSSEEEAREAGSPAQEFKYQKSLPPRFQRQQQQQQQEQLYKMQHWQPVYPPPSHPQRTFYPHHPQMLGFDPRWMMMPSYMDPRITPTRTPVDFYPSALHPSGLMKPMMPQESLNGTGCRSEDQNCVPPLQERKVTPIDSPPVWSPEGYMALQSKGYPLPHPKSSDTLAMDMRVRNESSFSASLGRAGGVSAQRDLFEERGEEYLSAFDKKAQADFDSCISSQRIGQELLFPPQENVQDAGAPGGHTQNLRCSPLEPDFVPDEKKPECGSWDVSHQPETADTAHGVERETPREGTAFNISSWDKNGSPNKQPSSEPEWTPEPRSSSSQHPEQTGRTRRSGPIKKPVLKALKVEDKEKELEKIKQELGEESTRLAKEKEQSPTAEKDEDEENDASLANSSTTTLEDKGPGHATFGREATKFEEEEKPDKAWEARPPRESSDVPPMKRNNWIFIDEEQAFGVRGQARGRGRGFREFTFRGRPAGGNGSGLCGGGVLGARSIYCSSQRSGRGRGLREFARPEDCPRAKPRRRVASETHSEGSEYEELPKRRRQRGSENGNEGSLLEREESTLKKGDCRDSWRSNKGCSEDHSGLDAKSRGPRAFGRALPPRLSNCGYGRRTFVSKESPHWQSKSPGSSWQEYGPSDTCGSRRPTDRDYVPDSYRHPDAFGGRGFEDSRAEDKRSFFQDEHVADSENAENRPFRRRRPPRQDKPPRFRRLRQERESLGLWGPEEEPHLLAGQWPGRPKLCSGDKSGTVGRRSPELSYQNSSDHANEEWETASESSDFSERRERREGPGSEPDSQVDGGLSGASLGEKKELAKRSFSSQRPVVDRQSRKLEPGGFGEKPVRPGGGDTSPRYESQQNGTPLKVKRSPDEALPGGLSGCSSGSGHSPYALERAAHASADLPEASSKKAEKEAKLAAPRAGEQGEAMKQFDLNYGSAIIENCGSSPGEESEVGSMVGEGFIEVLTKKQRRLLEEERRKKEQAVQVPVKGRGLSSRIPPRFAKKQNNLCLEQGDVTVPGSSLGTEIWESSSQALPVQAPANDSWRKAVTAFSSTETGSAEQGFKSSQGDSGVDLSAESRESSATSSQRSSPYGTLKPEEMSGPGLAEPKADSHKEQAPKPSEQKDSEQGSGQSKEHRPGPIGNERSLKNRKGSEGAERLQGAVVPPVNGVEIHVDSVLPVPPIEFGVSPKDSDFSLPPGSASGPTGSPVVKLQDALASNAGLTQSIPILRRDHHIQRAIGLSPMSFPTADLTLKMESARKAWENSPSLPEQSSPGGAGSGIQPPSSVGASSGVNYSSFGGVSMPPMPVASVAPSASMPGSHLPPLYLDGHVFASQPRLVPQTIPQQQSYQQAAAAQQIPISLHTSLQAQAQLGLRGGLPVSQSQEIFSSLQPFRSQVYMHPSLSPPSTMILSGGTALKPPYSAFPGMQPLEMVKPQSGSPYQPMSGNQALVYEGQLSQAAGLGASQMLDSQLPQLTMPLPRYGSGQQPLILPQSIQLPPGQSLSVGAPRRIPPPGSQPPVLNTSREPSQMEMKGFHFADSKQNVPSGGPVPSPQTYRPSSASPSGKPSGSAVNMGSVQGHYVQQAKQRVDEKPSLGAVKLQEAPSAASQMKRTGAIKPRAVKVEESKA, 288.01, 131.78, 1.2
301, Q6ZW49, PAXI1_HUMAN PAX-interacting protein 1, 16196, IDR_0, 185, 598, LIIYEEEEEEEEEEEEVENEEQDSQNEGSTDEKSSPASSQEGSPSGDQQFSPKSNTEKSKGELMFDDSSDSSPEKQERNLNWTPAEVPQLAAAKRRLPQGKEPGLINLCANVPPVPGNILPPEVRGNLMAAGQNLQSSERSEMIATWSPAVRTLRNITNNADIQQMNRPSNVAHILQTLSAPTKNLEQQVNHSQQGHTNANAVLFSQVKVTPETHMLQQQQQAQQQQQQHPVLHLQPQQIMQLQQQQQQQISQQPYPQQPPHPFSQQQQQQQQAHPHQFSQQQLQFPQQQLHPPQQLHRPQQQLQPFQQQHALQQQFHQLQQHQLQQQQLAQLQQQHSLLQQQQQQQIQQQQLQRMHQQQQQQQMQSQTAPHLSQTSQALQHQVPPQQPPQQQQQQQPPPSPQQHQLFGHDPAV, 120.79, 49.88, 1.02, IDR_1, 834, 861, LKQNEVANVQPSSKRARIEDVPPPTKKL, 38.51, 15.51, 1.24
302, Q96MU7, YTDC1_HUMAN YTH domain-containing protein 1, 16170, IDR_0, 1, 338, MAADSREEKDGELNVLDDILTEVPEQDDELYNPESEQDKNEKKGSKRKSDRMESTDTKRQKPSVHSRQLVSKPLSSSVSNNKRIVSTKGKSATEYKNEEYQRSERNKRLDADRKIRLSSSASREPYKNQPEKTCVRKRDPERRAKSPTPDGSERIGLEVDRRASRSSQSSKEEVNSEEYGSDHETGSSGSSDEQGNNTENEEEGVEEDVEEDEEVEEDAEEDEEVDEDGEEEEEEEEEEEEEEEEEEEEYEQDERDQKEEGNDYDTRSEASDSGSESVSFTDGSVRSGSGTDGSDEKKKERKRARGISPIVFDRSGSSASESYAGSEKKHEKLSSSVR, 123.43, 57.26, 1.16, IDR_1, 511, 727, RRMHSQPRSRGRPSRREPVRDVGRRRPEDYDIHNSRKKPRIDYPPEFHQRPGYLKDPRYQEVDRRFSGVRRDVFLNGSYNDYVREFHNMGPPPPWQGMPPYPGMEQPPHHPYYQHHAPPPQAHPPYSGHHPVPHEARYRDKRVHDYDMRVDDFLRRTQAVVSGRRSRPRERDRERERDRPRDNRRDRERDRGRDRERERERLCDRDRDRGERGRYRR, 90.51, 41.09, 1.06
303, Q9HAZ1, CLK4_HUMAN Dual specificity protein kinase CLK4, 16090, IDR_0, 1, 147, MRHSKRTHCPDWDSRESWGHESYRGSHKRKRRSHSSTQENRHCKPHHQFKESDCHYLEARSLNERDYRDRRYVDEYRNDYCEGYVPRHYHRDIESGYRIHCSKSSVRSRRSSPKRKRNRHCSSHQSRSKSHRRKRSRSIEDDEEGHL, 77.63, 32.77, 1.1
304, Q5VTB9, RN220_HUMAN E3 ubiquitin-protein ligase RNF220, 15905, IDR_0, 1, 482, MDLHRAAFKMENSSYLPNPLASPALMVLASTAEASRDASIPCQQPRPFGVPVSVDKDVHIPFTNGSYTFASMYHRQGGVPGTFANRDFPPSLLHLHPQFAPPNLDCTPISMLNHSGVGAFRPFASTEDRESYQSAFTPAKRLKNCHDTESPHLRFSDADGKEYDFGTQLPSSSPGSLKVDDTGKKIFAVSGLISDREASSSPEDRNDRCKKKAAALFDSQAPICPICQVLLRPSELQEHMEQELEQLAQLPSSKNSLLKDAMAPGTPKSLLLSASIKREGESPTASPHSSATDDLHHSDRYQTFLRVRANRQTRLNARIGKMKRRKQDEGQREGSCMAEDDAVDIEHENNNRFEEYEWCGQKRIRATTLLEGGFRGSGFIMCSGKENPDSDADLDVDGDDTLEYGKPQYTEADVIPCTGEEPGEAKEREALRGAVLNGGPPSTRITPEFSKWASDEMPSTSNGESSKQEAMQKTCKNSDIEK, 161.91, 68.42, 1.27
305, Q6PII3, CC174_HUMAN Coiled-coil domain-containing protein 174, 15583, IDR_0, 36, 69, KDSGVFGKPKTTNKKPSIWSKQNVGVSNRAEKDA, 41.01, 16.54, 1.21, IDR_1, 126, 160, EASGAHRDSQKAGERDDDEENLPEGEIPPPQDPSE, 44.76, 17.47, 1.3, IDR_2, 304, 467, MKKSKEGGTEEENRDGDVIGPLPPEPEAVPTPRPAAQSSKVEVIVQERKDTKPGVPHIREWDRGKEFSFGYWSKRQSDLRAERDPEFAPPSDYFVGQKRTGFSSSQAWSRPGPAQSDPGQCPDQSHGPSPEHTSPTPAPDNPPQAPTVTFKTLDDMISYYKQVT, 91.58, 38.17, 1.23
306, Q9Y2U5, M3K2_HUMAN Mitogen-activated protein kinase kinase kinase 2, 15045, IDR_0, 1, 49, MDDQQALNSIMQDLAVLHKASRPALSLQETRKAKSSSPKKQNDVRVKFE, 48.65, 20.49, 1.19, IDR_1, 122, 352, NGSTQATNLEPLPSLEDLDNTVFGAERKKRLSIIGPTSRDRSSPPPGYIPDELHQVARNGSFTSINSEGEFIPESMDQMLDPLSLSSPENSGSGSCPSLDSPLDGESYPKSRMPRAQSYPDNHQEFSDYDNPIFEKFGKGGTYPRRYHVSYHHQEYNDGRKTFPRARRTQGTSLRSPVSFSPTDHSLSTSSGSSIFTPEYDDSRIRRRGSDIDNPTLTVMDISPPSRSPRA, 105.5, 44.22, 1.19
307, Q9H4B6, SAV1_HUMAN Protein salvador homolog 1, 14650, IDR_0, 1, 298, MLSRKKTKNEVSKPAEVQGKYVKKETSPLLRNLMPSFIRHGPTIPRRTDICLPDSSPNAFSTSGDVVSRNQSFLRTPIQRTPHEIMRRESNRLSAPSYLARSLADVPREYGSSQSFVTEVSFAVENGDSGSRYYYSDNFFDGQRKRPLGDRAHEDYRYYEYNHDLFQRMPQNQGRHASGIGRVAATSLGNLTNHGSEDLPLPPGWSVDWTMRGRKYYIDHNTNTTHWSHPLEREGLPPGWERVESSEFGTYYVDHTNKKAQYRHPCAPSVPRYDQPPPVTYQPQQTERNQSLLVPANP, 104.33, 43.35, 1.04
308, Q659C4, LAR1B_HUMAN La-related protein 1B, 14513, IDR_0, 1, 189, MENWPTPSELVNTGFQSVLSQGNKKPQNRKEKEEKVEKRSNSDSKENRETKLNGPGENVSEDEAQSSNQRKRANKHKWVPLHLDVVRSESQERPGSRNSSRCQPEANKPTHNNRRNDTRSWKRDREKRDDQDDVSSVRSEGGNIRGSFRGRGRGRGRGRGRGRGNPRLNFDYSYGYQEHGERTDQPFQT, 88.07, 38.88, 1.11, IDR_1, 291, 471, EPEKWPIPGPPPRSVPPTDFSQLIDCPEFVPGQAFCSHTESAPNSPRIGSPLSPKKNSETSILQAMSRGLSTSLPDLDSEPWIEVKKRHQPAPVKLRESVSVPEGSLNQLCSSEEPEQEELDFLFDEEIEQIGRKNTFTDWSDNDSDYEIDDQDLNKILIVTQTPPYVKKHPGGDRTGTHM, 100.68, 42.53, 1.28, IDR_2, 524, 695, QFENLTPELPFEPNQEVPVAPSQSRQGGVQGVLHIPKKDLTDELAQKLFDVSEITSAAMVHSLPTAVPESPRIHPTRTPKTPRTPRLQDPNKTPRFYPVVKEPKAIDVKSPRKRKTRHSTNPPLECHVGWVMDSRDRGPGTSSVSTSNASPSEGAPLAGSYGCTPHSFPKFQ, 101.7, 43.35, 1.33, IDR_3, 849, 914, DPPISDEFGRKRHSSTSGEESNRHRLPPNSSTKPPNAAKPTSTSELQVPINSPRRNISPESSDNSH, 58.66, 25.13, 1.24
309, Q9BSE4, HERP2_HUMAN Homocysteine-responsive endoplasmic reticulum-resident ubiquitin-like domain member 2 protein, 14423, IDR_0, 88, 270, SRTPPSSPKSSTNRESHEALASSSNSSSDHSGSTTPSSGQETLSLAVGSSSEGLRQRTLPQAQTDQAQSHQFPYVMQGNVDNQFPGQAAPPGFPVYPAFSPLQMLWWQQMYAHQYYMQYQAAVSAQATSNVNPTQPTTSQPLNLAHVPGEEPPPAPNLVAQENRPMNENVQMNAQGGPVLNEE, 92.76, 37.96, 1.18, IDR_1, 322, 406, FRQEGGHQQAPNNNAEVNNDGQNANNLELEEMERLMDDGLEDESGEDGGEDASAIQRPGLMASAWSFITTFFTSLIPEGPPQVAN, 64.17, 27.44, 1.2
310, Q96N46, TTC14_HUMAN Tetratricopeptide repeat protein 14, 14408, IDR_0, 1, 95, MDRDLLRQSLNCHGSSLLSLLRSEQQDNPHFRSLLGSAAEPARGPPPQHPLQGRKEKRVDNIEIQKFISKKADLLFALSWKSDAPATSEINEDSE, 70.46, 29.86, 1.24, IDR_1, 440, 770, AEKEEKQKTKKIETSAEKLRKLLKEEKRLKKKRRKSTSSSSVSSADESVSSSSSSSSSGHKRHKKHKRNRSESSRSSRRHSSRASSNQIDQNRKDECYPVPANTSASFLNHKQEVEKLLGKQDRLQYEKTQIKEKDRCPLSSSSLEIPDDFGGRSEDPRDFYNSYKTQAGSSKTEKPYKSERHFSSRRNSSDSFCRNSEDKIYGYRRFEKDIEGRKEHYRRWEPGSVRHSTSPASSEYSWKSVEKYKKYAHSGSRDFSRHEQRYRLNTNQGEYEREDNYGEDIKTEVPEEDALSSKEHSESSVKKNLPQNLLNIFNQIAEFEKEKGNKSKN, 124.47, 51.59, 1.18
311, Q9UBS3, DNJB9_HUMAN DnaJ homolog subfamily B member 9, 14401, IDR_0, 86, 223, YDTLGHSAFTSGKGQRGSGSSFEQSFNFNFDDLFKDFGFFGQNQNTGSKKRFENHFQTRQDGGSSRQRHHFQEFSFGGGLFDDMFEDMEKMFSFSGFDSTNQHTVQTENRFHGSSKHCRTVTQRRGNMVTTYTDCSGQ, 57.82, 25.46, 0.85
312, O75420, GGYF1_HUMAN GRB10-interacting GYF protein 1, 14375, IDR_0, 1, 469, MAAETLNFGPEWLRALSGGGSVASPPPSPAMPKYKLADYRYGREEMLALYVKENKVPEELQDKEFAAVLQDEPLQPLALEPLTEEEQRNFSLSVNSVAVLRLMGKGAGPPLAGTSRGRGSTRSRGRGRGDSCFYQRSIEEGDGAFGRSPREIQRSQSWDDRGERRFEKSARRDGARCGFEEGGAGPRKEHARSDSENWRSLREEQEEEEEGSWRLGAGPRRDGDRWRSASPDGGPRSAGWREHGERRRKFEFDLRGDRGGCGEEEGRGGGGSSHLRRCRAPEGFEEDKDGLPEWCLDDEDEEMGTFDASGAFLPLKKGPKEPIPEEQELDFQGLEEEEEPSEGLEEEGPEAGGKELTPLPPQEEKSSSPSPLPTLGPLWGTNGDGDETAEKEPPAAEDDIRGIQLSPGVGSSAGPPGDLEDDEGLKHLQQEAEKLVASLQDSSLEEEQFTAAMQTQGLRHSAAATALPL, 158.71, 66.37, 1.26, IDR_1, 582, 881, QCALREKAALGDLTPPPPPPPQQQQQQLTAFLQQLQALKPPRGGDQNLLPTMSRSLSVPDSGRLWDVHTSASSQSGGEASLWDIPINSSTQGPILEQLQLQHKFQERREVELRAKREEEERKRREEKRRQQQQEEQKRRQEEEELFRRKHVRQQELLLKLLQQQQAVPVPPAPSSPPPLWAGLAKQGLSMKTLLELQLEGERQLHKQPPPREPARAQAPNHRVQLGGLGTAPLNQWVSEAGPLWGGPDKSGGGSSGLGLWEDTPKSGGSLVRGLGLKNSRSSPSLSDSYSHLSGRPIRKK, 124.99, 52.4, 1.24, IDR_2, 986, 1035, TAFQANHSTKLGPGEGSKAKRRALMLHSDPSILGYSLHGSSGEIESVDDY, 45.65, 19.73, 1.11
313, O43310, CTIF_HUMAN CBP80/20-dependent translation initiation factor, 14079, IDR_0, 1, 369, MENSSAASASSEAGSSRSQEIEELERFIDSYVLEYQVQGLLADKTEGDGESERTQSHISQWTADCSEPLDSSCSFSRGRAPPQQNGSKDNSLDMLGTDIWAANTFDSFSGATWDLQPEKLDFTQFHRKVRHTPKQPLPHIDREGCGKGKLEDGDGINLNDIEKVLPAWQGYHPMPHEVEIAHTKKLFRRRRNDRRRQQRPPGGNKPQQHGDHQPGSAKHNRDHQKSYQGGSAPHPSGRPTHHGYSQNRRWHHGNMKHPPGDKGEAGAHRNAKETMTIENPKLEDTAGDTGHSSLEAPRSPDTLAPVASERLPPQQSGGPEVETKRKDSILPERIGERPKITLLQSSKDRLRRRLKEKDEVAVETTTPQQ, 129.68, 55.06, 1.16
314, O75164, KDM4A_HUMAN Lysine-specific demethylase 4A, 13761, IDR_0, 339, 705, TVIDHTLPTPEAAEFLKESELPPRAGNEEECPEEDMEGVEDGEEGDLKTSLAKHRIGTKRHRVCLEIPQEVSQSELFPKEDLSSEQYEMTECPAALAPVRPTHSSVRQVEDGLTFPDYSDSTEVKFEELKNVKLEEEDEEEEQAAAALDLSVNPASVGGRLVFSGSKKKSSSSLGSGSSRDSISSDSETSEPLSCRAQGQTGVLTVHSYAKGDGRVTVGEPCTRKKGSAARSFSERELAEVADEYMFSLEENKKSKGRRQPLSKLPRHHPLVLQECVSDDETSEQLTPEEEAEETEAWAKPLSQLWQNRPPNFEAEKEFNETMAQQAPHCAVCMIFQTYHQVEFGGFNQNCGNASDLAPQKQRTKPL, 144.14, 61.55, 1.29
315, Q8IVH8, M4K3_HUMAN Mitogen-activated protein kinase kinase kinase kinase 3, 13607, IDR_0, 291, 540, NPDHSTYHDFDDDDPEPLVAVPHRIHSTSRNVREEKTRSEITFGQVKFDPPLRKETEPHHELPDSDGFLDSSEEIYYTARSNLDLQLEYGQGHQGGYFLGANKSLLKSVEEELHQRGHVAHLEDDEGDDDESKHSTLKAKIPPPLPPKPKSIFIPQEMHSTEDENQGTIKRCPMSGSPAKPSQVPPRPPPPRLPPHKPVALGNGMSSFQLNGERDGSLCQQQNEHRGTNLSRKEKKDVPKPISNGLPPTP, 118.68, 50.03, 1.29
316, Q9HAW4, CLSPN_HUMAN Claspin, 13590, IDR_0, 1, 488, MTGEVGSEVHLEINDPNVISQEEADSPSDSGQGSYETIGPLSEGDSDEEIFVSKKLKNRKVLQDSDSETEDTNASPEKTTYDSAEEENKENLYAGKNTKIKRIYKTVADSDESYMEKSLYQENLEAQVKPCLELSLQSGNSTDFTTDRKSSKKHIHDKEGTAGKAKVKSKRRLEKEERKMEKIRQLKKKETKNQEDDVEQPFNDSGCLLVDKDLFETGLEDENNSPLEDEESLESIRAAVKNKVKKHKKKEPSLESGVHSFEEGSELSKGTTRKERKAARLSKEALKQLHSETQRLIRESALNLPYHMPENKTIHDFFKRKPRPTCHGNAMALLKSSKYQSSHHKEIIDTANTTEMNSDHHSKGSEQTTGAENEVETNALPVVSKETQIITGSDESCRKDLVKNEELEIQEKQKQSDIRPSPGDSSVLQQESNFLGNNHSEECQVGGLVAFEPHALEGEGPQNPEETDEKVEEPEQQNKSSAVGPPEK, 173.35, 72.27, 1.35, IDR_1, 541, 1087, PAAKPRAGQTVNVNVIVKDMGTDGKEELKADVVPVTLAPKKLDGASHTKPGEKLQVLKAKLQEAMKLRRFEERQKRQALFKLDNEDGFEEEEEEEEEMTDESEEDGEEKVEKEEKEEELEEEEEKEEEEEEEGNQETAEFLLSSEEIETKDEKEMDKENNDGSSEIGKAVGFLSVPKSLSSDSTLLLFKDSSSKMGYFPTEEKSETDENSGKQPSKLDEDDSCSLLTKESSHNSSFELIGSTIPSYQPCNRQTGRGTSFFPTAGGFRSPSPGLFRASLVSSASKSSGKLSEPSLPIEDSQDLYNASPEPKTLFLGAGDFQFCLEDDTQSQLLDADGFLNVRNHRNQYQALKPRLPLASMDENAMDANMDELLDLCTGKFTSQAEKHLPRKSDKKENMEELLNLCSGKFTSQDASTPASSELNKQEKESSMGDPMEEALALCSGSFPTDKEEEDEEEEFGDFRLVSNDNEFDSDEDEHSDSGNDLALEDHEDDDEEELLKRSEKLKRQMRLRKYLEDEAEVSGSDVGSEDEYDGEEIDEYEEDVIDEV, 196.2, 79.0, 1.44, IDR_2, 1124, 1165, DGDLHSDGPGRMRKFRWKNIDDASQMDLFHRDSDDDQTEEQL, 40.99, 17.18, 1.09, IDR_3, 1222, 1339, ASRPMVIQESKSLLRNPFEAIRPGSAQQVKTGSLLNQPKAVLQKLAALSDHNPSAPRNSRNFVFHTLSPVKAEAAKESSKSQVKKRGPSFMTSPSPKHLKTDDSTSGLTRSIFKYLES, 83.06, 34.73, 1.31
317, Q9P286, PAK5_HUMAN Serine/threonine-protein kinase PAK 5, 13557, IDR_0, 1, 427, MFGKKKKKIEISGPSNFEHRVHTGFDPQEQKFTGLPQQWHSLLADTANRPKPMVDPSCITPIQLAPMKTIVRGNKPCKETSINGLLEDFDNISVTRSNSLRKESPPTPDQGASSHGPGHAEENGFITFSQYSSESDTTADYTTEKYREKSLYGDDLDPYYRGSHAAKQNGHVMKMKHGEAYYSEVKPLKSDFARFSADYHSHLDSLSKPSEYSDLKWEYQRASSSSPLDYSFQFTPSRTAGTSGCSKESLAYSESEWGPSLDDYDRRPKSSYLNQTSPQPTMRQRSRSGSGLQEPMMPFGASAFKTHPQGHSYNSYTYPRLSEPTMCIPKVDYDRAQMVLSPPLSGSDTYPRGPAKLPQSQSKSGYSSSSHQYPSGYHKATLYHHPSLQSSSQYISTASYLSSLSLSSSTYPPPSWGSSSDQQPSRV, 133.21, 57.65, 1.11
318, P46100, ATRX_HUMAN Transcriptional regulator ATRX, 13450, IDR_0, 1, 164, MTAEPMSESKLNTLVQKLHDFLAHSSEESEETSSPPRLAMNQNTDKISGSGSNSDMMENSKEEGTSSSEKSKSSGSSRSKRKPSIVTKYVESDDEKPLDDETVNEDASNENSENDITMQSLPKGTVIVQPEPVLNEDKDDFKGPEFRSRSKMKTENLKKRGEDG, 97.9, 41.21, 1.31, IDR_1, 298, 341, IKVDSEKSNKVYEHTSRFSPKKTSSNCNGEEKKLDDSCSGSVTY, 44.17, 18.77, 1.15, IDR_2, 427, 1542, KNTKEHKVIDAKFETKARKGEKPCALEKKDISKSEAKLSRKQVDSEHMHQNVPTEEQRTNKSTGGEHKKSDRKEEPQYEPANTSEDLDMDIVSVPSSVPEDIFENLETAMEVQSSVDHQGDGSSGTEQEVESSSVKLNISSKDNRGGIKSKTTAKVTKELYVKLTPVSLSNSPIKGADCQEVPQDKDGYKSCGLNPKLEKCGLGQENSDNEHLVENEVSLLLEESDLRRSPRVKTTPLRRPTETNPVTSNSDEECNETVKEKQKLSVPVRKKDKRNSSDSAIDNPKPNKLPKSKQSETVDQNSDSDEMLAILKEVSRMSHSSSSDTDINEIHTNHKTLYDLKTQAGKDDKGKRKRKSSTSGSDFDTKKGKSAKSSIISKKKRQTQSESSNYDSELEKEIKSMSKIGAARTTKKRIPNTKDFDSSEDEKHSKKGMDNQGHKNLKTSQEGSSDDAERKQERETFSSAEGTVDKDTTIMELRDRLPKKQQASASTDGVDKLSGKEQSFTSLEVRKVAETKEKSKHLKTKTCKKVQDGLSDIAEKFLKKDQSDETSEDDKKQSKKGTEEKKKPSDFKKKVIKMEQQYESSSDGTEKLPEREEICHFPKGIKQIKNGTTDGEKKSKKIRDKTSKKKDELSDYAEKSTGKGDSCDSSEDKKSKNGAYGREKKRCKLLGKSSRKRQDCSSSDTEKYSMKEDGCNSSDKRLKRIELRERRNLSSKRNTKEIQSGSSSSDAEESSEDNKKKKQRTSSKKKAVIVKEKKRNSLRTSTKRKQADITSSSSSDIEDDDQNSIGEGSSDEQKIKPVTENLVLSSHTGFCQSSGDEALSKSVPVTVDDDDDDNDPENRIAKKMLLEEIKANLSSDEDGSSDDEPEEGKKRTGKQNEENPGDEEAKNQVNSESDSDSEESKKPRYRHRLLRHKLTVSDGESGEEKKTKPKEHKEVKGRNRRKVSSEDSEDSDFQESGVSEEVSESEDEQRPRTRSAKKAELEENQRSYKQKKKRRRIKVQEDSSSENKSNSEEEEEEKEEEEEEEEEEEEEEEDENDDSKSPGKGRKKIRKILKDDKLRTETQNALKEEEERRKRIAEREREREKLREVIEIEDASPTKCPITTKLVLDED, 266.42, 116.13, 1.37, IDR_3, 1901, 2000, YFDEDSMDEFIASDSDETSMSLSSDDYTKKKKKGKKGKKDSSSSGSGSDNDVEVIKVWNSRSRGGGEGNVDETGNNPSVSLKLEESKATSSSNPSSPAPD, 71.25, 28.85, 1.22, IDR_4, 2216, 2230, DDPNSEKKKKRDTPM, 24.96, 10.16, 1.1, IDR_5, 2287, 2319, MRFNIPTGTNLPPVSFNSQTPYIPFNLGALSAM, 41.11, 16.88, 1.23, IDR_6, 2432, 2492, TLGHLMMPKPPNLIMNPSNYQQIDMRGMYQPVAGGMQPPPLQRAPPPMRSKNPGPSQGKSM, 60.33, 24.73, 1.32
319, P22670, RFX1_HUMAN MHC class II regulatory factor RFX1, 13429, IDR_0, 1, 435, MATQAYTELQAAPPPSQPPQAPPQAQPQPPPPPPPAAPQPPQPPTAAATPQPQYVTELQSPQPQAQPPGGQKQYVTELPAVPAPSQPTGAPTPSPAPQQYIVVTVSEGAMRASETVSEASPGSTASQTGVPTQVVQQVQGTQQRLLVQTSVQAKPGHVSPLQLTNIQVPQQALPTQRLVVQSAAPGSKGGQVSLTVHGTQQVHSPPEQSPVQANSSSSKTAGAPTGTVPQQLQVHGVQQSVPVTQERSVVQATPQAPKPGPVQPLTVQGLQPVHVAQEVQQLQQVPVPHVYSSQVQYVEGGDASYTASAIRSSTYSYPETPLYTQTASTSYYEAAGTATQVSTPATSQAVASSGSMPMYVSGSQVVASSTSTGAGASNSSGGGGSGGGGGGGGGGGGGGSGSTGGGGSGAGTYVIQGGYMLGSASQSYSHTTRAS, 166.63, 71.05, 1.37, IDR_1, 528, 564, AMRGQPFSQKQRLKPIQKMEGMTNGVAVGQQPSTGLS, 42.62, 17.47, 1.21, IDR_2, 915, 979, SLNPLDPDKDEEEEEEEESEDELPQDISLAAGGESPALGPETLEPPAKLARTDARGLFVQALPSS, 63.39, 25.82, 1.35
320, Q03164, KMT2A_HUMAN Histone-lysine N-methyltransferase 2A, 13331, IDR_0, 1, 1156, MAHSCRWRFPARPGTTGGGGGGGRRGLGGAPRQRVPALLLPPGPPVGGGGPGAPPSPPAVAAAAAAAGSSGAGVPGGAAAASAASSSSASSSSSSSSSASSGPALLRVGPGFDAALQVSAAIGTNLRRFRAVFGESGGGGGSGEDEQFLGFGSDEEVRVRSPTRSPSVKTSPRKPRGRPRSGSDRNSAILSDPSVFSPLNKSETKSGDKIKKKDSKSIEKKRGRPPTFPGVKIKITHGKDISELPKGNKEDSLKKIKRTPSATFQQATKIKKLRAGKLSPLKSKFKTGKLQIGRKGVQIVRRRGRPPSTERIKTPSGLLINSELEKPQKVRKDKEGTPPLTKEDKTVVRQSPRRIKPVRIIPSSKRTDATIAKQLLQRAKKGAQKKIEKEAAQLQGRKVKTQVKNIRQFIMPVVSAISSRIIKTPRRFIEDEDYDPPIKIARLESTPNSRFSAPSCGSSEKSSAASQHSSQMSSDSSRSSSPSVDTSTDSQASEEIQVLPEERSDTPEVHPPLPISQSPENESNDRRSRRYSVSERSFGSRTTKKLSTLQSAPQQQTSSSPPPPLLTPPPPLQPASSISDHTPWLMPPTIPLASPFLPASTAPMQGKRKSILREPTFRWTSLKHSRSEPQYFSSAKYAKEGLIRKPIFDNFRPPPLTPEDVGFASGFSASGTAASARLFSPLHSGTRFDMHKRSPLLRAPRFTPSEAHSRIFESVTLPSNRTSAGTSSSGVSNRKRKRKVFSPIRSEPRSPSHSMRTRSGRLSSSELSPLTPPSSVSSSLSISVSPLATSALNPTFTFPSHSLTQSGESAEKNQRPRKQTSAPAEPFSSSSPTPLFPWFTPGSQTERGRNKDKAPEELSKDRDADKSVEKDKSRERDREREKENKRESRKEKRKKGSEIQSSSALYPVGRVSKEKVVGEDVATSSSAKKATGRKKSSSHDSGTDITSVTLGDTTAVKTKILIKKGRGNLEKTNLDLGPTAPSLEKEKTLCLSTPSSSTVKHSTSSIGSMLAQADKLPMTDKRVASLLKKAKAQLCKIEKSKSLKQTDQPKAQGQESDSSETSVRGPRIKHVCRRAAVALGRKRAVFPDDMPTLSALPWEEREKILSSMGNDDKSSIAGSEDAEPLAPPIKPIKPVTRNKAPQEPPVKKGRRSRRCG, 291.48, 124.06, 1.47, IDR_1, 1210, 1397, AKAVKKKEKKSKTSEKKDSKESSVVKNVVDSSQKPTPSAREDPAPKKSSSEPPPRKPVEEKSEEGNVSAPGPESKQATTPASRKSSKQVSQPALVIPPQPPTTGPPRKEVPKTTPSEPKKKQPPPPESGPEQSKQKKVAPRPSIPVKQKPKEKEKPPPVNKQENAGTLNILSTLSNGNSSKQKIPADG, 120.04, 50.42, 1.5, IDR_2, 1665, 1719, QAAKPPDLNPETEESIPSRSSPEGPDPPVLTEVSKQDDQQPLDLEGVKRKMDQGN, 57.16, 23.49, 1.32, IDR_3, 1774, 1868, SRFWEPNKVSSNSGMLPNAVLPPSLDHNYAQWQEREENSHTEQPPLMKKIIPAPKPKGPGEPDSPTPLHPPTPPILSTDRSREDSPELNPPPGIE, 74.09, 31.51, 1.3, IDR_4, 2077, 3669, PVVEPDINSTVEHDENRTIAHSPTSFTESSSKESQNTAEIISPPSPDRPPHSQTSGSCYYHVISKVPRIRTPSYSPTQRSPGCRPLPSAGSPTPTTHEIVTVGDPLLSSGLRSIGSRRHSTSSLSPQRSKLRIMSPMRTGNTYSRNNVSSVSTTGTATDLESSAKVVDHVLGPLNSSTSLGQNTSTSSNLQRTVVTVGNKNSHLDGSSSSEMKQSSASDLVSKSSSLKGEKTKVLSSKSSEGSAHNVAYPGIPKLAPQVHNTTSRELNVSKIGSFAEPSSVSFSSKEALSFPHLHLRGQRNDRDQHTDSTQSANSSPDEDTEVKTLKLSGMSNRSSIINEHMGSSSRDRRQKGKKSCKETFKEKHSSKSFLEPGQVTTGEEGNLKPEFMDEVLTPEYMGQRPCNNVSSDKIGDKGLSMPGVPKAPPMQVEGSAKELQAPRKRTVKVTLTPLKMENESQSKNALKESSPASPLQIESTSPTEPISASENPGDGPVAQPSPNNTSCQDSQSNNYQNLPVQDRNLMLPDGPKPQEDGSFKRRYPRRSARARSNMFFGLTPLYGVRSYGEEDIPFYSSSTGKKRGKRSAEGQVDGADDLSTSDEDDLYYYNFTRTVISSGGEERLASHNLFREEEQCDLPKISQLDGVDDGTESDTSVTATTRKSSQIPKRNGKENGTENLKIDRPEDAGEKEHVTKSSVGHKNEPKMDNCHSVSRVKTQGQDSLEAQLSSLESSRRVHTSTPSDKNLLDTYNTELLKSDSDNNNSDDCGNILPSDIMDFVLKNTPSMQALGESPESSSSELLNLGEGLGLDSNREKDMGLFEVFSQQLPTTEPVDSSVSSSISAEEQFELPLELPSDLSVLTTRSPTVPSQNPSRLAVISDSGEKRVTITEKSVASSESDPALLSPGVDPTPEGHMTPDHFIQGHMDADHISSPPCGSVEQGHGNNQDLTRNSSTPGLQVPVSPTVPIQNQKYVPNSTDSPGPSQISNAAVQTTPPHLKPATEKLIVVNQNMQPLYVLQTLPNGVTQKIQLTSSVSSTPSVMETNTSVLGPMGGGLTLTTGLNPSLPTSQSLFPSASKGLLPMSHHQHLHSFPAATQSSFPPNISNPPSGLLIGVQPPPDPQLLVSESSQRTDLSTTVATPSSGLKKRPISRLQTRKNKKLAPSSTPSNIAPSDVVSNMTLINFTPSQLPNHPSLLDLGSLNTSSHRTVPNIIKRSKSSIMYFEPAPLLPQSVGGTAATAAGTSTISQDTSHLTSGSVSGLASSSSVLNVVSMQTTTTPTSSASVPGHVTLTNPRLLGTPDIGSISNLLIKASQQSLGIQDQPVALPPSSGMFPQLGTSQTPSTAAITAASSICVLPSTQTTGITAASPSGEADEHYQLQHVNQLLASKTGIHSSQRDLDSASGPQVSNFTQTVDAPNSMGLEQNKALSSAVQASPTSPGGSPSSPSSGQRSASPSVPGPTKPKPKTKRFQLPLDKGNGKKHKVSHLRTSSSEAHIPDQETTSLTSGTGTPGAEAEQQDTASVEQSSQKECGQPAGQVAVLPEVQVTQNPANEQESAEPKTVEEEESNFSSPLMLWLQQEQKRKESITEKKPKKGL, 342.15, 146.62, 1.47, IDR_5, 3749, 3819, KPEEANEPPLNPHGSARAEVHLRKSAFDMFNFLASKHRQPPEYNPNDEEEEEVQLKSARRATSMDLPMPMR, 58.73, 24.72, 1.19
321, P25686, DNJB2_HUMAN DnaJ homolog subfamily B member 2, 13091, IDR_0, 70, 324, REGLTGTGTGPSRAEAGSGGPGFTFTFRSPEEVFREFFGSGDPFAELFDDLGPFSELQNRGSRHSGPFFTFSSSFPGHSDFSSSSFSFSPGAGAFRSVSTSTTFVQGRRITTRRIMENGQERVEVEEDGQLKSVTINGVPDDLALGLELSRREQQPSVTSRSGGTQVQQTPASCPLDSDLSEDEDLQLAMAYSLSEMEAAGKKPAGGREAQHRRQGRPKAQHQDPGLGGTQEGARGEATKRSPSPEEKASRCLIL, 111.41, 47.01, 1.2
322, Q9NP80, PLPL8_HUMAN Calcium-independent phospholipase A2-gamma, 13001, IDR_0, 1, 343, MSINLTVDIYIYLLSNARSVCGKQRSKQLYFLFSPKHYWRISHISLQRGFHTNIIRCKWTKSEAHSCSKHCYSPSNHGLHIGILKLSTSAPKGLTKVNICMSRIKSTLNSVSKAVFGNQNEMISRLAQFKPSSQILRKVSDSGWLKQKNIKQAIKSLKKYSDKSAEKSPFPEEKSHIIDKEEDIGKRSLFHYTSSITTKFGDSFYFLSNHINSYFKRKEKMSQQKENEHFRDKSELEDKKVEEGKLRSPDPGILAYKPGSESVHTVDKPTSPSAIPDVLQVSTKQSIANFLSRPTEGVQALVGGYIGGLVPKLKYDSKSQSEEQEEPAKTDQAVSKDRNAEEK, 137.6, 58.44, 1.28
323, P78332, RBM6_HUMAN RNA-binding protein 6, 12891, IDR_0, 1, 457, MWGDSRPANRTGPFRGSQEERFAPGWNRDYPPPPLKSHAQERHSGNFPGRDSLPFDFQGHSGPPFANVEEHSFSYGARDGPHGDYRGGEGPGHDFRGGDFSSSDFQSRDSSQLDFRGRDIHSGDFRDREGPPMDYRGGDGTSMDYRGREAPHMNYRDRDAHAVDFRGRDAPPSDFRGRGTYDLDFRGRDGSHADFRGRDLSDLDFRAREQSRSDFRNRDVSDLDFRDKDGTQVDFRGRGSGTTDLDFRDRDTPHSDFRGRHRSRTDQDFRGREMGSCMEFKDREMPPVDPNILDYIQPSTQDREHSGMNVNRREESTHDHTIERPAFGIQKGEFEHSETREGETQGVAFEHESPADFQNSQSPVQDQDKSQLSGREEQSSDAGLFKEEGGLDFLGRQDTDYRSMEYRDVDHRLPGSQMFGYGQSKSFPEGKTARDAQRDLQDQDYRTGPSEEKPSRL, 120.67, 57.52, 0.97, IDR_1, 573, 656, ITYPQPQKTSIPAPLEKQPNQPLRPADKEPEPRKREEGQESRLGHQKREAERYLPPSRREGPTFRRDRERESWSGETRQDGESK, 66.22, 27.97, 1.24, IDR_2, 739, 949, TGKRRNDSGDHSDHMHYYQGKKYFRDRRGGGRNSDWSSDTNRQGQQSSSDCYIYDSATGYYYDPLAGTYYDPNTQQEVYVPQDPGLPEEEEIKEKKPTSQGKSSSKKEMSKRDGKEKKDRGVTRFQENASEGKAPAEDVFKKPLPPTVKKEESPPPPKVVNPLIGLLGEYGGDSDYEEEEEEEQTPPPQPRTAQPQKREEQTKKENEEDKL, 97.19, 43.5, 1.15, IDR_3, 1005, 1123, REGKFKGRGNDRREKLQSFDSPERKRIKYSRETDSDRKLVDKEDIDTSSKGGCVQQATGWRKGTGLGYGHPGLASSEEAEGRMRGPSVGASGRTSKRQSNETYRDAVRRVMFARYKELD, 75.15, 31.96, 1.19
324, Q9NQV6, PRD10_HUMAN PR domain zinc finger protein 10, 12845, IDR_0, 1, 167, MDSKDESSHVWPTSAEHEQNAAQVHFVPDTGTVAQIVYTDDQVRPPQQVVYTADGASYTSVDGPEHTLVYIHPVEAAQTLFTDPGQVAYVQQDATAQQASLPVHNQVLPSIESVDGSDPLATLQTPLGRLEAKEEEDEDEDEDTEEDEEEDGEDTDLDDWEPDPPRP, 107.99, 42.65, 1.43, IDR_1, 377, 502, HDEKLDVFSRTRGRGRGRGKRRFGPGRRPGRPPKFIRLEITSENGEKSDDGTQDLLHFPTKEQFDEAEPATLNGLDQPEQTTIPIPQLPQETQSSLEHEPETHTLHLQPQHEESVVPTQSTLTADD, 77.67, 34.18, 1.19, IDR_2, 695, 722, HNPEREAKKADRISRSKTFKPRITSTDY, 36.55, 14.73, 1.18, IDR_3, 793, 1147, KNHPGAELPPSIRKLRPAGPGEPDPMLSTHTQLTGTIATPPVCCPHCSKQYSSKTKMVQHIRKKHPEFAQLSNTIHTPLTTAVISATPAVLTTDSATGETVVTTDLLTQAMTELSQTLTTDYRTPQGDYQRIQYIPVSQSASGLQQPQHIQLQVVQVASATSPHQSQQSTVDVGQLHDPQPYPQHAIQVQHIQVSGQPLSPSAQQAQQGLSPSHIQGSSSTQGQALQQQQQQQQNSSVQHTYLPSAWNSFRGYSSEIQMMTLPPGQFVITDSGVATPVTTGQVKAVTSGHYVLSESQSELEEKQTSALSGGVQVEPPAHSDSLDPQTNSQQQTTQYIITTTTNGNGSSEVHITKP, 141.43, 58.95, 1.29
325, Q99081, HTF4_HUMAN Transcription factor 12, 12509, IDR_0, 1, 570, MNPQQQRMAAIGTDKELSDLLDFSAMFSPPVNSGKTRPTTLGSSQFSGSGIDERGGTTSWGTSGQPSPSYDSSRGFTDSPHYSDHLNDSRLGAHEGLSPTPFMNSNLMGKTSERGSFSLYSRDTGLPGCQSSLLRQDLGLGSPAQLSSSGKPGTAYYSFSATSSRRRPLHDSAALDPLQAKKVRKVPPGLPSSVYAPSPNSDDFNRESPSYPSPKPPTSMFASTFFMQDGTHNSSDLWSSSNGMSQPGFGGILGTSTSHMSQSSSYGNLHSHDRLSYPPHSVSPTDINTSLPPMSSFHRGSTSSSPYVAASHTPPINGSDSILGTRGNAAGSSQTGDALGKALASIYSPDHTSSSFPSNPSTPVGSPSPLTGTSQWPRPGGQAPSSPSYENSLHSLQSRMEDRLDRLDDAIHVLRNHAVGPSTSLPAGHSDIHSLLGPSHNAPIGSLNSNYGGSSLVASSRSASMVGTHREDSVSLNGNHSVLSSTVTTSSTDLNHKTQENYRGGLQSQSGTVVTTEIKTENKEKDENLHEPPSSDDMKSDDESSQKDIKVSSRGRTSSTNEDEDLNPEQ, 180.7, 76.57, 1.3, IDR_1, 643, 682, AACLKRREEEKVSAVSAEPPTTLPGTHPGLSETTNPMGHM, 45.71, 18.9, 1.24
326, Q13427, PPIG_HUMAN Peptidyl-prolyl cis-trans isomerase G, 12485, IDR_0, 176, 754, ELIPKSKVKKEEKKRHKSSSSSSSSSSDSDSSSDSQSSSDSSDSESATEEKSKKRKKKHRKNSRKHKKEKKKRKKSKKSASSESEAENLEAQPQSTVRPEEIPPIPENRFLMRKSPPKADEKERKNRERERERECNPPNSQPASYQRRLLVTRSGRKIKGRGPRRYRTPSRSRSRDRFRRSETPPHWRQEMQRAQRMRVSSGERWIKGDKSELNEIKENQRSPVRVKERKITDHRNVSESPNRKNEKEKKVKDHKSNSKERDIRRNSEKDDKYKNKVKKRAKSKSRSKSKEKSKSKERDSKHNRNEEKRMRSRSKGRDHENVKEKEKQSDSKGKDQERSRSKEKSKQLESKSNEHDHSKSKEKDRRAQSRSRECDITKGKHSYNSRTRERSRSRDRSRRVRSRTHDRDRSRSKEYHRYREQEYRRRGRSRSRERRTPPGRSRSKDRRRRRRDSRSSEREESQSRNKDKYRNQESKSSHRKENSESEKRMYSKSRDHNSSNNSREKKADRDQSPFSKIKQSSQDNELKSSMLKNKEDEKIRSSVEKENQKSKGQENDHVHEKNKKFDHESSPGTDEDKSG, 195.92, 85.99, 1.4
327, O14497, ARI1A_HUMAN AT-rich interactive domain-containing protein 1A, 12320, IDR_0, 1, 1007, MAAQVAPAAASSLGNPPPPPPSELKKAEQQQREEAGGEAAAAAAAERGEMKAAAGQESEGPAVGPPQPLGKELQDGAESNGGGGGGGAGSGGGPGAEPDLKNSNGNAGPRPALNNNLTEPPGGGGGGSSDGVGAPPHSAAAALPPPAYGFGQPYGRSPSAVAAAAAAVFHQQHGGQQSPGLAALQSGGGGGLEPYAGPQQNSHDHGFPNHQYNSYYPNRSAYPPPAPAYALSSPRGGTPGSGAAAAAGSKPPPSSSASASSSSSSFAQQRFGAMGGGGPSAAGGGTPQPTATPTLNQLLTSPSSARGYQGYPGGDYSGGPQDGGAGKGPADMASQCWGAAAAAAAAAAASGGAQQRSHHAPMSPGSSGGGGQPLARTPQPSSPMDQMGKMRPQPYGGTNPYSQQQGPPSGPQQGHGYPGQPYGSQTPQRYPMTMQGRAQSAMGGLSYTQQIPPYGQQGPSGYGQQGQTPYYNQQSPHPQQQQPPYSQQPPSQTPHAQPSYQQQPQSQPPQLQSSQPPYSQQPSQPPHQQSPAPYPSQQSTTQQHPQSQPPYSQPQAQSPYQQQQPQQPAPSTLSQQAAYPQPQSQQSQQTAYSQQRFPPPQELSQDSFGSQASSAPSMTSSKGGQEDMNLSLQSRPSSLPDLSGSIDDLPMGTEGALSPGVSTSGISSSQGEQSNPAQSPFSPHTSPHLPGIRGPSPSPVGSPASVAQSRSGPLSPAAVPGNQMPPRPPSGQSDSIMHPSMNQSSIAQDRGYMQRNPQMPQYSSPQPGSALSPRQPSGGQIHTGMGSYQQNSMGSYGPQGGQYGPQGGYPRQPNYNALPNANYPSAGMAGGINPMGAGGQMHGQPGIPPYGTLPPGRMSHASMGNRPYGPNMANMPPQVGSGMCPPPGGMNRKTQETAVAMHVAANSIQNRPPGYPNMNQGGMMGTGPPYGQGINSMAGMINPQGPPYSMGGTMANNSAGMAASPEMMGLGDVKLTPATKMNNKADGTPKTESKSKKSSSSTTTNEK, 232.63, 91.65, 1.26, IDR_1, 1110, 1659, GEDPPPDIFAAADSKKSQPKIQPPSPAGSGSMQGPQTPQSTSSSMAEGGDLKPPTPASTPHSQIPPLPGMSRSNSVGIQDAFNDGSDSTFQKRNSMTPNPGYQPSMNTSDMMGRMSYEPNKDPYGSMRKAPGSDPFMSSGQGPNGGMGDPYSRAAGPGLGNVAMGPRQHYPYGGPYDRVRTEPGIGPEGNMSTGAPQPNLMPSNPDSGMYSPSRYPPQQQQQQQQRHDSYGNQFSTQGTPSGSPFPSQQTTMYQQQQQNYKRPMDGTYGPPAKRHEGEMYSVPYSTGQGQPQQQQLPPAQPQPASQQQAAQPSPQQDVYNQYGNAYPATATAATERRPAGGPQNQFPFQFGRDRVSAPPGTNAQQNMPPQMMGGPIQASAEVAQQGTMWQGRNDMTYNYANRQSTGSAPQGPAYHGVNRTDEMLHTDQRANHEGSWPSHGTRQPPYGPSAPVPPMTRPPPSNYQPPPSMQNHIPQVSSPAPLPRPMENRTSPSKSPFLHSGMKMQKAGPPVPASHIAPAPVQPPMIRRDITFPPGSVEATQPVLKQRRRL, 160.47, 64.15, 1.17, IDR_2, 1737, 1965, GDPGQRTLLDPGRFSKVSSPAPMEGGEEEEELLGPKLEEEEEEEVVENDEEIAFSGKDKPASENSEEKLISKFDKLPVKIVQKNDPFVVDCSDKLGRVQEFDSGLLHWRIGGGDTTEHIQTHFESKTELLPSRPHAPCPPAPRKHVTTAEGTPGTTDQEGPPPDGPPEKRITATMDDMLSTRSSTLTEDGAKSSEAIKESSKFPFGISPAQSHRNIKILEDEPHSKDET, 119.81, 50.48, 1.36, IDR_3, 2024, 2043, RKQAPLTYEKEEEQDQGVSC, 28.26, 11.39, 1.09
328, Q8N2G8, GHDC_HUMAN GH3 domain-containing protein, 12250, IDR_0, 1, 125, MLLWPLLLLLLLLPTLALLRQQRSQDARLSWLAGLQHRVAWGALVWAATWQRRRLEQSTLHVHQSQQQALRWCLQGAQRPHCSLRRSTDISTFRNHLPLTKASQTQQEDSGEQPLPPTSNQDLGE, 70.31, 30.0, 1.08
329, Q9Y6Q9, NCOA3_HUMAN Nuclear receptor coactivator 3, 12197, IDR_0, 1, 38, MSGLGENLDPLASDSRKRKLPCDTPGQGLTCSGEKRRR, 41.96, 17.58, 1.17, IDR_1, 87, 108, KTISNDDDVQKADVSSTGQGVI, 30.48, 12.28, 1.11, IDR_2, 355, 1424, PVTNDRHGFVSTHFLQREQNGYRPNPNPVGQGIRPPMAGCNSSVGGMSMSPNQGLQMPSSRAYGLADPSTTGQMSGARYGGSSNIASLTPGPGMQSPSSYQNNNYGLNMSSPPHGSPGLAPNQQNIMISPRNRGSPKIASHQFSPVAGVHSPMASSGNTGNHSFSSSSLSALQAISEGVGTSLLSTLSSPGPKLDNSPNMNITQPSKVSNQDSKSPLGFYCDQNPVESSMCQSNSRDHLSDKESKESSVEGAENQRGPLESKGHKKLLQLLTCSSDDRGHSSLTNSPLDSSCKESSVSVTSPSGVSSSTSGGVSSTSNMHGSLLQEKHRILHKLLQNGNSPAEVAKITAEATGKDTSSITSCGDGNVVKQEQLSPKKKENNALLRYLLDRDDPSDALSKELQPQVEGVDNKMSQCTSSTIPSSSQEKDPKIKTETSEEGSGDLDNLDAILGDLTSSDFYNNSISSNGSHLGTKQQVFQGTNSLGLKSSQSVQSIRPPYNRAVSLDSPVSVGSSPPVKNISAFPMLPKQPMLGGNPRMMDSQENYGSSMGGPNRNVTVTQTPSSGDWGLPNSKAGRMEPMNSNSMGRPGGDYNTSLPRPALGGSIPTLPLRSNSIPGARPVLQQQQQMLQMRPGEIPMGMGANPYGQAAASNQLGSWPDGMLSMEQVSHGTQNRPLLRNSLDDLVGPPSNLEGQSDERALLDQLHTLLSNTDATGLEEIDRALGIPELVNQGQALEPKQDAFQGQEAAVMMDQKAGLYGQTYPAQGPPMQGGFHLQGQSPSFNSMMNQMNQQGNFPLQGMHPRANIMRPRTNTPKQLRMQLQQRLQGQQFLNQSRQALELKMENPTAGGAAVMRPMMQPQVSSQQGFLNAQMVAQRSRELLSHHFRQQRVAMMMQQQQQQQQQQQQQQQQQQQQQQQQQQQQQTQAFSPPPNVTASPSMDGLLAGPTMPQAPPQQFPYQPNYGMGQQPDPAFGRVSSPPNAMMSSRMGPSQNPMMQHPQAASIYQSSEMKGWPSGNLARNSSFSQQQFAHQGNPAVYSMVHMNGSSGHMGQMNMNPMPMSGMPMGPDQKYC, 246.07, 106.85, 1.29
330, P30414, NKTR_HUMAN NK-tumor recognition protein, 12186, IDR_0, 186, 1462, EKKRKKPTHSEGSDSSSNSSSSSESSSESELEHERSRRRKHKRRPKVKRSKKRRKEASSSEEPRNKHAMNPKGHSERSDTNEKRSVDSSAKREKPVVRPEEIPPVPENRFLLRRDMPVVTAEPEPKIPDVAPIVSDQKPSVSKSGRKIKGRGTIRYHTPPRSRSCSESDDDDSSETPPHWKEEMQRLRAYRPPSGEKWSKGDKLSDPCSSRWDERSLSQRSRSWSYNGYYSDLSTARHSGHHKKRRKEKKVKHKKKGKKQKHCRRHKQTKKRRILIPSDIESSKSSTRRMKSSCDRERSSRSSSLSSHHSSKRDWSKSDKDVQSSLTHSSRDSYRSKSHSQSYSRGSSRSRTASKSSSHSRSRSKSRSSSKSGHRKRASKSPRKTASQLSENKPVKTEPLRATMAQNENVVVQPVVAENIPVIPLSDSPPPSRWKPGQKPWKPSYERIQEMKAKTTHLLPIQSTYSLANIKETGSSSSYHKREKNSESDQSTYSKYSDRSSESSPRSRSRSSRSRSYSRSYTRSRSLASSHSRSRSPSSRSHSRNKYSDHSQCSRSSSYTSISSDDGRRAKRRLRSSGKKNSVSHKKHSSSSEKTLHSKYVKGRDRSSCVRKYSESRSSLDYSSDSEQSSVQATQSAQEKEKQGQMERTHNKQEKNRGEEKSKSERECPHSKKRTLKENLSDHLRNGSKPKRKNYAGSKWDSESNSERDVTKNSKNDSHPSSDKEEGEATSDSESEVSEIHIKVKPTTKSSTNTSLPDDNGAWKSSKQRTSTSDSEGSCSNSENNRGKPQKHKHGSKENLKREHTKKVKEKLKGKKDKKHKAPKRKQAFHWQPPLEFGEEEEEEIDDKQVTQESKEKKVSENNETIKDNILKTEKSSEEDLSGKHDTVTVSSDLDQFTKDDSKLSISPTALNTEENVACLQNIQHVEESVPNGVEDVLQTDDNMEICTPDRSSPAKVEETSPLGNARLDTPDINIVLKQDMATEHPQAEVVKQESSMSESKVLGEVGKQDSSSASLASAGESTGKKEVAEKSQINLIDKKWKPLQGVGNLAAPNAATSSAVEVKVLTTVPEMKPQGLRIEIKSKNKVRPGSLFDEVRKTARLNRRPRNQESSSDEQTPSRDDDSQSRSPSRSRSKSETKSRHRTRSVSYSHSRSRSRSSTSSYRSRSYSRSRSRGWYSRGRTRSRSSSYRSYKSHRTSSRSRSRSSSYDPHSRSRSYTYDSYYSRSRSRSRSQRSDSYHRGRSYNRRSRSCRSYGSDSESDRSYSHHRSPSESSRYS, 283.37, 119.96, 1.36
331, O43295, SRGP3_HUMAN SLIT-ROBO Rho GTPase-activating protein 3, 12048, IDR_0, 190, 216, KQFNKSGDLSMNLLRHEDRPQRRSSVK, 34.99, 14.29, 1.16, IDR_1, 400, 416, DAFQHSRSTESVKSAAS, 25.41, 10.18, 1.05, IDR_2, 468, 495, GEGERAECGTTRPPCLPPKPQKMRRPRP, 41.54, 17.1, 1.35, IDR_3, 699, 1099, ELEGPVYEKCMAGGEEYCDSPHSEPGAIDEVDHDNGTEPHTSDEEVEQIEAIAKFDYMGRSPRELSFKKGASLLLYHRASEDWWEGRHNGVDGLIPHQYIVVQDMDDAFSDSLSQKADSEASSGPLLDDKASSKNDLQSPTEHISDYGFGGVMGRVRLRSDGAAIPRRRSGGDTHSPPRGLGPSIDTPPRAAACPSSPHKIPLTRGRIESPEKRRMATFGSAGSINYPDKKALSEGHSMRSTCGSTRHSSLGDHKSLEAEALAEDIEKTMSTALHELRELERQNTVKQAPDVVLDTLEPLKNPPGPVSSEPASPLHTIVIRDPDAAMRRSSSSSTEMMTTFKPALSARLAGAQLRPPPMRPVRPVVQHRSSSSSSSGVGSPAVTPTEKMFPNSSADKSGTM, 156.02, 66.28, 1.34
332, O94761, RECQ4_HUMAN ATP-dependent DNA helicase Q4, 12017, IDR_0, 1, 463, MERLRDVRERLQAWERAFRRQRGRRPSQDDVEAAPEETRALYREYRTLKRTTGQAGGGLRSSESLPAAAEEAPEPRCWGPHLNRAATKSPQSTPGRSRQGSVPDYGQRLKANLKGTLQAGPALGRRPWPLGRASSKASTPKPPGTGPVPSFAEKVSDEPPQLPEPQPRPGRLQHLQASLSQRLGSLDPGWLQRCHSEVPDFLGAPKACRPDLGSEESQLLIPGESAVLGPGAGSQGPEASAFQEVSIRVGSPQPSSSGGEKRRWNEEPWESPAQVQQESSQAGPPSEGAGAVAVEEDPPGEPVQAQPPQPCSSPSNPRYHGLSPSSQARAGKAEGTAPLHIFPRLARHDRGNYVRLNMKQKHYVRGRALRSRLLRKQAWKQKWRKKGECFGGGGATVTTKESCFLNEQFDHWAAQCPRPASEEDTDAVGPEPLVPSPQPVPEVPSLDPTVLPLYSLGPSGQLA, 148.57, 64.29, 1.19, IDR_1, 856, 897, TCTRPPSEQEGAVGGERPVPKYPPQEAEQLSHQAAPGPRRVC, 48.55, 19.9, 1.29, IDR_2, 1109, 1132, EEEEGQEPGGMEDAQGPEPGQARL, 32.43, 13.39, 1.14
333, Q96L91, EP400_HUMAN E1A-binding protein p400, 12016, IDR_0, 1, 360, MHHGTGPQNVQHQLQRSRACPGSEGEEQPAHPNPPPSPAAPFAPSASPSAPQSPSYQIQQLMNRSPATGQNVNITLQSVGPVVGGNQQITLAPLPLPSPTSPGFQFSAQPRRFEHGSPSYIQVTSPLSQQVQTQSPTQPSPGPGQALQNVRAGAPGPGLGLCSSSPTGGFVDASVLVRQISLSPSSGGHFVFQDGSGLTQIAQGAQVQLQHPGTPITVRERRPSQPHTQSGGTIHHLGPQSPAAAGGAGLQPLASPSHITTANLPPQISSIIQGQLVQQQQVLQGPPLPRPLGFERTPGVLLPGAGGAAGFGMTSPPPPTSPSRTAVPPGLSSLPLTSVGNTGMKKVPKKLEEIPPASPE, 151.02, 62.65, 1.37, IDR_1, 419, 808, RQNDLDIEEEEEEEEEEEEKSEVINDEVKVVTGKDGQTGTPVAIATQLPPKVSAAFSSQQQPFQQALAGSLVAGAGSTVETDLFKRQQAMPSTGMAEQSKRPRLEVGHQGVVFQHPGADAGVPLQQLMPTAQGGMPPTPQAAQLAGQRQSQQQYDPSTGPPVQNAASLHTPLPQLPGRLPPAGVPTAALSSALQFAQQPQVVEAQTQLQIPVKTQQPNVPIPAPPSSQLPIPPSQPAQLALHVPTPGKVQVQASQLSSLPQMVASTRLPVDPAPPCPRPLPTSSTSSLAPVSGSGPGPSPARSSPVNRPSSATNKALSPVTSRTPGVVASAPTKPQSPAQNATSSQDSSQDTLTEQITLENQVHQRIAELRKAGLWSQRRLPKLQEAPRP, 160.48, 68.64, 1.39, IDR_2, 908, 1027, KVSRRGKELRPKGFDALQESSLDSGMSGRKRKASISLTDDEVDDEEETIEEEEANEGVVDHQTELSNLAKEAELPLLDLMKLYEGAFLPSSQWPRPKPDGEDTSGEEDADDCPGDRESRK, 79.67, 33.84, 1.25, IDR_3, 1435, 1742, IPRKLMEEISTSAAPAARPAAAKLKASRLFQPVQYGQKPEGRTVAFPSTHPPRTAAPTTASAAPQGPLRGRPPIATFSANPEAKAAAAPFQTSQASASAPRHQPASASSTAASPAHPAKLRAQTTAQASTPGQPPPQPQAPSHAAGQSALPQRLVLPSQAQARLPSGEVVKIAQLASITGPQSRVAQPETPVTLQFQGSKFTLSHSQLRQLTAGQPLQLQGSVLQIVSAPGQPYLRAPGPVVMQTVSQAGAVHGALGSKPPAGGPSPAPLTPQVGVPGRVAVNALAVGEPGTASKPASPIGGPTQEEK, 146.32, 60.81, 1.43, IDR_4, 1785, 1810, WRGSLDGRRGKEAGPAHSYTSSSESP, 31.85, 13.23, 1.08, IDR_5, 2119, 2147, KSAQEGVLGPHTDALSSDSENMPCDEEPS, 38.47, 14.97, 1.23, IDR_6, 2246, 2366, PLWTPPTPPQDDSDIYLDSVMCLMYEATPIPEAKLPPVYVRKERKRHKTDPSAAGRKKKQRHGEAVVPPRSLFDRATPGLLKIRREGKEQKKNILLKQQVPFAKPLPTFAKPTAEPGQDNP, 83.18, 35.75, 1.29, IDR_7, 2429, 3159, IIPREEGKSKNNRPLRTSQIYAQDENATHTQLYTSHFDLMKMTAGKRSPPIKPLLGMNPFQKNPKHASVLAESGINYDKPLPPIQVASLRAERIAKEKKALADQQKAQQPAVAQPPPPQPQPPPPPQQPPPPLPQPQAAGSQPPAGPPAVQPQPQPQPQTQPQPVQAPAKAQPAITTGGSAAVLAGTIKTSVTGTSMPTGAVSGNVIVNTIAGVPAATFQSINKRLASPVAPGALTTPGGSAPAQVVHTQPPPRAVGSPATATPDLVSMATTQGVRAVTSVTASAVVTTNLTPVQTPARSLVPQVSQATGVQLPGKTITPAHFQLLRQQQQQQQQQQQQQQQQQQQQQQQQQQQQQTTTTSQVQVPQIQGQAQSPAQIKAVGKLTPEHLIKMQKQKLQMPPQPPPPQAQSAPPQPTAQVQVQTSQPPQQQSPQLTTVTAPRPGALLTGTTVANLQVARLTRVPTSQLQAQGQMQTQAPQPAQVALAKPPVVSVPAAVVSSPGVTTLPMNVAGISVAIGQPQKAAGQTVVAQPVHMQQLLKLKQQAVQQQKAIQPQAAQGPAAVQQKITAQQITTPGAQQKVAYAAQPALKTQFLTTPISQAQKLAGAQQVQTQIQVAKLPQVVQQQTPVASIQQVASASQQASPQTVALTQATAAGQQVQMIPAVTATAQVVQQKLIQQQVVTTASAPLQTPGAPNPAQVPASSDSPSQQPKLQMRVPAVRLKTPTKPPCQ, 233.24, 99.13, 1.48
334, P31269, HXA9_HUMAN Homeobox protein Hox-A9, 12009, IDR_0, 1, 211, MATTGALGNYYVDSFLLGADAADELSVGRYAPGTLGQPPRQAATLAEHPDFSPCSFQSKATVFGASWNPVHAAGANAVPAAVYHHHHHHPYVHPQAPVAAAAPDGRYMRSWLEPTPGALSFAGLPSSRPYGIKPEPLSARRGDCPTLDTHTLSLTDYACGSPPVDREKQPSEGAFSENNAENESGGDKPPIDPNNPAANWLHARSTRKKRC, 96.26, 41.52, 1.14
335, Q9NRA8, 4ET_HUMAN Eukaryotic translation initiation factor 4E transporter, 11928, IDR_0, 1, 985, MDRRSMGETESGDAFLDLKKPPASKCPHRYTKEELLDIKELPHSKQRPSCLSEKYDSDGVWDPEKWHASLYPASGRSSPVESLKKELDTDRPSLVRRIVDPRERVKEDDLDVVLSPQRRSFGGGCHVTAAVSSRRSGSPLEKDSDGLRLLGGRRIGSGRIISARTFEKDHRLSDKDLRDLRDRDRERDFKDKRFRREFGDSKRVFGERRRNDSYTEEEPEWFSAGPTSQSETIELTGFDDKILEEDHKGRKRTRRRTASVKEGIVECNGGVAEEDEVEVILAQEPAADQEVPRDAVLPEQSPGDFDFNEFFNLDKVPCLASMIEDVLGEGSVSASRFSRWFSNPSRSGSRSSSLGSTPHEELERLAGLEQAILSPGQNSGNYFAPIPLEDHAENKVDILEMLQKAKVDLKPLLSSLSANKEKLKESSHSGVVLSVEEVEAGLKGLKVDQQVKNSTPFMAEHLEETLSAVTNNRQLKKDGDMTAFNKLVSTMKASGTLPSQPKVSRNLESHLMSPAEIPGQPVPKNILQELLGQPVQRPASSNLLSGLMGSLEPTTSLLGQRAPSPPLSQVFQTRAASADYLRPRIPSPIGFTPGPQQLLGDPFQGMRKPMSPITAQMSQLELQQAALEGLALPHDLAVQAANFYQPGFGKPQVDRTRDGFRNRQQRVTKSPAPVHRGNSSSPAPAASITSMLSPSFTPTSVIRKMYESKEKSKEEPASGKAALGDSKEDTQKASEENLLSSSSVPSADRDSSPTTNSKLSALQRSSCSTPLSQANRYTKEQDYRPKATGRKTPTLASPVPTTPFLRPVHQVPLVPHVPMVRPAHQLHPGLVQRMLAQGVHPQHLPSLLQTGVLPPGMDLSHLQGISGPILGQPFYPLPAASHPLLNPRPGTPLHLAMVQQQLQRSVLHPPGSGSHAAAVSVQTTPQNVPSRSGLPHMHSQLEHRPSQRSSSPVGLAKWFGSDVLQQPLPSMPAKVISVDELEYRQ, 242.6, 107.18, 1.33
336, Q03468, ERCC6_HUMAN DNA excision repair protein ERCC-6, 11639, IDR_0, 1, 104, MPNEGIPHSSQTQEQDCLQSQPVSNNEEMAIKQESGGDGEVEEYLSFRSVGDGLSTSAVGCASAAPRRGPALLHIDRHQIQAVEPSAQALELQGLGVDVYDQDV, 74.19, 30.66, 1.25, IDR_1, 201, 494, GAEVKIELDHASLEEDAEPGPSSLGSMLMPVQETAWEELIRTGQMTPFGTQIPQKQEKKPRKIMLNEASGFEKYLADQAKLSFERKKQGCNKRAARKAPAPVTPPAPVQNKNKPNKKARVLSKKEERLKKHIKKLQKRALQFQGKVGLPKARRPWESDMRPEAEGDSEGEESEYFPTEEEEEEEDDEVEGAEADLSGDGTDYELKPLPKGGKRQKKVPVQEIDDDFFPSSGEEAEAASVGEGGGGGRKVGRYRDDGDEDYYKQRLRRWNKLRLQDKEKRLKLEDDSEESDAEFD, 113.38, 50.22, 1.14, IDR_2, 1007, 1421, LTSPDASQSTETSAIFAGTGSDVQTPKCHLKRRIQPAFGADHDVPKRKKFPASNISVNDATSSEEKSEAKGAEVNAVTSNRSDPLKDDPHMSSNVTSNDRLGEETNAVSGPEELSVISGNGECSNSSGTGKTSMPSGDESIDEKLGLSYKRERPSQAQTEAFWENKQMENNFYKHKSKTKHHSVAEEETLEKHLRPKQKPKNSKHCRDAKFEGTRIPHLVKKRRYQKQDSENKSEAKEQSNDDYVLEKLFKKSVGVHSVMKHDAIMDGASPDYVLVEAEANRVAQDALKALRLSRQRCLGAVSGVPTWTGHRGISGAPAGKKSRFGKKRNSNFSVQHPSSTSPTEKCQDGIMKKEGKDNVPEHFSGRAEDADSSSGPLASSSLLAKMRARNHLILPERLESESGHLQEASALLPT, 156.5, 64.96, 1.32
337, O15063, GRRE1_HUMAN Granule associated Rac and RHOG effector protein 1, 11515, IDR_0, 1, 72, MYCCSAQDSKMDYKRRFLLGGSKQKVQQHQQYPMPELGRALSAPLASTATTAPLGSLTAAGSCHHAMPHTTP, 60.29, 25.3, 1.22, IDR_1, 202, 221, VPEKKNSGSGGGLSGMGHTP, 29.39, 11.47, 1.14, IDR_2, 317, 338, CSEAEAQQTGRRQTPPQPMQCE, 32.57, 13.32, 1.19, IDR_3, 515, 1070, GNQADLPSGNGNKSSGGLQKTFSKLTSRFTKKASCTSSSSSTNYSIQNTPSKNIFIAGCSEEKAKMPGNIDTRLQSILNIGNFPRTTDPSQSAQNSSNTVANGFLMERRENFLHGDDGKDEKGMNLPTDQEMQEVIDFLSGFNMGQSHQGSPLVTRHNSAATAMVTEQKAGAMQPQQPSLPVPPPPRAPQAGAHTPLTPQPGLAPQQQSPKQQQPQVQYYQHLLQPIGPQQPPPQPRAPGKWVHGSSQQPAQAVGAGLSPLGQWPGISDLSSDLYSLGLVSSYMDNVMSEVLGQKPQGPRNNTWPNRDQSDGVFGMLGEILPFDPAVGSDPEFARYVAGVSQAMQQKRQAQHGRRPGNPRGNWPPMDDAHRTWPFPEFFTEGDGLHGGWSGAQGDSASSSDETSSANGDSLFSMFSGPDLVAAVKQRRKHSSGEQDTSTLPSPPLLTTVEDVNQDNKTKTWPPKAPWQHPSPLPSTLPSPSAPLYAVTSPGSQWNDTMQMLQSPVWAATNDCSAAAFSYVQTPPQPPPPPAHKAAPKGFKAFPGKGERRPAYLPQY, 163.04, 68.5, 1.19
338, Q16659, MK06_HUMAN Mitogen-activated protein kinase 6, 11512, IDR_0, 304, 721, RLTAEEALSHPYMSIYSFPMDEPISSHPFHIEDEVDDILLMDETHSHIYNWERYHDCQFSEHDWPVHNNFDIDEVQLDPRALSDVTDEEEVQVDPRKYLDGDREKYLEDPAFDTNYSTEPCWQYSDHHENKYCDLECSHTCNYKTRSSSYLDNLVWRESEVNHYYEPKLIIDLSNWKEQSKEKSDKKGKSKCERNGLVKAQIALEEASQQLAGKEREKNQGFDFDSFIAGTIQLSSQHEPTDVVDKLNDLNSSVSQLELKSLISKSVSQEKQEKGMANLAQLEALYQSSWDSQFVSGGEDCFFINQFCEVRKDEQVEKENTYTSYLDKFFSRKEDTEMLETEPVEDGKLGERGHEEGFLNNSGEFLFNKQLESIGIPQFHSPVGSPLKSIQATLTPSAMKSSPQIPHQTYSSILKHLN, 136.19, 60.72, 1.15
339, Q9H3C7, GGNB2_HUMAN Gametogenetin-binding protein 2, 11497, IDR_0, 369, 697, KQEKKRQKRKNRRKNKCVCDIPTPLQTADEKEVSQEKETDFIENSSCKACGSTEDGNTCVEVIVTNENTSCTCPSSGNLLGSPKIKKGLSPHCNGSDCGYSSSMEGSETGSREGSDVACTEGICNHDEHGDDSCVHHCEDKEDDGDSCVECWANSEENDTKGKNKKKKKKSKILKCDEHIQKLGSCITDPGNRETSGNTMHTVFHRDKTKDTHPESCCSSEKGGQPLPWFEHRKNVPQFAEPTETLFGPDSGKGAKSLVELLDESECTSDEEIFISQDEIQSFMANNQSFYSNREQYRQHLKEKFNKYCRLNDHKRPICSGWLTTAGAN, 124.16, 55.28, 1.18
340, Q14119, VEZF1_HUMAN Vascular endothelial zinc finger 1, 11278, IDR_0, 1, 171, MEANWTAFLFQAHEASHHQQQAAQNSLLPLLSSAVEPPDQKPLLPIPITQKPQGAPETLKDAIGIKKEKPKTSFVCTYCSKAFRDSYHLRRHESCHTGIKLVSRPKKTPTTVVPLISTIAGDSSRTSLVSTIAGILSTVTTSSSGTNPSSSASTTAMPVTQSVKKPSKPVK, 102.0, 43.44, 1.34, IDR_1, 325, 521, KTCMSEETSNQKQQQQQQQQQQQQQQQQQQHVTSWPGKQVETLRLWEEAVKARKKEAANLCQTSTAATTPVTLTTPFSITSSVSSGTMSNPVTVAAAMSMRSPVNVSSAVNITSPMNIGHPVTITSPLSMTSPLTLTTPVNLPTPVTAPVNIAHPVTITSPMNLPTPMTLAAPLNIAMRPVESMPFLPQALPTSPPW, 112.61, 47.46, 1.38
341, O75581, LRP6_HUMAN Low-density lipoprotein receptor-related protein 6, 11220, IDR_0, 1, 25, MGAVLRSLLACSFCVLLRAAPLLLY, 33.42, 13.52, 1.14, IDR_1, 1350, 1613, DCSDKSDELDCYPTEEPAPQATNTVGSVIGVIVTIFVSGTVYFICQRMLCPRMKGDGETMTNDYVVHGPASVPLGYVPHPSSLSGSLPGMSRGKSMISSLSIMGGSSGPPYDRAHVTGASSSSSSSTKGTYFPAILNPPPSPATERSHYTMEFGYSSNSPSTHRSYSYRPYSYRHFAPPTTPCSTDVCDSDYAPSRRMTSVATAKGYTSDLNYDSEPVPPPPTPRSQYLSAEENYESCPPSPYTERSYSHHLYPPPPSPCTDSS, 112.47, 48.55, 1.19
342, Q5T0W9, FA83B_HUMAN Protein FAM83B, 11077, IDR_0, 1, 18, METSSMLSSLNDECKSDN, 26.43, 10.73, 1.07, IDR_1, 74, 99, STAHGTDDSCDDTLSSGTYWPVESDV, 34.29, 13.71, 1.16, IDR_2, 284, 1011, SSFAQEESARVKHGKALWENGTYQHSVSSLASVSSQRNLFGRQDKIHKLDSSYFKNRGIYTLNEHDKYNIRSHGYKPHFVPNFNGPNAIRQFQPNQINENWKRHSYAGEQPETVPYLLLNRALNRTNNPPGNWKKPSDSLSVASSSREGYVSHHNTPAQSFANRLAQRKTTNLADRNSNVRRSFNGTDNHIRFLQQRMPTLEHTTKSFLRNWRIESYLNDHSEATPDSNGSALGDRFEGYDNPENLKANALYTHSRLRSSLVFKPTLPEQKEVNSCTTGSSNSTIIGSQGSETPKEVPDTPTNVQHLTDKPLPESIPKLPLQSEAPKMHTLQVPENHSVALNQTTNGHTESNNYIYKTLGVNKQTENLKNQQTENLLKRRSFPLFDNSKANLDPGNSKHYVYSTLTRNRVRQPEKPKEDLLKSSKSMHNVTHNLEEDEEEVTKRNSPSGTTTKSVSIAALLDVNKEESNKELASKKEVKGSPSFLKKGSQKLRSLLSLTPDKKENLSKNKAPAFYRLCSSSDTLVSEGEENQKPKKSDTKVDSSPRRKHSSSSNSQGSIHKSKEDVTVSPSQEINAPPDENKRTPSPGPVESKFLERAGDASAPRFNTEQIQYRDSREINAVVTPERRPTSSPRPTSSELLRSHSTDRRVYSRFEPFCKIESSIQPTSNMPNTSINRPEIKSATMGNSYGRSSPLLNYNTGVYRSYQPNENKFRGFMQKFGNFIHKNK, 192.17, 85.86, 1.23
343, Q9ULH0, KDIS_HUMAN Kinase D-interacting substrate of 220 kDa, 10983, IDR_0, 859, 901, SATNGDVPCSDTTGIQEDADRRVSQNSLGEMTKLGSKTALNRR, 43.29, 18.12, 1.14, IDR_1, 1076, 1207, GLAYPPLPLHEGPPRAPSGYSQPPSVCSSTSFNGPFAGGVVSPQPHSSYYSGMTGPQHPFYNRPFFAPYLYTPRYYPGGSQHLISRPSVKTSLPRDQNNGLEVIKEDAAEGLSSPTDSSRGSGPAPGPVVLL, 80.56, 33.42, 1.2, IDR_2, 1277, 1771, RNAESHVVPEDPRFLSESSSGPAPHGEPARRASHNELPHTELSSQTPYTLNFSFEELNTLGLDEGAPRHSNLSWQSQTRRTPSLSSLNSQDSSIEISKLTDKVQAEYRDAYREYIAQMSQLEGGPGSTTISGRSSPHSTYYMGQSSSGGSIHSNLEQEKGKDSEPKPDDGRKSFLMKRGDVIDYSSSGVSTNDASPLDPITEEDEKSDQSGSKLLPGKKSSERSSLFQTDLKLKGSGLRYQKLPSDEDESGTEESDNTPLLKDDKDRKAEGKVERVPKSPEHSAEPIRTFIKAKEYLSDALLDKKDSSDSGVRSSESSPNHSLHNEVADDSQLEKANLIELEDDSHSGKRGIPHSLSGLQDPIIARMSICSEDKKSPSECSLIASSPEENWPACQKAYNLNRTPSTVTLNNNSAPANRANQNFDEMEGIRETSQVILRPSSSPNPTTIQNENLKSMTHKRSQRSSYTRLSKDPPELHAAASSESTGFGEERESIL, 174.46, 74.88, 1.35
344, Q6ZRV2, FA83H_HUMAN Protein FAM83H, 10898, IDR_0, 1, 18, MARRSQSSSQGDNPLAPG, 27.73, 10.73, 1.12, IDR_1, 73, 95, YVTREPPEGSLLDVDMDGSSGTY, 32.82, 13.12, 1.18, IDR_2, 300, 1179, APYAGAGPLVGVPGVGAPTPFSFPKRAHLLFPPPREEGLGFPSFLDPDRHFLSAFRREEPPRMPGGALEPHAGLRPLSRRLEAEAGPAGELAGARGFFQARHLEMDAFKRHSFATEGAGAVENFAAARQVSRQTFLSHGDDFRFQTSHFHRDQLYQQQYQWDPQLTPARPQGLFEKLRGGRAGFADPDDFTLGAGPRFPELGPDGHQRLDYVPSSASREVRHGSDPAFAPGPRGLEPSGAPRPNLTQRFPCQAAARPGPDPAPEAEPERRGGPEGRAGLRRWRLASYLSGCHGEDGGDDGLPAPMEAEAYEDDVLAPGGRAPAGDLLPSAFRVPAAFPTKVPVPGPGSGGNGPEREGPEEPGLAKQDSFRSRLNPLVQRSSRLRSSLIFSTSQAEGAAGAAAATEKVQLLHKEQTVSETLGPGGEAVRSAASTKVAELLEKYKGPARDPGGGAGAITVASHSKAVVSQAWREEVAAPGAVGGERRSLESCLLDLRDSFAQQLHQEAERQPGAASLTAAQLLDTLGRSGSDRLPSRFLSAQSHSTSPQGLDSPLPLEGSGAHQVLHNESKGSPTSAYPERKGSPTPGFSTRRGSPTTGFIEQKGSPTSAYPERRGSPVPPVPERRSSPVPPVPERRGSLTLTISGESPKAGPAEEGPSGPMEVLRKGSLRLRQLLSPKGERRMEDEGGFPVPQENGQPESPRRLSLGQGDSTEAATEERGPRARLSSATANALYSSNLRDDTKAILEQISAHGQKHRAVPAPSPGPTHNSPELGRPPAAGVLAPDMSDKDKCSAIFRSDSLGTQGRLSRTLPASAEERDRLLRRMESMRKEKRVYSRFEVFCKKEEASSPGAGEGPAEEGTRDSKVGKFVPKILGTFKSKK, 217.21, 97.45, 1.26
345, Q9P2D1, CHD7_HUMAN Chromodomain-helicase-DNA-binding protein 7, 10834, IDR_0, 1, 821, MADPGMMSLFGEDGNIFSEGLEGLGECGYPENPVNPMGQQMPIDQGFASLQPSLHHPSTNQNQTKLTHFDHYNQYEQQKMHLMDQPNRMMSNTPGNGLASPHSQYHTPPVPQVPHGGSGGGQMGVYPGMQNERHGQSFVDSSSMWGPRAVQVPDQIRAPYQQQQPQPQPPQPAPSGPPAQGHPQHMQQMGSYMARGDFSMQQHGQPQQRMSQFSQGQEGLNQGNPFIATSGPGHLSHVPQQSPSMAPSLRHSVQQFHHHPSTALHGESVAHSPRFSPNPPQQGAVRPQTLNFSSRSQTVPSPTINNSGQYSRYPYSNLNQGLVNNTGMNQNLGLTNNTPMNQSVPRYPNAVGFPSNSGQGLMHQQPIHPSGSLNQMNTQTMHPSQPQGTYASPPPMSPMKAMSNPAGTPPPQVRPGSAGIPMEVGSYPNMPHPQPSHQPPGAMGIGQRNMGPRNMQQSRPFIGMSSAPRELTGHMRPNGCPGVGLGDPQAIQERLIPGQQHPGQQPSFQQLPTCPPLQPHPGLHHQSSPPHPHHQPWAQLHPSPQNTPQKVPVHQHSPSEPFLEKPVPDMTQVSGPNAQLVKSDDYLPSIEQQPQQKKKKKKNNHIVAEDPSKGFGKDDFPGGVDNQELNRNSLDGSQEEKKKKKRSKAKKDPKEPKEPKEKKEPKEPKTPKAPKIPKEPKEKKAKTATPKPKSSKKSSNKKPDSEASALKKKVNKGKTEGSENSDLDKTPPPSPPPEEDEDPGVQKRRSSRQVKRKRYTEDLEFKISDEEADDADAAGRDSPSNTSQSEQQESVDAEGPVVEKIMSSRSVKKQKESGEEV, 208.19, 87.05, 1.25, IDR_1, 939, 965, EPETERVERPPADDWKKSESSREYKNN, 35.44, 14.39, 1.17, IDR_2, 1560, 1604, KQTRLYSAVKEDELMEFSDLESDSEEKPCAKPRRPQDKSQGYARS, 45.53, 19.21, 1.16, IDR_3, 1674, 1709, GQTRALVNHSGLSAPVPRGRKGKKVKAQSTQPVVQD, 41.21, 17.58, 1.18, IDR_4, 1824, 1906, PDAKAIAAEQRGTDMLADGGDGGEFDREDEDPEYKPTRTPFKDEIDEFANSPSEDKEESMEIHATGKHSESNAELGQLYWPNT, 66.62, 28.63, 1.25, IDR_5, 2128, 2295, HKNFAQNRGAGNTSSLNPLAVGFVQTPPVISSAHIQDERVLEQAEGKVEEPENPAAKEKCEGKEEEEETDGSGKESKQECEAEASSVKNELKGVEVGADTGSKSISEKGSEEDEEEKLEDDDKSEESSQPEAGAVSRGKNFDEESNASMSTARDETRDGFYMEDGDPS, 101.4, 42.85, 1.34, IDR_6, 2344, 2997, GLIPGYTPTTVDSPLQKRSFAELSMVGQASISGSEDITTSPQLSKEDALNLSVPRQRRRRRRKIEIEAERAAKRRNLMEMVAQLRESQVVSENGQEKVVDLSKASREATSSTSNFSSLSSKFILPNVSTPVSDAFKTQMELLQAGLSRTPTRHLLNGSLVDGEPPMKRRRGRRKNVEGLDLLFMSHKRTSLSAEDAEVTKAFEEDIETPPTRNIPSPGQLDPDTRIPVINLEDGTRLVGEDAPKNKDLVEWLKLHPTYTVDMPSYVPKNADVLFSSFQKPKQKRHRCRNPNKLDINTLTGEERVPVVNKRNGKKMGGAMAPPMKDLPRWLEENPEFAVAPDWTDIVKQSGFVPESMFDRLLTGPVVRGEGASRRGRRPKSEIARAAAAAAAVASTSGINPLLVNSLFAGMDLTSLQNLQNLQSLQLAGLMGFPPGLATAATAGGDAKNPAAVLPLMLPGMAGLPNVFGLGGLLNNPLSAATGNTTTASSQGEPEDSTSKGEEKGNENEDENKDSEKSTDAVSAADSANGSVGAATAPAGLPSNPLAFNPFLLSTMAPGLFYPSMFLPPGLGGLTLPGFPALAGLQNAVGSSEEKAADKAEGGPFKDGETLEGSDAEESLDKTAESSLLEDEIAQGEELDSLDGGDEIENNENDE, 205.23, 88.6, 1.38
346, P25490, TYY1_HUMAN Transcriptional repressor protein YY1, 10832, IDR_0, 1, 292, MASGDTLYIATDGSEMPAEIVELHEIEVETIPVETIETTVVGEEEEEDDDDEDGGGGDHGGGGGHGHAGHHHHHHHHHHHPPMIALQPLVTDDPTQVHHHQEVILVQTREEVVGGDDSDGLRAEDGFEDQILIPVPAPAGGDDDYIEQTLVTVAAAGKSGGGGSSSSGGGRVKKGGGKKSGKKSYLSGGAGAAGGGGADPGNKKWEQKQVQIKTLEGEFSVTMWSSDEKKDIDHETVVEEQIIGENSPPDYSEYMTGKKLPPGGIPGIDLSDPKQLAEFARMKPRKIKEDDA, 124.02, 52.3, 1.25
347, Q14693, LPIN1_HUMAN Phosphatidate phosphatase LPIN1, 10826, IDR_0, 64, 462, VVDIEINGESVDLHMKLGDNGEAFFVQETDNDQEVIPMHLATSPILSEGASRMECQLKRGSVDRMRGLDPSTPAQVIAPSETPSSSSVVKKRRKRRRKSQLDSLKRDDNMNTSEDEDMFPIEMSSDEAMELLESSRTLPNDIPPFQDDIPEENLSLAVIYPQSASYPNSDREWSPTPSPSGSRPSTPKSDSELVSKSTERTGQKNPEMLWLWGELPQAAKSSSPHKMKESSPLSSRKICDKSHFQAIHSESSDTFSDQSPTLVGGALLDQNKPQTEMQFVNEEDLETLGAAAPLLPMIEELKPPSASVVQTANKTDSPSRKRDKRSRHLGADGVYLDDLTDMDPEVAALYFPKNGDPSGLAKHASDNGARSANQSPQSVGSSGVDSGVESTSDGLRDLP, 155.65, 66.06, 1.34, IDR_1, 539, 620, ESIMRDKMPKKGGRWWFSWRGRNTTIKEESKPEQCLAGKAHSTGEQPPQLSLATRVKHESSSSDEERAAAKPSNAGHLPLLP, 63.5, 26.31, 1.2
348, Q9H2D6, TARA_HUMAN TRIO and F-actin-binding protein, 10772, IDR_0, 1, 1556, MEEVPGDALCEHFEANILTQNRCQNCFHPEEAHGARYQELRSPSGAEVPYCDLPRCPPAPEDPLSASTSGCQSVVDPGLRPGPKRGPSPSAGLPEEGPTAAPRSRSRELEAVPYLEGLTTSLCGSCNEDPGSDPTSSPDSATPDDTSNSSSVDWDTVERQEEEAPSWDELAVMIPRRPREGPRADSSQRAPSLLTRSPVGGDAAGQKKEDTGGGGRSAGQHWARLRGESGLSLERHRSTLTQASSMTPHSGPRSTTSQASPAQRDTAQAASTREIPRASSPHRITQRDTSRASSTQQEISRASSTQQETSRASSTQEDTPRASSTQEDTPRASSTQWNTPRASSPSRSTQLDNPRTSSTQQDNPQTSFPTCTPQRENPRTPCVQQDDPRASSPNRTTQRENSRTSCAQRDNPKASRTSSPNRATRDNPRTSCAQRDNPRASSPSRATRDNPTTSCAQRDNPRASRTSSPNRATRDNPRTSCAQRDNPRASSPSRATRDNPTTSCAQRDNPRASRTSSPNRATRDNPRTSCAQRDNPRASSPNRAARDNPTTSCAQRDNPRASRTSSPNRATRDNPRTSCAQRDNPRASSPNRATRDNPTTSCAQRDNPRASRTSSPNRATRDNPRTSCAQRDNPRASSPNRTTQQDSPRTSCARRDDPRASSPNRTIQQENPRTSCALRDNPRASSPSRTIQQENPRTSCAQRDDPRASSPNRTTQQENPRTSCARRDNPRASSRNRTIQRDNPRTSCAQRDNPRASSPNRTIQQENLRTSCTRQDNPRTSSPNRATRDNPRTSCAQRDNLRASSPIRATQQDNPRTCIQQNIPRSSSTQQDNPKTSCTKRDNLRPTCTQRDRTQSFSFQRDNPGTSSSQCCTQKENLRPSSPHRSTQWNNPRNSSPHRTNKDIPWASFPLRPTQSDGPRTSSPSRSKQSEVPWASIALRPTQGDRPQTSSPSRPAQHDPPQSSFGPTQYNLPSRATSSSHNPGHQSTSRTSSPVYPAAYGAPLTSPEPSQPPCAVCIGHRDAPRASSPPRYLQHDPFPFFPEPRAPESEPPHHEPPYIPPAVCIGHRDAPRASSPPRHTQFDPFPFLPDTSDAEHQCQSPQHEPLQLPAPVCIGYRDAPRASSPPRQAPEPSLLFQDLPRASTESLVPSMDSLHECPHIPTPVCIGHRDAPSFSSPPRQAPEPSLFFQDPPGTSMESLAPSTDSLHGSPVLIPQVCIGHRDAPRASSPPRHPPSDLAFLAPSPSPGSSGGSRGSAPPGETRHNLEREEYTVLADLPPPRRLAQRQPGPQAQCSSGGRTHSPGRAEVERLFGQERRKSEAAGAFQAQDEGRSQQPSQGQSQLLRRQSSPAPSRQVTMLPAKQAELTRRSQAEPPHPWSPEKRPEGDRQLQGSPLPPRTSARTPERELRTQRPLESGQAGPRQPLGVWQSQEEPPGSQGPHRHLERSWSSQEGGLGPGGWWGCGEPSLGAAKAPEGAWGGTSREYKESWGQPEAWEEKPTHELPRELGKRSPLTSPPENWGGPAESSQSWHSGTPTAVGWGAEGACPYPRGSERRPE, 284.03, 125.74, 1.24, IDR_1, 1593, 1747, LPRKDPAGHRDDLARALGPELGPPGTNDVPEQESHSQPEGWAEATPVNGHSPALQSQSPVQLPSPACTSTQWPKIKVTRGPATATLAGLEQTGPLGSRSTAKGPSLPELQFQPEEPEESEPSRGQDPLTDQKQADSADKRPAEGKAGSPLKGRLV, 96.89, 40.8, 1.34, IDR_2, 1789, 1805, DEPGEPPSPSLTTTSTS, 29.56, 11.84, 1.23, IDR_3, 1887, 2110, RPTSAPDVTKLSDSNKENALHSYSTQKGPLKAGEQRAGSEVISRGGPRKADGQRQALDYVELSPLTQASPQRARTPARTPDRLAKQEELERDLAQRSEERRKWFEATDSRTPEVPAGEGPRRGLGAPLTEDQQNRLSEEIEKKWQELEKLPLRENKRVPLTALLNQSRGERRGPPSDGHEALEKEVQALRAQLEAWRLQGEAPQSALRSQEDGHIPPGYISQEA, 110.26, 46.74, 1.27, IDR_4, 2265, 2278, QGMGNGCGRSNERS, 21.89, 8.7, 1.02
349, P04259, K2C6B_HUMAN Keratin; type II cytoskeletal 6B, 10699, IDR_0, 1, 142, MASTSTTIRSHSSSRRGFSANSARLPGVSRSGFSSISVSRSRGSGGLGGACGGAGFGSRSLYGLGGSKRISIGGGSCAISGGYGSRAGGSYGFGGAGSGFGFGGGAGIGFGLGGGAGLAGGFGGPGFPVCPPGGIQEVTVNQ, 80.21, 33.16, 1.17, IDR_1, 477, 564, NGEGVGQVNISVVQSTVSSGYGGASGVGSGLGLGGGSSYSYGSGLGVGGGFSSSSGRATGGGLSSVGGGSSTIKYTTTSSSSRKSYKH, 62.18, 25.7, 1.15
350, Q92508, PIEZ1_HUMAN Piezo-type mechanosensitive ion channel component 1, 10388, IDR_0, 143, 182, ARNTRQSPHPRELDDDERDVDASPTAGLQEAATLAPTRRS, 43.48, 17.85, 1.18, IDR_1, 337, 417, PSGQRKEAAKGYEARELELAELDQWPQERESDQHVVPTAPDTEADNCIVHELTGQSSVLRRPVRPKRAEPREASPLHSLGH, 63.63, 27.37, 1.21, IDR_2, 711, 781, MEHVSLPGTRLPRWAHRQDAVSGTPLLREEQQEHQQQQQEEEEEEEDSRDEGLGVATPHQATQVPEGAAKW, 55.08, 23.86, 1.13, IDR_3, 880, 902, QEYSSNCTEPFPNSTNLLPTEIS, 32.35, 13.42, 1.16, IDR_4, 1362, 1502, EKHRQGRVDRSRPQDTLGPKDPGLEPGPDSPGGSSPPRRQWWRPWLDHATVIHSGDYFLFESDSEEEEEAVPEDPRPSAQSAFQLAYQAWVTNAQAVLRRRQQEQEQARQEQAGQLPTGGGPSQEVEPAEGPEEAAAGRSH, 73.03, 32.03, 1.06, IDR_5, 1564, 1643, VLDQLYTSQAEATLPGPTEAPNAPSTVSSGLGAEEPLSSMTDDMGSPLSTGYHTRSGSEEAVTDPGEREAGASLYQGLMR, 65.75, 27.77, 1.26, IDR_6, 1806, 1929, WDHEEDSPSKEHDKSGEEEQGAEEGPGVPAATTEDHIQVEARVGPTDGTPEPQVELRPRDTRRISLRFRRRKKEGPARKGAAAIEAEDREEEEGEEEKEAPTGREKRPSRSGGRVRAAGRRLQG, 76.91, 33.17, 1.19
351, O94880, PHF14_HUMAN PHD finger protein 14, 10336, IDR_0, 1, 313, MDRSSKRRQVKPLAASLLEALDYDSSDDSDFKVGDASDSEGSGNGSEDASKDSGEGSCSDSEENILEEELNEDIKVKEEQLKNSAEEEVLSSEKQLIKMEKKEEEENGERPRKKKEKEKEKEKEKEKEKEREKEKEKATVSENVAASAAATTPATSPPAVNTSPSVPTTTTATEEQVSEPKKWNLRRNRPLLDFVSMEELNDMDDYDSEDDNDWRPTVVKRKGRSASQKEGSDGDNEDDEDEGSGSDEDENDEGNDEDHSSPASEGGCKKKKSKVLSRNSADDEELTNDSLTLSQSKSNEDSLILEKSQNWSS, 137.0, 59.19, 1.33, IDR_1, 356, 368, ESDSIMSSASENS, 22.11, 8.58, 1.05, IDR_2, 556, 614, PQAWVPREKLPRPLTSSASAIRKLMRKAELMGISTDIFPVDNSDTSSSVDGRRKHKQPA, 55.58, 22.66, 1.24, IDR_3, 701, 720, RAPKERKPSKKEGGTQKTST, 31.41, 12.48, 1.21, IDR_4, 760, 888, TRMPRKTKNSYWQCSECDQAGSSDMEADMAMETLPDGTKRSRRQIKEPVKFVPQDVPPEPKKIPIRNTRTRGRKRSFVPEEEKHEERVPRERRQRQSVLQKKPKAEDLRTECATCKGTGDNENLVRYPS, 82.42, 35.32, 1.25
352, Q6P444, MTFR2_HUMAN Mitochondrial fission regulator 2, 10278, IDR_0, 167, 385, NSTNSSSFGLSDERISLGQLSSSRAAHLSVDPDQLPGSVLSPPPPPPLPPQFSSLQPPCFPPVQPGSNNICDSDNPATEMSKQNPAANKTNYSHHSKSQRNKDIPNMLDVLKDMNKVKLRAIERSPGGRPIHKRKRQNSHWDPVSLISHALKQKFAFQEDDSFEKENRSWESSPFSSPETSRFGHHISQSEGQRTKEEMVNTKAVDQGISNTSLLNSRI, 107.37, 45.74, 1.25
353, Q9BW71, HIRP3_HUMAN HIRA-interacting protein 3, 10228, IDR_0, 1, 423, MAREKEMQEFTRSFFRGRPDLSTLTHSIVRRRYLAHSGRSHLEPEEKQALKRLVEEELLKMQVDEAASREDKLDLTKKGKRPPTPCSDPERKRFRFNSESESGSEASSPDYFGPPAKNGVAAEVSPAKEENPRRASKAVEESSDEERQRDLPAQRGEESSEEEEKGYKGKTRKKPVVKKQAPGKASVSRKQAREESEESEAEPVQRTAKKVEGNKGTKSLKESEQESEEEILAQKKEQREEEVEEEEKEEDEEKGDWKPRTRSNGRRKSAREERSCKQKSQAKRLLGDSDSEEEQKEAASSGDDSGRDREPPVQRKSEDRTQLKGGKRLSGSSEDEEDSGKGEPTAKGSRKMARLGSTSGEESDLEREVSDSEAGGGPQGERKNRSSKKSSRKGRTRSSSSSSDGSPEAKGGKAGSGRRGEDH, 149.65, 64.78, 1.25, IDR_1, 496, 556, ANIISGSGRPRRRTAWNPLGEAAPPGELYRRTLDSDEERPRPAPPDWSHMRGIISSDGESN, 52.88, 22.95, 1.16
354, Q01804, OTUD4_HUMAN OTU domain-containing protein 4, 10185, IDR_0, 1, 23, MEAAVGVPDGGDQGGAGPREDAT, 32.05, 12.51, 1.15, IDR_1, 192, 248, EVADEDNSEISDSEDDSCKSKTAAAAADVNGFKPLSGNEQLKNNGNSTSLPLSRKVL, 52.22, 21.56, 1.19, IDR_2, 295, 693, DHNGKFLNADVQGIHSENGPVLVEELGKKHTSKNLKAPPPESWNTVSGKKMKKPSTSGQNFHSDVDYRGPKNPSKPIKAPSALPPRLQHPSGVRQHAFSSHSSGSQSQKFSSEHKNLSRTPSQIIRKPDRERVEDFDHTSRESNYFGLSPEERREKQAIEESRLLYEIQNRDEQAFPALSSSSVNQSASQSSNPCVQRKSSHVGDRKGSRRRMDTEERKDKDSIHGHSQLDKRPEPSTLENITDDKYATVSSPSKSKKLECPSPAEQKPAEHVSLSNPAPLLVSPEVHLTPAVPSLPATVPAWPSEPTTFGPTGVPAPIPVLSVTQTLTTGPDSAVSQAHLTPSPVPVSIQAVNQPLMPLPQTLSLYQDPLYPGFPCNEKGDRAIVPPYSLCQTGEDLP, 156.76, 66.4, 1.35, IDR_3, 738, 1114, VPVPVYPHNPWFQEAPAAQNESDCTCTDAHFPMQTEASVNGQMPQPEIGPPTFSSPLVIPPSQVSESHGQLSYQADLESETPGQLLHADYEESLSGKNMFPQPSFGPNPFLGPVPIAPPFFPHVWYGYPFQGFIENPVMRQNIVLPSDEKGELDLSLENLDLSKDCGSVSTVDEFPEARGEHVHSLPEASVSSKPDEGRTEQSSQTRKADTALASIPPVAEGKAHPPTQILNRERETVPVELEPKRTIQSLKEKTEKVKDPKTAADVVSPGANSVDSRVQRPKEESSEDENEVSNILRSGRSKQFYNQTYGSRKYKSDWGYSGRGGYQHVRSEESWKGQPSRSRDEGYQYHRNVRGRPFRGDRRRSGMGDGHRGQHT, 122.29, 58.68, 1.08
355, O94967, WDR47_HUMAN WD repeat-containing protein 47, 10108, IDR_0, 288, 595, ISKLSPYPSSPMRRPQSADAYMTRSLNPALDGLTCGLTSHDKRISDLGNKTSPMSHSFANFHYPGVQNLSRSLMLENTECHSIYEESPERDTPVDAQRPIGSEILGQSSVSEKEPANGAQNPGPAKQEKNELRDSTEQFQEYYRQRLRYQQHLEQKEQQRQIYQQMLLEGGVNQEDGPDQQQNLTEQFLNRSIQKLGELNIGMDGLGNEVSALNQQCNGSKGNGSNGSSVTSFTTPPQDSSQRLTHDASNIHTSTPRNPGSTNHIPFLEESPCGSQISSEHSVIKPPLGDSPGSLSRSKGEEDDKSKK, 125.5, 52.66, 1.23
356, Q8IZH2, XRN1_HUMAN 5'-3' exoribonuclease 1, 10085, IDR_0, 389, 424, KLKGQENSLCWTALDKNEGEMITSKDNLEDETEDDD, 40.67, 16.87, 1.17, IDR_1, 1163, 1706, RLPTSALVNLSHGSRSETGNQKLTAIVKPQPAVHQHSSSSSVSSGHLGALNHSPQSLFVPTQVPTKDDDEFCNIWQSLQGSGKMQYFQPTIQEKGAVLPQEISQVNQHHKSGFNDNSVKYQQRKHDPHRKFKEECKSPKAECWSQKMSNKQPNSGIENFLASLNISKENEVQSSHHGEPPSEEHLSPQSFAMGTRMLKEILKIDGSNTVDHKNEIKQIANEIPVSSNRRDEYGLPSQPKQNKKLASYMNKPHSANEYHNVQSMDNMCWPAPSQIPPVSTPVTELSRICSLVGMPQPDFSFLRMPQTMTVCQVKLSNGLLVHGPQCHSENEAKEKAALFALQQLGSLGMNFPLPSQVFANYPSAVPPGTIPPAFPPPTGWDHYGSNYALGAANIMPSSSHLFGSMPWGPSVPVPGKPFHHTLYSGTMPMAGGIPGGVHNQFIPLQVTKKRVANKKNFENKEAQSSQATPVQTSQPDSSNIVKVSPRESSSASLKSSPIAQPASSFQVETASQGHSISHHKSTPISSSRRKSRKLAVNFGVSKPSE, 170.6, 72.96, 1.26
357, O94915, FRYL_HUMAN Protein furry homolog-like, 10072, IDR_0, 87, 111, GTEDESYEYRPRSSTKSKGDEQQRE, 32.42, 13.13, 1.12, IDR_1, 463, 475, QKDGEPPMPTTGV, 25.52, 10.1, 1.22, IDR_2, 531, 550, CMTSVQMSNKEPEDMITGER, 30.21, 11.96, 1.16, IDR_3, 656, 678, NKNQDTQHGVANGASHPPPLERS, 32.91, 12.84, 1.18, IDR_4, 840, 917, VDINSPINAKKVNTTTSSDSYIGLWRNYLILCCSAATSSSSTSAGSVRCSPPETLASTPDSGYSIDSKIIGIPSPSSL, 64.15, 26.25, 1.24, IDR_5, 1323, 1342, PLPTARRHDEDEDDSLKDRE, 28.43, 11.14, 1.09, IDR_6, 1449, 1591, TDPVSSGVTHMDNPPYYRITSSYKIPSVTSGTTSSSNTMVAPTDGNPDNKPIKENIEESYVHLDIYSGLNSHLNRQHHRLESRYSSSSGGSYEEEKSDSMPLYSNWRLKVMEHNQGEPLPFPPAGGCWSPLVDYVPETSSPGL, 81.63, 34.59, 1.17, IDR_7, 1697, 1777, FIPDYQPSPMTDSGLSSSSTSSSISLGNNSAAISHLHTTILNEVDISVEQDGKVKTLMEFITSRKRGPLWNHEDVSAKNPS, 64.1, 26.21, 1.22, IDR_8, 1894, 1995, LSQTSYHDPIMGNKYAANRKSTGQLNLSTSPINSSSYLGYNSNARSNSLRLSLIGDRRGDRRRSNTLDIMDGRINHSSSLARTRSLSSLREKGMYDVQSTTE, 68.83, 29.12, 1.17, IDR_9, 2255, 2665, SLVVPSDIPKTYGGDTGSPEISFTKIFNNVSKELPGKTLDFHFDISETPIIGNKYGDQHSAAGRNGKPKVIAVTRSTSSTSSGSNSNALVPVSWKRPQLSQRRTREKLMNVLSLCGPESGLPKNPSVVFSSNEDLEVGDQQTSLISTTEDINQEEEVAVEDNSSEQQFGVFKDFDFLDVELEDAEGESMDNFNWGVRRRSLDSIDKGDTPSLQEYQCSSSTPSLNLTNQEDTDESSEEEAALTASQILSRTQMLNSDSATDETIPDHPDLLLQSEDSTGSITTEEVLQIRDETPTLEASLDNANSRLPEDTTSVLKEEHVTTFEDEGSYIIQEQQESLVCQGILDLEETEMPEPLAPESYPESVCEEDVTLALKELDERCEEEEADFSGLSSQDEEEQDGFPEVQTSPLPS, 169.52, 71.25, 1.44
358, O94762, RECQ5_HUMAN ATP-dependent DNA helicase Q5, 9993, IDR_0, 1, 14, MSSHHTTFPFDPER, 25.09, 9.9, 1.15, IDR_1, 448, 544, ERSSSWSKTCIGPSQGNGFDPELYEGGRKGYGDFSRYDEGSGGSGDEGRDEAHKREWNLFYQKQMQLRKGKDPKIEEFVPPDENCPLKEASSRRIPR, 63.34, 26.83, 1.11, IDR_2, 609, 909, HRASKDGQPYDMGGSAKSCSAQAEPPEPNEYDIPPASHVYSLKPKRVGAGFPKGSCPFQTATELMETTRIREQAPQPERGGEHEPPSRPCGLLDEDGSEPLPGPRGEVPGGSAHYGGPSPEKKAKSSSGGSSLAKGRASKKQQLLATAAHKDSQSIARFFCRRVESPALLASAPEAEGACPSCEGVQGPPMAPEKYTGEEDGAGGHSPAPPQTEECLRERPSTCPPRDQGTPEVQPTPAKDTWKGKRPRSQQENPESQPQKRPRPSAKPSVVAEVKGSVSASEQGTLNPTAQDPFQLSAPG, 136.65, 57.83, 1.35
359, Q6GYQ0, RGPA1_HUMAN Ral GTPase-activating protein subunit alpha-1, 9865, IDR_0, 1, 17, MFSKKPHGDVKKSTQKV, 28.07, 11.18, 1.17, IDR_1, 158, 203, FSAPQSEHGPRTLDNLINPPLNLQETQVTIEEITPLVPPQSGDKGQ, 50.81, 21.12, 1.29, IDR_2, 316, 391, PKPHTGPHIPGMEGEVLPKNIQRAAASLVSREESKNDNADKTDRTTEPEQSHSNTSTLTEREPSSSSLCSIDEEHL, 64.84, 26.48, 1.28, IDR_3, 445, 521, KPLFMQEPEEIVITSSDLPCIENVTDHDISMEEGEKREEENGTNTADHVRNSSWAKNGSYQGALHNASEEATEQNIR, 60.71, 25.59, 1.19, IDR_4, 683, 1039, SDLPLDKLSEQKQKKHKGKGVGHEFQKVSVDKSFSRGWSRDQPGQAPMRQRSATTTGSPGTEKARSIVRQKTVDIDDAQILPRSTRVRHFSQSEETGNEVFGALNEEQPLPRSSSTSDILEPFTVERAKVNKEDMSQKLPPLNSDIGGSSANVPDLMDEFIAERLRSGNASTMTRRGSSPGSLEIPKDLPDILNKQNQMRPIDDPGVPSEWTSPASAGSSDLISSDSHSDSFSAFQYDGRKFDNFGFGTDTGVTSSADVDSGSGHHQSAEEQEVASLTTLHIDSETSSLNQQAFSAEVATITGSESASPVHSPLGSRSQTPSPSTLNIDHMEQKDLQLDEKLHHSVLQTPDDLEISE, 145.26, 61.25, 1.32, IDR_5, 1467, 1493, LESLKEPEPLHSPDSERSSKLQPVTEV, 38.13, 15.34, 1.26, IDR_6, 1620, 1647, SGLSEPTSFMLSLSHQEKPEEPPTSNEC, 38.94, 15.37, 1.27
360, P27540, ARNT_HUMAN Aryl hydrocarbon receptor nuclear translocator, 9665, IDR_0, 1, 91, MAATTANPEMTSDVPSLGPAIASGNSGPGIQGGGAIVQRAIKRRPGLDFDDDGEGNSKFLRCDDDQMSNDKERFARSDDEQSSADKERLAR, 67.53, 28.12, 1.21, IDR_1, 462, 789, TNVKNSSQEPRPTLSNTIQRPQLGPTANLPLEMGSGQLAPRQQQQQTELDMVPGRDGLASYNHSQVVQPVTTTGPEHSKPLEKSDGLFAQDRDPRFSEIYHNINADQSKGISSSTVPATQQLFSQGNTFPPTPRPAENFRNSGLAPPVTIVQPSASAGQMLAQISRHSNPTQGATPTWTPTTRSGFSAQQVATQATAKTRTSQFGVGSFQTPSSFSSMSLPGAPTASPGAAAYPSLTNRGSNFAPETGQTAGQFQTRTAEGVGVWPQWQGQQPHHRSSSSEQHVQQPPAQQPGQPEVFQEMLSMLGDQSNSYNNEEFPDLTMFPPFSE, 126.65, 53.9, 1.2
361, Q9ULI0, ATD2B_HUMAN ATPase family AAA domain-containing protein 2B, 9663, IDR_0, 1, 362, MVNTRKSSLRLLGSKSPGPGPGPGAGAEPGATGGSSHFISSRTRSSKTRAASCPAAKAGGSGGAGVTLDEARKVEVDGSLSDSHVSPPAKRTLKQPDSVCKDKSKSRSTGQREEWNLSTGQARLTSQPGATLPNGHSGLSLRSHPLRGEKKGDGDLSCINGDMEVRKSCRSRKNRFESVNQSLLFDQLVNSTAEAVLQEMDNINIRQNRRSGEVERLRMWTDTEFENMDMYSRVKRRRKSLRRNSYGIQNHHEVSTEGEEEESQEEDGDIEVEEAEGEENDRPYNLRQRKTVDRYQAPPIVPAHQKKRENTLFDIHRSPARRSHIRRKKHAIHSSDTTSSDEERFERRKSKSMARARNRCLP, 131.49, 55.55, 1.19, IDR_1, 701, 783, AEISQSDKKEDIETLILEDSEDENALSIFETNCHSGSPKKQSSSAAIHKPYLHFTMSPYHQPTSYRPRLLLSGERGSGQTSHL, 62.6, 26.52, 1.18, IDR_2, 938, 953, PSPPRQLSESEKSRME, 27.98, 10.77, 1.2, IDR_3, 1086, 1392, GLSVTSEQINPHSTGARKTETRVEEAFRHKQRNPMDVWHNSANKCAFRVRRKSRRRSQWGKGIIKKRKVNNLKKDEEDTKFADYENHTEDRKLLENGEFEVSTDCHEENGEETGDLSMTNDESSCDIMDLDQGQRLNNGAGTKENFASTEEESSNESLLVNSSSSLNPEQTSRKETFLKGNCLNGEASTDSFEGIPVLECQNGKLEVVSFCDSGDKCSSEQKILLEDQSKEKPETSTENHGDDLEKLEALECSNNEKLEPGSDVEVKDAELDKEGASKVKKYRKLILEQAKTTSLELVPEEPSEPVP, 121.96, 53.52, 1.2
362, P51114, FXR1_HUMAN Fragile X mental retardation syndrome-related protein 1, 9632, IDR_0, 379, 621, GSRSYSGRGRGRRGPNYTSGYGTNSELSNPSETESERKDELSDWSLAGEDDRDSRHQRDSRRRPGGRGRSVSGGRGRGGPRGGKSSISSVLKDPDSNPYSLLDNTESDQTADTDASESHHSTNRRRRSRRRRTDEDAVLMDGMTESDTASVNENGLVTVADYISRAESQSRQRNLPRETLAKNKKEMAKDVIEEHGPSEKAINGPTSASGDDISKLQRTPGEEKINTLKEENTQEAAVLNGVS, 107.85, 46.63, 1.19
363, Q9BZ95, NSD3_HUMAN Histone-lysine N-methyltransferase NSD3, 9409, IDR_0, 1, 265, MDFSFSFMQGIMGNTIQQPPQLIDSANIRQEDAFDNNSDIAEDGGQTPYEATLQQGFQYPATTEDLPPLTNGYPSSISVYETQTKYQSYNQYPNGSANGFGAVRNFSPTDYYHSEIPNTRPHEILEKPSPPQPPPPPSVPQTVIPKKTGSPEIKLKITKTIQNGRELFESSLCGDLLNEVQASEHTKSKHESRKEKRKKSNKHDSSRSEERKSHKIPKLEPEEQNRPNERVDTVSEKPREEPVLKEEAPVQPILSSVPTTEVSTG, 119.3, 49.91, 1.26, IDR_1, 348, 364, SNHSEKQKIRKPRPQRE, 29.37, 11.65, 1.22, IDR_2, 403, 489, LSQAKKSVASKTEVKKTRRPRSVLNTQPEQTNAGEVASSLSSTEIRRHSQRRHTSAEEEEPPPVKIAWKTAAARKSLPASITMHKGS, 68.97, 28.33, 1.27, IDR_3, 535, 703, ISVRGQDRLIISTPNQRNEKPTQSVSSPEATSGSTGSVEKKQQRRSIRTRSESEKSTEVVPKKKIKKEQVETVPQATVKTGLQKGASEISDSCKPLKKRSRASTDVEMTSSAYRDTSDSDSRGLSDLQVGFGKQVDSPSATADADVSDVQSMDSSLSRRGTGMSKKDTV, 100.3, 41.78, 1.33, IDR_4, 1062, 1074, EIEKNSRKPPPYK, 27.02, 10.79, 1.28, IDR_5, 1291, 1318, ACASTNEEKAKNAKLKQKRRKIKTEPKQ, 35.97, 15.17, 1.16, IDR_6, 1425, 1437, KWESQDHGEEVKE, 21.14, 8.57, 1.01
364, Q5VWN6, TASO2_HUMAN Protein TASOR 2, 9377, IDR_0, 1, 14, MAPPAHKSILERSE, 25.01, 9.66, 1.14, IDR_1, 215, 738, KADRSPSLSVAPQDRMKDPTFLGKLPSGFDLIPPAEKCPSESLTQLNSYFSDPSAYILEVSTALDLLAEHPQSPCVSDGICDAGFSLVMTPDPEFLVSEAEVRKETETKKDSEEMLKAKKRVFPLSPASNLRVQPKRKASMPHMVQSKKVNLCRPFPKRTASRADNSSDSPTTLKLVKGQFPQKRKRGAEVLTAQFVQKTKLDRKNQEAPISKDVPVPTNAKRARKQEKSPVKTVPRAKPPVKKSPQKQRVNIVKGNENPRNRKQLQPVKGETASKLQSEISRGCQEDGISINSVQPENTTAAHNDLPENSIVNYDSQALNMLADLALSSATSSTPVSEARNLHCSSELPQNDVLLSKENSLRGTSDHEYHRGVKTQKGELLPNPSSDRKSNSGSDLTVSQDEESLVPCSQAPAKAQSALTEEMLESSDASQSSSVSVEHSYALLLTEHSKKHLQEREILSPLFPRNGTKSPEAATPVGKVMPFRHQPGLLLQQKPPDDPVVKPKDRPPSARVKKSSCSRIVLS, 193.73, 80.7, 1.45, IDR_2, 806, 2148, KIIRSSRKVVEHSNPAKYVSINSTLESCELREIEESLGLEKCSADSLLETNEISRAHAAEVSFRDPNCLLPFIKTPLTQGLELCVQNEQKKTFARECDPDTQEDQNFICSYNNEVTGEEAKQESLETSNLVLSGIGSTQTNGPSVPSEEEIVQPLDSTRVASYSGTVTQATFTRTYDGPGSQPVICQSSVYGTLENKVDILDAAVQTKTGTLQDLIQHGSPINNECHPSLERKDDNMGCAVINPEPITLTFEKNAHVPIQTEGVNTADERTTFKKELIKQVSPAASLRHPVSTSENARTQGLRDIPSLVVAGQKGTKYLCASSVGGETLDKAVCSLQKETPLPVSLPSDKTMVMEALSLAKSSSHLSPSEEVRCTQDFLSQTQSLLGLSSEGLLELTQVEVDSSSASTTLGRQCSLNCISSGCHTSGDSLELRKNHKNGPNTENMNLEAFDSVFIKQTSLSVSREVSLELSEEDSDIDLALTISPPTSPREEMPAGEIEQFEEAPFSNLELQDVAEEIGEPEEVALTESREVSSADNVSVYPSVSEEPVENKERKGDNLQPVTLILSKENCTLEIAEEINVTSDFPFDSVIEEVSPASSPEPPVPVKETRPYQAVTPCILKLHGTQCEKSNQISQCESEDLGITEKENVFVGPTHPVGQDNFTQVQQMQVSAEMPLILTDHPGRTGRPTLPGKVTEEIVSSEHDEGLSFSGKVQCYGRELNQPASAAKCTGDFSPSPEKLVKSGNPLQPVSIENRNLDLKHLVLESSEPPFGPRNVIENKSLSDTLVSTTAPSGIVNVSVKQQTSPKSSQNHLFPGDLKTDEGIYLQVKSLTAASVDGAYSTQGCMCSVVPTLCSSSDNATLTHYVRPINAEPVFQAQEIPAGRMASLLKNGEPEAELHKETTGPGTAGPQSNTTSSLKGERKAIHTLQDVSTCETKELLNVGVSSLCAGPYQNTADTKENLSKEPLASFVSESFDTSVCGIATEHVEIENSGEGLRAEAGSETLGRDGEVGVNSDMHYELSGDSDLDLLGDCRNPRLDLEDSYTLRGSYTRKKDVPTDGYESSLNFHNNNQEDWGCSSWVPGMETSLPPGHWTAAVKKEEKCVPPYVQIRDLHGILRTYANFSITKELKDTMRTSHGLRRHPSFSANCGLPSSWTSTWQVADDLTQNTLDLEYLRFAHKLKQTIKNGDSQHSASSANVFPKESPTQISIGAFPSTKISEAPFLHPAPRSRSPLLVTVVESDPRPQGQPRRGYTASSLDSSSSWRERCSHNRDLRNSQRNHTVSFHLNKLKYNSTVKESRNDISLILNEYAEFNKVMKNSNQFIFQDKELNDVSGEATAQEMY, 303.08, 130.56, 1.42
365, P32242, OTX1_HUMAN Homeobox protein OTX1, 9334, IDR_0, 1, 42, MMSYLKQPPYGMNGLGLAGPAMDLLHPSVGYPATPRKQRRER, 46.54, 18.99, 1.23, IDR_1, 93, 354, CRQQQQSGSGTKSRPAKKKSSPVRESSGSESSGQFTPPAVSSSASSSSSASSSSANPAAAAAAGLGGNPVAAASSLSTPAASSIWSPASISPGSAPASVSVPEPLAAPSNTSCMQRSVAAGAATAAASYPMSYGQGGSYGQGYPTPSSSYFGGVDCSSYLAPMHSHHHPHQLSPMAPSSMAGHHHHHPHAHHPLSQSSGHHHHHHHHHHQGYGGSGLAFNSADCLDYKEPGAAAASSAWKLNFNSPDCLDYKDQASWRFQVL, 103.02, 46.48, 1.09
366, P18850, ATF6A_HUMAN Cyclic AMP-dependent transcription factor ATF-6 alpha, 9244, IDR_0, 1, 299, MGEPAGVAGTMESPFSPGLFHRLDEDWDSALFAELGYFTDTDELQLEAANETYENNFDNLDFDLDLMPWESDIWDINNQICTVKDIKAEPQPLSPASSSYSVSSPRSVDSYSSTQHVPEELDLSSSSQMSPLSLYGENSNSLSSAEPLKEDKPVTGPRNKTENGLTPKKKIQVNSKPSIQPKPLLLPAAPKTQTNSSVPAKTIIIQTVPTLMPLAKQQPIISLQPAPTKGQTVLLSQPTVVQLQAPGVLPSAQPVLAVAGGVTQLPNHVVNVVPAPSANSPVNGKLSVTKPVLQSTMRN, 139.73, 59.88, 1.39, IDR_1, 364, 670, SENQRLKVPSPKRRVVCVMIVLAFIILNYGPMSMLEQDSRRMNPSVSPANQRRHLLGFSAKEAQDTSDGIIQKNSYRYDHSVSNDKALMVLTEEPLLYIPPPPCQPLINTTESLRLNHELRGWVHRHEVERTKSRRMTNNQQKTRILQGALEQGSNSQLMAVQYTETTSSISRNSGSELQVYYASPRSYQDFFEAIRRRGDTFYVVSFRRDHLLLPATTHNKTTRPKMSIVLPAININENVINGQDYEVMMQIDCQVMDTRILHIKSSSVPPYLRDQQRNQTNTFFGSPPAATEATHVVSTIPESLQ, 118.61, 49.97, 1.16
367, Q9UBL0, ARP21_HUMAN cAMP-regulated phosphoprotein 21, 9239, IDR_0, 1, 135, MSEQGDLNQAIAEEGGTEQETATPENGIVKSESLDEEEKLELQRRLEAQNQERRKSKSGAGKGKLTRSLAVCEESSARPGGESLQDQESIHLQLSSFSSLQEEDKSRKDDSEREKEKDKNKDKTSEKPKIRMLSK, 85.27, 35.28, 1.26, IDR_1, 239, 812, KDEKGEESQKRFILKRDNSSIDKEDNQQNRMHPFRDDRRSKSIEEREEEYQRVRERIFAHDSVCSQESLFVENSRLLEDSNICNETYKKRQLFRGNRDGSGRTSGSRQSSSENELKWSDHQRAWSSTDSDSSNRNLKPAMTKTASFGGITVLTRGDSTSSTRSTGKLSKAGSESSSSAGSSGSLSRTHPPLQSTPLVSGVAAGSPGCVPYPENGIGGQVAPSSTSYILLPLEAATGIPPGSILLNPHTGQPFVNPDGTPAIYNPPTSQQPLRSAMVGQSQQQPPQQQPSPQPQQQVQPPQPQMAGPLVTQRDDVATQFGQMTLSRQSSGETPEPPSGPVYPSSLMPQPAQQPSYVIASTGQQLPTGGFSGSGPPISQQVLQPPPSPQGFVQQPPPAQMPVYYYPSGQYPTSTTQQYRPMAPVQYNAQRSQQMPQAAQQAGYQPVLSGQQGFQGLIGVQQPPQSQNVINNQQGTPVQSVMVSYPTMSSYQVPMTQGSQGLPQQSYQQPIMLPNQAGQGSLPATGMPVYCNVTPPTPQNNLRLIGPHCPSSTVPVMSASCRTNCASMSNAGWQVKF, 171.23, 74.92, 1.23
368, Q8IWW6, RHG12_HUMAN Rho GTPase-activating protein 12, 9232, IDR_0, 76, 630, ALMPPVKQVAGLPNNSTKIMQSLHLQRSTENVNKLPELSSFGKPSSSVQGTGLIRDANQNFGPSYNQGQTVNLSLDLTHNNGKFNNDSHSPKVSSQNRTRSFGHFPGPEFLDVEKTSFSQEQSCDSAGEGSERIHQDSESGDELSSSSTEQIRATTPPNQGRPDSPVYANLQELKISQSALPPLPGSPAIQINGEWETHKDSSGRCYYYNRGTQERTWKPPRWTRDASISKGDFQNPGDQELLSSEENYYSTSYSQSDSQCGSPPRGWSEELDERGHTLYTSDYTNEKWLKHVDDQGRQYYYSADGSRSEWELPKYNASSQQQREIIKSRSLDRRLQEPIVLTKWRHSTIVLDTNDKESPTASKPCFPENESSPSSPKHQDTASSPKDQEKYGLLNVTKIAENGKKVRKNWLSSWAVLQGSSLLFTKTQGSSTSWFGSNQSKPEFTVDLKGATIEMASKDKSSKKNVFELKTRQGTELLIQSDNDTVINDWFKVLSSTINNQAVETDEGIEEEIPDSPGIEKHDKEKEQKDPKKLRSFKVSSIDSSEQKKTKKNL, 160.08, 65.86, 1.17
369, Q9BYI3, HYCCI_HUMAN Hyccin, 9175, IDR_0, 132, 154, KPSVYHEPSSIGSMALTESALSQ, 31.28, 12.98, 1.12, IDR_1, 284, 521, ASLPHGPMKSNKEGTRCIQVEITPTSSRISRNAVTSMSIRGHRWKRHGNTELTGQEELMEISEVDEGFYSRAASSTSQSGLSNSSHNCSNKPSIGKNHRRSGGSKTGGKEKETTGESCKDHFARKQTQRAQSENLELLSLKRLTLTTSQSLPKPSSHGLAKTAATVFSKSFEQVSGVTVPHNPSSAVGCGAGTDANRFSACSLQEEKLIYVSERTELPMKHQSGQQRPPSISITLSTD, 114.49, 47.68, 1.28
370, Q9BYW2, SETD2_HUMAN Histone-lysine N-methyltransferase SETD2, 9055, IDR_0, 1, 1453, MKQLQPQPPPKMGDFYDPEHPTPEEEENEAKIENVQKTGFIKGPMFKGVASSRFLPKGTKTKVNLEEQGRQKVSFSFSLTKKTLQNRFLTALGNEKQSDTPNPPAVPLQVDSTPKMKMEIGDTLSTAEESSPPKSRVELGKIHFKKHLLHVTSRPLLATTTAVASPPTHAAPLPAVIAESTTVDSPPSSPPPPPPPAQATTLSSPAPVTEPVALPHTPITVLMAAPVPLPVDVAVRSLKEPPIIIVPESLEADTKQDTISNSLEEHVTQILNEQADISSKKEDSHIGKDEEIPDSSKISLSCKKTGSKKKSSQSEGIFLGSESDEDSVRTSSSQRSHDLKFSASIEKERDFKKSSAPLKSEDLGKPSRSKTDRDDKYFSYSKLERDTRYVSSRCRSERERRRSRSHSRSERGSRTNLSYSRSERSHYYDSDRRYHRSSPYRERTRYSRPYTDNRARESSDSEEEYKKTYSRRTSSHSSSYRDLRTSSYSKSDRDCKTETSYLEMERRGKYSSKLERESKRTSENEAIKRCCSPPNELGFRRGSSYSKHDSSASRYKSTLSKPIPKSDKFKNSFCCTELNEEIKQSHSFSLQTPCSKGSELRMINKNPEREKAGSPAPSNRLNDSPTLKKLDELPIFKSEFITHDSHDSIKELDSLSKVKNDQLRSFCPIELNINGSPGAESDLATFCTSKTDAVLMTSDDSVTGSELSPLVKACMLSSNGFQNISRCKEKDLDDTCMLHKKSESPFRETEPLVSPHQDKLMSMPVMTVDYSKTVVKEPVDTRVSCCKTKDSDIYCTLNDSNPSLCNSEAENIEPSVMKISSNSFMNVHLESKPVICDSRNLTDHSKFACEEYKQSIGSTSSASVNHFDDLYQPIGSSGIASSLQSLPPGIKVDSLTLLKCGENTSPVLDAVLKSKKSSEFLKHAGKETIVEVGSDLPDSGKGFASRENRRNNGLSGKCLQEAQEEGNSILPERRGRPEISLDERGEGGHVHTSDDSEVVFSSCDLNLTMEDSDGVTYALKCDSSGHAPEIVSTVHEDYSGSSESSNDESDSEDTDSDDSSIPRNRLQSVVVVPKNSTLPMEETSPCSSRSSQSYRHYSDHWEDERLESRRHLYEEKFESIASKACPQTDKFFLHKGTEKNPEISFTQSSRKQIDNRLPELSHPQSDGVDSTSHTDVKSDPLGHPNSEETVKAKIPSRQQEELPIYSSDFEDVPNKSWQQTTFQNRPDSRLGKTELSFSSSCEIPHVDGLHSSEELRNLGWDFSQEKPSTTYQQPDSSYGACGGHKYQQNAEQYGGTRDYWQGNGYWDPRSGRPPGTGVVYDRTQGQVPDSLTDDREEEENWDQQDGSHFSDQSDKFLLSLQKDKGSVQAPEISSNSIKDTLAVNEKKDFSKNLEKNDIKDRGPLKKRRQEIESDSESDGELQDRKKVRVEVEQGETSVPPGSALVGPSCVMDD, 302.93, 128.26, 1.37, IDR_1, 1700, 1730, AGGKMKKERSRKKDSVDGELEALMENGEGLS, 35.55, 14.69, 1.1, IDR_2, 1813, 2469, NMLEESKVLPIIQRWSQTKTAVPPLSEGDGYSSENTSRAHTPLNTPDPSTKLSTEADTDTPKKLMFRRLKIISENSMDSAISDATSELEGKDGKEDLDQLENVPVEEEEELQSQQLLPQQLPECKVDSETNIEASKLPTSEPEADAEIEPKESNGTKLEEPINEETPSQDEEEGVSDVESERSQEQPDKTVDISDLATKLLDSWKDLKEVYRIPKKSQTEKENTTTERGRDAVGFRDQTPAPKTPNRSRERDPDKQTQNKEKRKRRSSLSPPSSAYERGTKRPDDRYDTPTSKKKVRIKDRNKLSTEERRKLFEQEVAQREAQKQQQQMQNLGMTSPLPYDSLGYNAPHHPFAGYPPGYPMQAYVDPSNPNAGKVLLPTPSMDPVCSPAPYDHAQPLVGHSTEPLSAPPPVPVVPHVAAPVEVSSSQYVAQSDGVVHQDSSVAVLPVPAPGPVQGQNYSVWDSNQQSVSVQQQYSPAQSQATIYYQGQTCPTVYGVTSPYSQTTPPIVQSYAQPSLQYIQGQQIFTAHPQGVVVQPAAAVTTIVAPGQPQPLQPSEMVVTNNLLDLPPPSPPKPKTIVLPPNWKTARDPEGKIYYYHVITRQTQWDPPTWESPGDDASLEHEAEMDLGTPTYDENPMKASKKPKTAEADTSSELAKK, 198.94, 84.97, 1.33
371, P49759, CLK1_HUMAN Dual specificity protein kinase CLK1, 8955, IDR_0, 1, 150, MRHSKRTYCPDWDDKDWDYGKWRSSSSHKRRKRSHSSAQENKRCKYNHSKMCDSHYLESRSINEKDYHSRRYIDEYRNDYTQGCEPGHRQRDHESRYQNHSSKSSGRSGRSSYKSKHRIHHSTSHRRSHGKSHRRKRTRSVEDDEEGHLI, 77.56, 32.49, 1.09
372, Q9H2F5, EPC1_HUMAN Enhancer of polycomb homolog 1, 8910, IDR_0, 1, 118, MSKLSFRARALDASKPLPVFRCEDLPDLHEYASINRAVPQMPTGMEKEEESEHHLQRAISAQQVYGEKRDNMVIPVPEAESNIAYYESIYPGEFKMPKQLIHIQPFSLDAEQPDYDLD, 78.27, 32.69, 1.23, IDR_1, 186, 225, RGPSLIPSVKQEKRDGSSTNDPYVAFRRRTEKMQTRKNRK, 44.34, 17.93, 1.21, IDR_2, 282, 406, IMSEVMAQRQPMKPTYAIPIIPITNSSQFKHQEAMDVKEFKVNKQDKADLIRPKRKYEKKPKVLPSSAAATPQQTSPAALPVFNAKDLNQYDFPSSDEEPLSQVLSGSSEAEEDNDPDGPFAFRR, 82.0, 35.06, 1.25, IDR_3, 485, 836, MLSSPQHSPVNQFANTSETNTSDKSFSKDLSQILVNIKSCRWRHFRPRTPSLHDSDNDELSCRKLYRSINRTGTAQPGTQTCSTSTQSKSSSGSAHFAFTAEQYQQHQQQLALMQKQQLAQIQQQQANSNSSTNTSQNLASNQQKSGFRLNIQGLERTLQGFVSKTLDSASAQFAASALVTSEQLMGFKMKDDVVLGIGVNGVLPASGVYKGLHLSSTTPTALVHTSPSTAGSALLQPSNITQTSSSHSALSHQVTAANSATTQVLIGNNIRLTVPSSVATVNSIAPINARHIPRTLSAVPSSALKLAAAANCQVSKVPSSSSVDSVPRENHESEKPALNNIADNTVAMEVT, 140.92, 59.66, 1.29
373, P04156, PRIO_HUMAN Major prion protein, 8814, IDR_0, 1, 253, MANLGCWMLVLFVATWSDLGLCKKRPKPGGWNTGGSRYPGQGSPGGNRYPPQGGGGWGQPHGGGWGQPHGGGWGQPHGGGWGQPHGGGWGQGGGTHSQWNKPSKPKTNMKHMAGAAAAGAVVGGLGGYMLGSAMSRPIIHFGSDYEDRYYRENMHRYPNQVYYRPMDEYSNQNNFVHDCVNITIKQHTVTTTTKGENFTETDVKMMERVVEQMCITQYERESQAYYQRGSSMVLFSSPPVILLISFLIFLIVG, 87.99, 37.45, 0.95
374, Q9UPW8, UN13A_HUMAN Protein unc-13 homolog A, 8766, IDR_0, 154, 446, QDEYSFQDEQDKPLPVPSNQCCNWNYFGWGEQHNDDPDSAVDDRDSDYRSETSNSIPPPYYTTSQPNASVHQYSVRPPPLGSRESYSDSMHSYEEFSEPQALSPTGSSRYASSGELSQGSSQLSEDFDPDEHSLQGSDMEDERDRDSYHSCHSSVSYHKDSPRWDQDEEELEEDLEDFLEEEELPEDEEELEEEEEEVPDDLGSYAQREDVAVAEPKDFKRISLPPAAPGKEDKAPVAPTEAPDMAKVAPKPATPDKVPAAEQIPEAEPPKDEESFRPREDEEGQEGQDSMSR, 136.61, 57.95, 1.37, IDR_1, 1688, 1703, KSDTRSAEEGGAAPAP, 26.42, 9.99, 1.13
375, P25054, APC_HUMAN Adenomatous polyposis coli protein, 8615, IDR_0, 76, 132, NLDSSNFPGVKLRSKMSLRSYGSREGSVSSRSGECSPVPMGSFPRRGFVNGSRESTG, 51.48, 21.51, 1.18, IDR_1, 241, 306, EAERSSQNKHETGSHDAERQNEGQGVGEINMATSGNGQGSTTRMDHETASVLSSSSTHSAPRRLTS, 55.45, 22.49, 1.18, IDR_2, 735, 2843, AKYKDANIMSPGSSLPSLHVRKQKALEAELDAQHLSETFDNIDNLSPKASHRSKQRHKQSLYGDYVFDTNRHDDNRSDNFNTGNMTVLSPYLNTTVLPSSSSSRGSLDSSRSEKDRSLERERGIGLGNYHPATENPGTSSKRGLQISTTAAQIAKVMEEVSAIHTSQEDRSSGSTTELHCVTDERNALRRSSAAHTHSNTYNFTKSENSNRTCSMPYAKLEYKRSSNDSLNSVSSSDGYGKRGQMKPSIESYSEDDESKFCSYGQYPADLAHKIHSANHMDDNDGELDTPINYSLKYSDEQLNSGRQSPSQNERWARPKHIIEDEIKQSEQRQSRNQSTTYPVYTESTDDKHLKFQPHFGQQECVSPYRSRGANGSETNRVGSNHGINQNVSQSLCQEDDYEDDKPTNYSERYSEEEQHEEEERPTNYSIKYNEEKRHVDQPIDYSLKYATDIPSSQKQSFSFSKSSSGQSSKTEHMSSSSENTSTPSSNAKRQNQLHPSSAQSRSGQPQKAATCKVSSINQETIQTYCVEDTPICFSRCSSLSSLSSAEDEIGCNQTTQEADSANTLQIAEIKEKIGTRSAEDPVSEVPAVSQHPRTKSSRLQGSSLSSESARHKAVEFSSGAKSPSKSGAQTPKSPPEHYVQETPLMFSRCTSVSSLDSFESRSIASSVQSEPCSGMVSGIISPSDLPDSPGQTMPPSRSKTPPPPPQTAQTKREVPKNKAPTAEKRESGPKQAAVNAAVQRVQVLPDADTLLHFATESTPDGFSCSSSLSALSLDEPFIQKDVELRIMPPVQENDNGNETESEQPKESNENQEKEAEKTIDSEKDLLDDSDDDDIEILEECIISAMPTKSSRKAKKPAQTASKLPPPVARKPSQLPVYKLLPSQNRLQPQKHVSFTPGDDMPRVYCVEGTPINFSTATSLSDLTIESPPNELAAGEGVRGGAQSGEFEKRDTIPTEGRSTDEAQGGKTSSVTIPELDDNKAEEGDILAECINSAMPKGKSHKPFRVKKIMDQVQQASASSSAPNKNQLDGKKKKPTSPVKPIPQNTEYRTRVRKNADSKNNLNAERVFSDNKDSKKQNLKNNSKVFNDKLPNNEDRVRGSFAFDSPHHYTPIEGTPYCFSRNDSLSSLDFDDDDVDLSREKAELRKAKENKESEAKVTSHTELTSNQQSANKTQAIAKQPINRGQPKPILQKQSTFPQSSKDIPDRGAATDEKLQNFAIENTPVCFSHNSSLSSLSDIDQENNNKENEPIKETEPPDSQGEPSKPQASGYAPKSFHVEDTPVCFSRNSSLSSLSIDSEDDLLQECISSAMPKKKKPSRLKGDNEKHSPRNMGGILGEDLTLDLKDIQRPDSEHGLSPDSENFDWKAIQEGANSIVSSLHQAAAAACLSRQASSDSDSILSLKSGISLGSPFHLTPDQEEKPFTSNKGPRILKPGEKSTLETKKIESESKGIKGGKKVYKSLITGKVRSNSEISGQMKQPLQANMPSISRGRTMIHIPGVRNSSSSTSPVSKKGPPLKTPASKSPSEGQTATTSPRGAKPSVKSELSPVARQTSQIGGSSKAPSRSGSRDSTPSRPAQQPLSRPIQSPGRNSISPGRNGISPPNKLSQLPRTSSPSTASTKSSGSGKMSYTSPGRQMSQQNLTKQTGLSKNASSIPRSESASKGLNQMNNGNGANKKVELSRMSSTKSSGSESDRSERPVLVRQSTFIKEAPSPTLRRKLEESASFESLSPSSRPASPTRSQAQTPVLSPSLPDMSLSTHSSVQAGGWRKLPPNLSPTIEYNDGRPAKRHDIARSHSESPSRLPINRSGTWKREHSKHSSSLPRVSTWRRTGSSSSILSASSESSEKAKSEDEKHVNSISGTKQSKENQVSAKGTWRKIKENEFSPTNSTSQTVSSGATNGAESKTLIYQMAPAVSKTEDVWVRIEDCPINNPRSGRSPTGNTPPVIDSVSEKANPNIKDSKDNQAKQNVGNGSVPMRTVGLENRLNSFIQVDAPDQKGTEIKPGQNNPVPVSETNESSIVERTPFSSSSSSKHSSPSGTVAARVTPFNYNPSPRKSSADSTSARPSQIPTPVNNNTKKRDSKTDSTESSGTQSPKRHSGSYLVTSV, 362.26, 168.67, 1.35
376, Q6AHZ1, Z518A_HUMAN Zinc finger protein 518A, 8609, IDR_0, 1, 40, MPSEQKQLFCDEKQTTLKKDYDVKNEIVDRSAPKPKISGS, 44.3, 18.0, 1.2, IDR_1, 317, 1326, RYKIGASRKTFWKRKKINSGSDRSIEKNTQVLKKMNKTQTKSEDQSHVVQEHLSEEKDERLHCENNDKAPESESEKPTPLSTGQGNRAEEGPNASSGFMKTAVLGPTLKNVMMKNNKLAVSPNYNATFMGFKMMDGKQHIVLKLVPIKQNVCSPGSQSGAAKDGTANLQPQTLDTNGFLTGVTTELNDTVYMKAATPFSCSSSILSGKASSEKEMTLISQRNNMLQTMDYEKSVSSLSATSELVTASVNLTTKFETRDNVDFWGNHLTQSHPEVLGTTIKSPDKVNCVAKPNAYNSGDMHNYCINYGNCELPVESSNQGSLPFHNYSKVNNSNKRRRFSGTAVYENPQRESSSSKTVVQQPISESFLSLVRQESSKPDSLLASISLLNDKDGTLKAKSEIEEQYVLEKGQNIDGQNLYSNENQNLECATEKSKWEDFSNVDSPMMPRITSVFSLQSQQASEFLPPEVNQLLQDVLKIKPDVKQDSSNTPNKGLPLHCDQSFQKHEREGKIVESSKDFKVQGIFPVPPGSVGINVPTNDLNLKFGKEKQVSSIPQDVRDSEKMPRISGFGTLLKTQSDAIITQQLVKDKLRATTQNLGSFYMQSPLLNSEQKKTIIVQTSKGFLIPLNITNKPGLPVIPGNALPLVNSQGIPASLFVNKKPGMVLTLNNGKLEGVSAVKTEGAPARGTVTKEPCKTPILKVEPNNNCLTPGLCSSIGSCLSMKSSSENTLPLKGPYILKPTSSVKAVLIPNMLSEQQSTKLNISDSVKQQNEIFPKPPLYTFLPDGKQAVFLKCVMPNKTELLKPKLVQNSTYQNIQPKKPEGTPQRILLKIFNPVLNVTAANNLSVSNSASSLQKDNVPSNQIIGGEQKEPESRDALPFLLDDLMPANEIVITSTATCPESSEEPICVSDCSESRVLRCKTNCRIERNFNRKKTSKKIFSKTKTHGSKDSETAFVSRNRNCKRKCRDSYQEPPRRKATLHRKCKEKAKPEDVRETFGFSRPRLSKDSIRT, 256.97, 112.07, 1.39
377, O75925, PIAS1_HUMAN E3 SUMO-protein ligase PIAS1, 8557, IDR_0, 67, 135, QKIMTPADLSIPNVHSSPMPATLSPSTIPQLTYDGHPASSPLLPVSLLGPKHELELPHLTSALHPVHPD, 64.83, 26.38, 1.34, IDR_1, 229, 250, SLPGYLPPTKNGVEPKRPSRPI, 35.3, 13.58, 1.29, IDR_2, 411, 651, GTWAPMRSKKEVQEVSASYNGVDGCLSSTLEHQVASHHQSSNKNKKVEVIDLTIDSSSDEEEEEPSAKRTCPSLSPTSPLNNKGILSLPHQASPVSRTPSLPAVDTSYINTSLIQDYRHPFHMTPMPYDLQGLDFFPFLSGDNQHYNTSLLAAAAAAVSDDQDLLHSSRFFPYTSSQMFLDQLSAGGSTSLPTTNGSSSGSNSSLVSSNSLRESHSHTVTNRSSTDTASIFGIIPDIISLD, 113.34, 47.19, 1.25
378, Q96EK4, THA11_HUMAN THAP domain-containing protein 11, 8471, IDR_0, 84, 251, GVNERKVARRPAGAAAARRRQQQQQQQQQQQQQQQQQQQQQQQQQQQQQSSPSASTAQTAQLQPNLVSASAAVLLTLQATVDSSQAPGSVQPAPITPTGEDVKPIDLTVQVEFAAAEGAAAAAAASELQAATAGLEAAECPMGPQLVVVGEEGFPDTGSDHSYSLSSG, 91.12, 40.5, 1.2
379, O15047, SET1A_HUMAN Histone-lysine N-methyltransferase SETD1A, 8310, IDR_0, 1, 14, MDQEGGGDGQKAPS, 22.97, 8.84, 1.06, IDR_1, 189, 788, TPQTVPTGGKALSEKFQGSGAATETAESRRRSSSDTAAYPAGTTAVGTPGNGTPCSQDTSFSSSRQDTPSSFGQFTPQSSQGTPYTSRGSTPYSQDSAYSSSTTSTSFKPRRSENSYQDAFSRRHFSASSASTTASTAIAATTAATASSSASSSSLSSSSSSSSSSSSSQFRSSDANYPAYYESWNRYQRHTSYPPRRATREEPPGAPFAENTAERFPPSYTSYLPPEPSRPTDQDYRPPASEAPPPEPPEPGGGGGGGGPSPEREEVRTSPRPASPARSGSPAPETTNESVPFAQHSSLDSRIEMLLKEQRSKFSFLASDTEEEEENSSMVLGARDTGSEVPSGSGHGPCTPPPAPANFEDVAPTGSGEPGATRESPKANGQNQASPCSSGDDMEISDDDRGGSPPPAPTPPQQPPPPPPPPPPPPPYLASLPLGYPPHQPAYLLPPRPDGPPPPEYPPPPPPPPHIYDFVNSLELMDRLGAQWGGMPMSFQMQTQMLTRLHQLRQGKGLIAASAGPPGGAFGEAFLPFPPPQEAAYGLPYALYAQGQEGRGAYSREAYHLPMPMAAEPLPSSSVSGEEARLPPREEAELAEGKTLPTA, 167.43, 74.01, 1.17, IDR_2, 833, 1419, KAKPFQNAAKQQAKEEDKEKTKLKEPGLLSLVDWAKSGGTTGIEAFAFGSGLRGALRLPSFKVKRKEPSEISEASEEKRPRPSTPAEEDEDDPEQEKEAGEPGRPGTKPPKRDEERGKTQGKHRKSFALDSEGEEASQESSSEKDEEDDEEDEEDEDREEAVDTTKKETEVSDGEDEESDSSSKCSLYADSDGENDSTSDSESSSSSSSSSSSSSSSSSSSSSSSSESSSEDEEEEERPAALPSASPPPREVPVPTPAPVEVPVPERVAGSPVTPLPEQEASPARPAGPTEESPPSAPLRPPEPPAGPPAPAPRPDERPSSPIPLLPPPKKRRKTVSFSAIEVVPAPEPPPATPPQAKFPGPASRKAPRGVERTIRNLPLDHASLVKSWPEEVSRGGRSRAGGRGRLTEEEEAEPGTEVDLAVLADLALTPARRGLPALPAVEDSEATETSDEAERPRPLLSHILLEHNYALAVKPTPPAPALRPPEPVPAPAALFSSPADEVLEAPEVVVAEAEEPKPQQLQQQREEGEEEGEEEGEEEEEESSDSSSSSDGEGALRRRSLRSHARRRRPPPPPPPPPPRAYEPRS, 202.34, 88.55, 1.43, IDR_3, 1471, 1532, TNLTTPKRKRRPQDGPREHQTGSARSEGYYPISKKEKDKYLDVCPVSARQLEGVDTQGTNRV, 56.6, 23.18, 1.24
380, Q9H2Y7, ZN106_HUMAN Zinc finger protein 106, 8264, IDR_0, 1, 1048, MPVGRIECPSSPSFPRDISHECRVCGVTEVGLSAYAKHISGQLHKDNVDAQEREDDGKGEEEEEDYFDKELIQLIKQRKEQSRQDEPSNSNQEINSDDRRPQWRREDRIPYQDRESYSQPAWHHRGPPQRDWKWEKDGFNNTRKNSFPHSLRNGGGPRGRSGWHKGVAGGSSTWFHNHSNSGGGWLSNSGAVDWNHNGTGRNSSWLSEGTGGFSSWHMNNSNGNWKSSVRSTNNWNYSGPGDKFQPGRNRNSNCQMEDMTMLWNKKSNKSNKYSHDRYNWQRQENDKLGTVATYRGPSEGFTSDKFPSEGLLDFNFEQLESQTTKQADTATSKVSGKNGSAAREKPRRWTPYPSQKTLDLQSGLKDITGNKSEMIEKPLFDFSLITTGIQEPQTDETRNSPTQKTQKEIHTGSLNHKASSDSAASFEVVRQCPTAEKPEQEHTPNKMPSLKSPLLPCPATKSLSQKQDPKNISKNTKTNFFSPGEHSNPSNKPTVEDNHGPYISKLRSSCPHVLKGNKSTFGSQKQSGDNLNDTLRKAKEVLQCHESLQNPLLSTSKSTRNYAKASRNVEESEKGSLKIEFQVHALEDESDGETSDTEKHGTKIGTLGSATTELLSGSTRTADEKEEDDRILKTSRELSTSPCNPIVRQKESELQMTSAASPHPGLLLDLKTSLEDAQVDDSIKSHVSYETEGFESASLDAELQKSDISQPSGPLLPELSKLGFPASLQRDLTRHISLKSKTGVHLPEPNLNSARRIRNISGHRKSETEKESGLKPTLRQILNASRRNVNWEQVIQQVTKKKQELGKGLPRFGIEMVPLVQNEQEALDLDGEPDLSSLEGFQWEGVSISSSPGLARKRSLSESSVIMDRAPSVYSFFSEEGTGKENEPQQMVSPSNSLRAGQSQKATMHLKQEVTPRAASLRTGERAENVATQRRHSAQLSSDHIIPLMHLAKDLNSQERSIPPSENQNSQESNGEGNCLSSSASSALAISSLADAATDSSCTSGAEQNDGQSIRKKRRATGDGSSPELPSLERKNKRRKIKGKKERS, 222.38, 100.78, 1.18, IDR_1, 1119, 1531, TYEPSEHPDQVPCSLTRERRNSRSQTSIDAALLPTPFFPLFLEPPSSHVSPSPTGASLQITTSPTFQTHGSVPAPDSSVQIKQEPMSPEQDENVNAVPPSSACNVSKELLEANREISDSCPVYPVITARLSLPESTESFHEPSQELKFSVEQRNTRNRENSPSSQSAGLSSINKEGEEPTKGNSGSEACTSSFLRLSFASETPLEKEPHSPADQPEQQAESTLTSAETRGSKKKKKLRKKKSLRAAHVPENSDTEQDVLTVKPVRKVKAGKLIKGGKVTTSTWEDSRTGREQESVRDEPDSDSSLEVLEIPNPQLEVVAIDSSESGEEKPDSPSKKDIWNSTEQNPLETSRSGCDEVSSTSEIGTRYKDGIPVSVAETQTVISSIKGSKNSSEISSEPGDDDEPTEGSFEGHQ, 162.69, 68.75, 1.38, IDR_2, 1859, 1883, ARKGSKQDAAGHIERHAEDDSKIDS, 30.85, 12.71, 1.05
381, Q9UPQ9, TNR6B_HUMAN Trinucleotide repeat-containing gene 6B protein, 8252, IDR_0, 1, 1276, MREKEQEREEQLMEDKKRKKEDKKKKEATQKVTEQKTKVPEVTKPSLSQPTAASPIGSSPSPPVNGGNNAKRVAVPNGQPPSAARYMPREVPPRFRCQQDHKVLLKRGQPPPPSCMLLGGGAGPPPCTAPGANPNNAQVTGALLQSESGTAPDSTLGGAAASNYANSTWGSGASSNNGTSPNPIHIWDKVIVDGSDMEEWPCIASKDTESSSENTTDNNSASNPGSEKSTLPGSTTSNKGKGSQCQSASSGNECNLGVWKSDPKAKSVQSSNSTTENNNGLGNWRNVSGQDRIGPGSGFSNFNPNSNPSAWPALVQEGTSRKGALETDNSNSSAQVSTVGQTSREQQSKMENAGVNFVVSGREQAQIHNTDGPKNGNTNSLNLSSPNPMENKGMPFGMGLGNTSRSTDAPSQSTGDRKTGSVGSWGAARGPSGTDTVSGQSNSGNNGNNGKEREDSWKGASVQKSTGSKNDSWDNNNRSTGGSWNFGPQDSNDNKWGEGNKMTSGVSQGEWKQPTGSDELKIGEWSGPNQPNSSTGAWDNQKGHPLPENQGNAQAPCWGRSSSSTGSEVGGQSTGSNHKAGSSDSHNSGRRSYRPTHPDCQAVLQTLLSRTDLDPRVLSNTGWGQTQIKQDTVWDIEEVPRPEGKSDKGTEGWESAATQTKNSGGWGDAPSQSNQMKSGWGELSASTEWKDPKNTGGWNDYKNNNSSNWGGGRPDEKTPSSWNENPSKDQGWGGGRQPNQGWSSGKNGWGEEVDQTKNSNWESSASKPVSGWGEGGQNEIGTWGNGGNASLASKGGWEDCKRSPAWNETGRQPNSWNKQHQQQQPPQQPPPPQPEASGSWGGPPPPPPGNVRPSNSSWSSGPQPATPKDEEPSGWEEPSPQSISRKMDIDDGTSAWGDPNSYNYKNVNLWDKNSQGGPAPREPNLPTPMTSKSASVWSKSTPPAPDNGTSAWGEPNESSPGWGEMDDTGASTTGWGNTPANAPNAMKPNSKSMQDGWGESDGPVTGARHPSWEEEEDGGVWNTTGSQGSASSHNSASWGQGGKKQMKCSLKGGNNDSWMNPLAKQFSNMGLLSQTEDNPSSKMDLSVGSLSDKKFDVDKRAMNLGDFNDIMRKDRSGFRPPNSKDMGTTDSGPYFEKLTLPFSNQDGCLGDEAPCSPFSPSPSYKLSPSGSTLPNVSLGAIGTGLNPQNFAARQGGSHGLFGNSTAQSRGLHTPVQPLNSSPSLRAQVPPQFISPQVSASMLKQFPNSGLSPGLFNVGPQLSPQQIAMLSQLPQIP, 252.15, 101.56, 1.21, IDR_1, 1323, 1644, QQQQQQRQPGMKHSPSHPVGPKPHLDNMVPNALNVGLPDLQTKGPIPGYGSGFSSGGMDYGMVGGKEAGTESRFKQWTSMMEGLPSVATQEANMHKNGAIVAPGKTRGGSPYNQFDIIPGDTLGGHTGPAGDSWLPAKSPPTNKIGSKSSNASWPPEFQPGVPWKGIQNIDPESDPYVTPGSVLGGTATSPIVDTDHQLLRDNTTGSNSSLNTSLPSPGAWPYSASDNSFTNVHSTSAKFPDYKSTWSPDPIGHNPTHLSNKMWKNHISSRNTTPLPRPPPGLTNPKPSSPWSSTAPRSVRGWGTQDSRLASASTWSDGGSV, 127.18, 55.64, 1.22, IDR_2, 1728, 1833, AQAQPPTPAATPSAPAAGWQSLETGQNQSDPVGPALNLFGGSTGLGQWSSSAGGSSGADLAGASLWGPPNYSSSLWGVPTVEDPHRMGSPAPLLPGDLLGGGSDSI, 74.42, 30.81, 1.24
382, Q7Z5J4, RAI1_HUMAN Retinoic acid-induced protein 1, 8199, IDR_0, 1, 1677, MQSFRERCGFHGKQQNYQQTSQETSRLENYRQPSQAGLSCDRQRLLAKDYYNPQPYPSYEGGAGTPSGTAAAVAADKYHRGSKALPTQQGLQGRPAFPGYGVQDSSPYPGRYAGEESLQAWGAPQPPPPQPQPLPAGVAKYDENLMKKTAVPPSRQYAEQGAQVPFRTHSLHVQQPPPPQQPLAYPKLQRQKLQNDIASPLPFPQGTHFPQHSQSFPTSSTYSSSVQGGGQGAHSYKSCTAPTAQPHDRPLTASSSLAPGQRVQNLHAYQSGRLSYDQQQQQQQQQQQQQQALQSRHHAQETLHYQNLAKYQHYGQQGQGYCQPDAAVRTPEQYYQTFSPSSSHSPARSVGRSPSYSSTPSPLMPNLENFPYSQQPLSTGAFPAGITDHSHFMPLLNPSPTDATSSVDTQAGNCKPLQKDKLPENLLSDLSLQSLTALTSQVENISNTVQQLLLSKAAVPQKKGVKNLVSRTPEQHKSQHCSPEGSGYSAEPAGTPLSEPPSSTPQSTHAEPQEADYLSGSEDPLERSFLYCNQARGSPARVNSNSKAKPESVSTCSVTSPDDMSTKSDDSFQSLHGSLPLDSFSKFVAGERDCPRLLLSALAQEDLASEILGLQEAIGEKADKAWAEAPSLVKDSSKPPFSLENHSACLDSVAKSAWPRPGEPEALPDSLQLDKGGNAKDFSPGLFEDPSVAFATPDPKKTTGPLSFGTKPTLGVPAPDPTTAAFDCFPDTTAASSADSANPFAWPEENLGDACPRWGLHPGELTKGLEQGGKASDGISKGDTHEASACLGFQEEDPPGEKVASLPGDFKQEEVGGVKEEAGGLLQCPEVAKADRWLEDSRHCCSTADFGDLPLLPPTSRKEDLEAEEEYSSLCELLGSPEQRPGMQDPLSPKAPLICTKEEVEEVLDSKAGWGSPCHLSGESVILLGPTVGTESKVQSWFESSLSHMKPGEEGPDGERAPGDSTTSDASLAQKPNKPAVPEAPIAKKEPVPRGKSLRSRRVHRGLPEAEDSPCRAPVLPKDLLLPESCTGPPQGQMEGAGAPGRGASEGLPRMCTRSLTALSEPRTPGPPGLTTTPAPPDKLGGKQRAAFKSGKRVGKPSPKAASSPSNPAALPVASDSSPMGSKTKETDSPSTPGKDQRSMILRSRTKTQEIFHSKRRRPSEGRLPNCRATKKLLDNSHLPATFKVSSSPQKEGRVSQRARVPKPGAGSKLSDRPLHALKRKSAFMAPVPTKKRNLVLRSRSSSSSNASGNGGDGKEERPEGSPTLFKRMSSPKKAKPTKGNGEPATKLPPPETPDACLKLASRAAFQGAMKTKVLPPRKGRGLKLEAIVQKITSPSLKKFACKAPGASPGNPLSPSLSDKDRGLKGAGGSPVGVEEGLVNVGTGQKLPTSGADPLCRNPTNRSLKGKLMNSKKLSSTDCFKTEAFTSPEALQPGGTALAPKKRSRKGRAGAHGLSKGPLEKRPYLGPALLLTPRDRASGTQGASEDNSGGGGKKPKMEELGLASQPPEGRPCQPQTRAQKQPGHTNYSSYSKRKRLTRGRAKNTTSSPCKGRAKRRRQQQVLPLDPAEPEIRLKYISSCKRLRSDSRTPAFSPFVRVEKRDAFTTICTVVNSPGDAPKPHRKPSSSASSSSSSSSFSLDAAGASLATLPGGSILQPRPSLPLSSTMHLGPVVS, 310.85, 144.88, 1.3, IDR_1, 1714, 1821, KKKPKLKEKVRPEGTCEEASLPLERTLKGPECAAAATAGKPPRPDGPADPAKQGPLRTSARGLSRRLQSCYCCDGREDGGEEAAPADKGRKHECSKEAPAEPGGEAQE, 79.5, 32.91, 1.31
383, Q99569, PKP4_HUMAN Plakophilin-4, 7785, IDR_0, 1, 519, MPAPEQASLVEEGQPQTRQEAASTGPGMEPETTATTILASVKEQELQFQRLTRELEVERQIVASQLERCRLGAESPSIASTSSTEKSFPWRSTDVPNTGVSKPRVSDAVQPNNYLIRTEPEQGTLYSPEQTSLHESEGSLGNSRSSTQMNSYSDSGYQEAGSFHNSQNVSKADNRQQHSFIGSTNNHVVRNSRAEGQTLVQPSVANRAMRRVSSVPSRAQSPSYVISTGVSPSRGSLRTSLGSGFGSPSVTDPRPLNPSAYSSTTLPAARAASPYSQRPASPTAIRRIGSVTSRQTSNPNGPTPQYQTTARVGSPLTLTDAQTRVASPSQGQVGSSSPKRSGMTAVPQHLGPSLQRTVHDMEQFGQQQYDIYERMVPPRPDSLTGLRSSYASQHSQLGQDLRSAVSPDLHITPIYEGRTYYSPVYRSPNHGTVELQGSQTALYRTGSVGIGNLQRTSSQRSTLTYQRNNYALNTTATYAEPYRPIQYRVQECNYNRLQHAVPADDGTTRSPSIDSIQKD, 159.07, 69.69, 1.2, IDR_1, 771, 816, LLGKESPSKDSEPSCWGKKKKKKKRTPQEDQWDGVGPIPGLSKSPK, 49.38, 19.7, 1.25, IDR_2, 1007, 1192, NQNHFITPVSTLERDRFKSHPSLSTTNQQMSPIIQSVGSTSSSPALLGIRDPRSEYDRTQPPMQYYNSQGDATHKGLYPGSSKPSPIYISSYSSPAREQNRRLQHQQLYYSQDDSNRKNFDAYRLYLQSPHSYEDPYFDDRVHFPASTDYSTQYGLKSTTNYVDFYSTKRPSYRAEQYPGSPDSWV, 75.89, 34.26, 0.96
384, Q155Q3, DIXC1_HUMAN Dixin, 7753, IDR_0, 127, 276, KPGSSRTVNQGRDSRAPLQSHRPHCATAVAQGAAAALADVCHDMSRSGRDVFRYRQRNSSMDEEIENPYWSVRALVQQYEGQQRSPSESSCSSLTSPSPIHSAKSESIITQSEEKADFVIIPAEGIENRTEGTDSPLSRDWRPGSPGTYL, 83.91, 35.29, 1.18, IDR_1, 312, 328, GSLPEDEQERPLALCEP, 30.15, 11.53, 1.26, IDR_2, 478, 599, DEATNYNSHNSQSNGFLLPTAGKGATSVSNRGTSDLQLVRDALRSLRNSFSGHDPQHHTIDSLEQGISSLMERLHVMETQKKQERKVRVKSPRTQVGSEYRESWPPNSKLPHSQSSPTVSST, 77.27, 32.86, 1.2
385, O00562, PITM1_HUMAN Membrane-associated phosphatidylinositol transfer protein 1, 7674, IDR_0, 1, 55, MLIKEYHILLPMSLDEYQVAQLYMIQKKSREESSGEGSGVEILANRPYTDGPGGS, 51.76, 21.17, 1.2, IDR_1, 258, 421, KCNTGSEGSEAQPPGKPSTEARSAASNTGTPDGPEAPPGPDASPDASFGKQWSSSSRSSYSSQHGGAVSPQSLSEWRMQNIARDSENSSEEEFFDAHEGFSDSEEVFPKEMTKWNSNDFIDAFASPVEAEGTPEPGAEAAKGIEDGAQAPRDSEGLDGAGELGA, 94.14, 39.35, 1.26, IDR_2, 499, 511, YSHDGDSLSRSQD, 21.24, 8.86, 1.01, IDR_3, 573, 685, DALCHSANAGTGSRGSSRRGSMNNELLSPEFGPVRDPLADGVEGLGRGSPEPSALPPQRIPSDMASPEPEGSQNSLQAAPATTSSWEPRRASTAFCPPAASSEAPDGPSSTAR, 79.47, 34.08, 1.28, IDR_4, 793, 821, STPTSTSGAFWKGSELATDPPAQPAAPST, 37.94, 15.14, 1.2, IDR_5, 1171, 1244, EAGSHSHASSGPPRAALGKSSYGVAAPVDFLRKQSQLLRSRGPSQAEREGPGTPPTTLARGKARSISLKLDSEE, 62.26, 26.33, 1.24
386, P20226, TBP_HUMAN TATA-box-binding protein, 7655, IDR_0, 1, 162, MDQNNSLPPYAQGLASPQGAMTPGIPIFSPMMPYGTGLTPQPIQNTNSLSILEEQQRQQQQQQQQQQQQQQQQQQQQQQQQQQQQQQQQQQQQQQAVAAAAVQQSTSQQATQGTSGQAPQLFHSQTLTTAPLPGTTPLYPSPMTPMTPITPATPASESSGIV, 89.71, 37.02, 1.21
387, Q9NRH2, SNRK_HUMAN SNF-related serine/threonine-protein kinase, 7520, IDR_0, 346, 638, QTRSASPSNIKAQFRQSWPTKIDVPQDLEDDLTATPLSHATVPQSPARAADSVLNGHRSKGLCDSAKKDDLPELAGPALSTVPPASLKPTASGRKCLFRVEEDEEEDEEDKKPMSLSTQVVLRRKPSVTNRLTSRKSAPVLNQIFEEGESDDEFDMDENLPPKLSRLKMNIASPGTVHKRYHRRKSQGRGSSCSSSETSDDDSESRRRLDKDSGFTYSWHRRDSSEGPPGSEGDGGGQSKPSNASGGVDKASPSENNAGGGSPSSGSGGNPTNTSGTTRRCAGPSNSMQLASR, 125.0, 52.67, 1.25, IDR_1, 749, 765, KEGLLCASSPASCCHVI, 27.33, 10.88, 1.14
388, Q86SQ0, PHLB2_HUMAN Pleckstrin homology-like domain family B member 2, 7503, IDR_0, 1, 581, MEEHSYIQKELDLQNGSLEEDSVVHSVENDSQNMMESLSPKKYSSSLRFKANGDYSGSYLTLSQPVPAKRSPSPLGTSVRSSPSLAKIQGSKQFSYDGTDKNIPMKPPTPLLNTTSSLSGYPLGRADFDHYTGRDSERALRLSEKPPYSKYSSRHKSHDNVYSLGGLEGRKASGSLLAMWNGSSLSDAGPPPISRSGAASMPSSPKQARKMSIQDSLALQPKLTRHKELASENINLRTRKYSSSSLSHMGAYSRSLPRLYRATENQLTPLSLPPRNSLGNSKRTKLGEKDLPHSVIDNDNYLNFSSLSSGALPYKTSASEGNPYVSSTLSVPASPRVARKMLLASTSSCASDDFDQASYVGTNPSHSLLAGESDRVFATRRNFSCGSVEFDEADLESLRQASGTPQPALRERKSSISSISGRDDLMDYHRRQREERLREQEMERLERQRLETILSLCAEYTKPDSRLSTGTTVEDVQKINKELEKLQLSDEESVFEEALMSPDTRYRCHRKDSLPDADLASCGSLSQSSASFFTPRSTRNDELLSDLTRTPPPPSSTFPKASSESSYLSILPKTPEGISEE, 181.84, 77.76, 1.3, IDR_1, 813, 1031, SLSGGKGFPVNPNTLKEGYISVNEINEPCGNSTNLSPSTQFPADADAVATEPATAVLASQPQSKEHFRSLEERKKQHKEGLYLSDTLPRKKTTSSISPHFSSATMGRSITPKAHLPLGQSNSCGSVLPPSLAAMAKDSESRRMLRGYNHQQMSEGHRQKSEFYNRTASESNVYLNSFHYPDHSYKDQAFDTLSLDSSDSMETSISACSPDNISSASTSN, 105.41, 45.06, 1.22
389, Q9Y6N7, ROBO1_HUMAN Roundabout homolog 1, 7471, IDR_0, 1, 65, MKWKHVPFLVMISLLSLSPNHLFLAQLIPDPEDVERGNDHGTPIPTSDNDDNSLGYTGSRLRQED, 56.45, 23.74, 1.2, IDR_1, 923, 1651, KKRNGLTSTYAGIRKVPSFTFTPTVTYQRGGEAVSSGGRPGLLNISEPAAQPWLADTWPNTGNNHNDCSISCCTAGNGNSDSNLTTYSRPADCIANYNNQLDNKQTNLMLPESTVYGDVDLSNKINEMKTFNSPNLKDGRFVNPSGQPTPYATTQLIQSNLSNNMNNGSGDSGEKHWKPLGQQKQEVAPVQYNIVEQNKLNKDYRANDTVPPTIPYNQSYDQNTGGSYNSSDRGSSTSGSQGHKKGARTPKVPKQGGMNWADLLPPPPAHPPPHSNSEEYNISVDESYDQEMPCPVPPARMYLQQDELEEEEDERGPTPPVRGAASSPAAVSYSHQSTATLTPSPQEELQPMLQDCPEETGHMQHQPDRRRQPVSPPPPPRPISPPHTYGYISGPLVSDMDTDAPEEEEDEADMEVAKMQTRRLLLRGLEQTPASSVGDLESSVTGSMINGWGSASEEDNISSGRSSVSSSDGSFFTDADFAQAVAAAAEYAGLKVARRQMQDAAGRRHFHASQCPRPTSPVSTDSNMSAAVMQKTRPAKKLKHQPGHLRRETYTDDLPPPPVPPPAIKSPTAQSKTQLEVRPVVVPKLPSMDARTDRSSDRKGSSYKGREVLDGRQVVDMRTNPGDPREAQEQQNDGKGRGNKAAKRDLPPAKTHLIQEDILPYCRPTFPTSNNPRDPSSSSSMSSRGSGSRQREQANVGRRNIAEMQVLGGYERGEDNNEELEETES, 196.79, 84.01, 1.25
390, Q15751, HERC1_HUMAN Probable E3 ubiquitin-protein ligase HERC1, 7465, IDR_0, 120, 157, KYHDKGKVKQQQHSPESSSGSADVHSVSERPRSSTDAL, 42.25, 16.97, 1.18, IDR_1, 310, 365, LGSSADRSQWREPTRTSDGLCSLYEAALCLFEEVCRMASDYSRTCASPDSIQTGDA, 51.05, 21.32, 1.17, IDR_2, 456, 470, SIKKVSSSKGSDGHT, 24.35, 9.48, 1.08, IDR_3, 691, 711, NNSMGQCGQGNSTGPITKPKK, 30.21, 12.44, 1.14, IDR_4, 1316, 1705, IQTRSSSRDRWISENQDSADVDPQEHSFTRTIDEEAEMEEQAERDREEGHPEPEDEEEEREHEVMTAGKIFQCFLSAREVARSRDRDRMNSGAGSGARADDPPPQSQQERRVSTDLPEGQDVYTAACNSVIHRCALLILGVSPVIDELQKRREEGQLQQPSTSASEGGGLMTRSESLTAESRLVHTSPNYRLIKSRSESDLSQPESDEEGYALSGRRNVDLDLAASHRKRGPMHSQLESLSDSWARLKHSRDWLCNSSYSFESDFDLTKSLGVHTLIENVVSFVSGDVGNAPGFKEPEESMSTSPQASIIAMEQQQLRAELRLEALHQILVLLSGMEEKGSISLAGSRLSSGFQSSTLLTSVRLQFLAGCFGLGTVGHTGGKGESGRLHH, 142.61, 61.91, 1.24, IDR_5, 1859, 1888, LHMASFGEGEQEDGEEEEKKVDSSGETEKK, 34.93, 14.33, 1.1, IDR_6, 2010, 2029, EQEIKLQKQGELEEEDENLP, 30.39, 11.62, 1.17, IDR_7, 2253, 2290, QKLKKSRSVQSREENEMREEKESKEEEKGKHTRHGLAD, 40.56, 16.71, 1.14, IDR_8, 2403, 2500, HEDMGKQSTKRHEKKHRHESEEKGDVEQKPESESALDMRTGLTSDDVKSQSTTSSKSENEIASFSLDPTLPSVESQHQITEGKRKNHEHMSKNHDVAQ, 70.11, 29.76, 1.22, IDR_9, 2537, 2552, VLAENGHNSDCASSPV, 25.57, 9.96, 1.1, IDR_10, 2607, 2957, DQFGGKIKQEIDQQAEESDPAQQAQTPVTTSPSASSTTSFMSSSLEDTTTATTPVTDTETVPASESPGVMPLSLLRQMFSSYPTTTVLPTRRAQTPPISSLPTSPSDEVGRRQSLTSPDSQSARPANRTALSDPSSRLSTSPPPPAIAVPLLEMGFSLRQIAKAMEATGARGEADAQNITVLAMWMIEHPGHEDEEEPQSGSTADSRPGAAVLGSGGKSNDPCYLQSPGDIPSADAAEMEEGFSESPDNLDHTENAASGSGPSARGRSAVTRRHKFDLAARTLLARAAGLYRSVQAHRNQSRREGISLQQDPGALYDFNLDEELEIDLDDEAMEAMFGQDLTSDNDILGMW, 142.7, 62.28, 1.31, IDR_11, 3002, 3128, CGRSANRQGYRSNGSYVDGWFGGECGSGNPYYLLCGTCREKYLAMKTKSKSTSSERYKGQAPDLIGKQDSVYEEDWDMLDVDEDEKLTGEEEFELLAGPLGLNDRRIVPEPVQFPDSDPLGASVAMV, 77.26, 33.49, 1.18, IDR_12, 3231, 3258, GRAGLSTSPSAMASTSERSRGGHSKANK, 35.69, 14.04, 1.16, IDR_13, 4846, 4861, MLSRNVDNAEGSDTDY, 23.56, 9.7, 1.01
391, Q8TEW0, PARD3_HUMAN Partitioning defective 3 homolog, 7358, IDR_0, 77, 265, AVFDEQDPHHGGDGTSASSTGTQSPEIFGSELGTNNVSAFQPYQATSEIEVTPSVLRANMPLHVRRSSDPALIGLSTSVSDSNFSSEEPSRKNPTRWSTTAGFLKQNTAGSPKTCDRKKDENYRSLPRDTSNWSNQFQRDNARSSLSASHPMVGKWLEKQEQDEDGTEEDNSRVEPVGHADTGLEHIPN, 96.5, 40.68, 1.21, IDR_1, 364, 455, EQYEQLSQSEKNNYYSSRFSPDSQYIDNRSVNSAGLHTVQRAPRLNHPPEQIDSHSRLPHSAHPSGKPPSAPASAPQNVFSTTVSSGYNTKK, 64.76, 28.28, 1.16, IDR_2, 554, 610, RELNAEPSQMQIPKETKAEDEDIVLTPDGTREFLTFEVPLNDSGSAGLGVSVKGNRS, 53.82, 22.75, 1.23, IDR_3, 688, 1048, NELKSPGSPPGPELPIETALDDRERRISHSLYSGIEGLDESPSRNAALSRIMGESGKYQLSPTVNMPQDDTVIIEDDRLPVLPPHLSDQSSSSSHDDVGFVTADAGTWAKAAISDSADCSLSPDVDPVLAFQREGFGRQSMSEKRTKQFSDASQLDFVKTRKSKSMDLGIADETKLNTVDDQKAGSPSRDVGPSLGLKKSSSLESLQTAVAEVTLNGDIPFHRPRPRIIRGRGCNESFRAAIDKSYDKPAVDDDDEGMETLEEDTEESSRSGRESVSTASDQPSHSLERQMNGNQEKGDKTDRKKDKTGKEKKKDRDKEKDKMKAKKGMLKGLGDMFRFGKHRKDDKIEKTGKIKIQESFT, 146.0, 62.34, 1.32, IDR_4, 1086, 1356, FHRTFGCDDELMYGGVSSYEGSMALNARPQSPREGHMMDALYAQVKKPRNSKPSPVDSNRSTPSNHDRIQRLRQEFQQAKQDEDVEDRRRTYSFEQPWPNARPATQSGRHSVSVEVQMQRQRQEERESSQQAQRQYSSLPRQSRKNASSVSQDSWEQNYSPGEGFQSAKENPRYSSYQGSRNGYLGGHGFNARVMLETQELLRQEQRRKEQQMKKQPPSEGPSNYDSYKKVQDPSYAPPKGPFRQDVPPSPSQVARLNRLQTPEKGRPFYS, 96.72, 43.25, 1.01
392, P21675, TAF1_HUMAN Transcription initiation factor TFIID subunit 1, 7315, IDR_0, 1, 333, MGPGCDLLLRTAATITAAAIMSDTDSDEDSAGGGPFSLAGFLFGNINGAGQLEGESVLDDECKKHLAGLGALGLGSLITELTANEELTGTDGALVNDEGWVRSTEDAVDYSDINEVAEDESRRYQQTMGSLQPLCHSDYDEDDYDADCEDIDCKLMPPPPPPPGPMKKDKDQDSITGEKVDFSSSSDSESEMGPQEATQAESEDGKLTLPLAGIMQHDATKLLPSVTELFPEFRPGKVLRFLRLFGPGKNVPSVWRSARRKRKKKHRELIQEEQIQEVECSVESEVSQKSLWNYDYAPPPPPEQCLSDDEITMMAPVESKFSQSTGDIDKVTD, 138.32, 59.34, 1.3, IDR_1, 502, 661, LDPNDENLILEIPDEKEEATSNSPSKESKKESSLKKSRILLGKTGVIKEEPQQNMSQPEVKDPWNLSNDEYYYPKQQGLRGTFGGNIIQHSIPAVELRQPFFPTHMGPIKLRQFHRPPLKKYSFGALSQPGPHSVQPLLKHIKKKAKMREQERQASGGGE, 91.74, 38.3, 1.25, IDR_2, 969, 992, PNKPTQQKDDKEPQPVKKTVTGTD, 35.24, 14.05, 1.24, IDR_3, 1033, 1162, STEQARSGEGPMSKFARGSRFSVAEHQERYKEECQRIFDLQNKVLSSTEVLSTDTDSSSAEDSDFEEMGKNIENMLQNKKTSSQLSREREEQERKELQRMLLAAGSAASGNNHRDDDTASVTSLNSSATG, 79.45, 34.0, 1.2, IDR_4, 1238, 1378, QEKEKLKGPPEKKPKKMKERPDLKLKCGACGAIGHMRTNKFCPLYYQTNAPPSNPVAMTEEQEEELEKTVIHNDNEELIKVEGTKIVLGKQLIESADEVRRKSLVLKFPKQQLPPKKKRRVGTTVHCDYLNRPHKSIHRRR, 87.47, 37.17, 1.27, IDR_5, 1630, 1872, ELESLDPMTPGPYTPQPPDLYDTNTSLSMSRDASVFQDESNMSVLDIPSATPEKQVTQEGEDGDGDLADEEEGTVQQPQASVLYEDLLMSEGEDDEEDAGSDEEGDNPFSAIQLSESGSDSDVGSGGIRPKQPRMLQENTRMDMENEESMMSYEGDGGEASHGLEDSNISYGSYEEPDPKSNTQDTSFSSIGGYEVSEEEEDEEEEEQRSGPSVLSQVHLSEDEEDSEDFHSIAGDSDLDSDE, 140.49, 56.96, 1.55
393, Q5SXM2, SNPC4_HUMAN snRNA-activating protein complex subunit 4, 7260, IDR_0, 1, 83, MDVDAEREKITQEIKELERILDPGSSGSHVEISESSLESDSEADSLPSEDLDPADPPISEEERWGEASNDEDDPKDKTLPEDP, 76.75, 31.03, 1.44, IDR_1, 123, 164, AGSKGTKVKDGKSLPPSTYMGHFMKPYFKDKVTGVGPPANED, 46.42, 19.34, 1.23, IDR_2, 500, 772, GKKQGLRRRRRRARHSVRWSSTSSSGSSSGSSGGSSSSSSSSSEEDEPEQAQAGEGDRALLSPQYMVPDMDLWVPARQSTSQPWRGGAGAWLGGPAASLSPPKGSSASQGGSKEASTTAAAPGEETSPVQVPARAHGPVPRSAQASHSADTRPAGAEKQALEGGRRLLTVPVETVLRVLRANTAARSCTQKEQLRQPPLPTSSPGVSSGDSVARSHVQWLRHRATQSGQRRWRHALHRRLLNRRLLLAVTPWVGDVVVPCTQASQRPAVVQTQ, 114.43, 50.48, 1.19, IDR_3, 812, 1345, RKALPPRLPQAGARDPPVHLLQASSSAQSTPGHLFPNVPAQEASKSASHKGSRRLASSRVERTLPQASLLASTGPRPKPKTVSELLQEKRLQEARAREATRGPVVLPSQLLVSSSVILQPPLPHTPHGRPAPGPTVLNVPLSGPGAPAAAKPGTSGSWQEAGTSAKDKRLSTMQALPLAPVFSEAEGTAPAASQAPALGPGQISVSCPESGLGQSQAPAASRKQGLPEAPPFLPAAPSPTPLPVQPLSLTHIGGPHVATSVPLPVTWVLTAQGLLPVPVPAVVSLPRPAGTPGPAGLLATLLPPLTETRAAQGPRAPALSSSWQPPANMNREPEPSCRTDTPAPPTHALSQSPAEADGSVAFVPGEAQVAREIPEPRTSSHADPPEAEPPWSGRLPAFGGVIPATEPRGTPGSPSGTQEPRGPLGLEKLPLRQPGPEKGALDLEKPPLPQPGPEKGALDLGLLSQEGEAATQQWLGGQRGVRVPLLGSRLPYQPPALCSLRALSGLLLHKKALEHKATSLVVGGEAERPAGALQ, 201.3, 85.03, 1.49, IDR_4, 1381, 1469, LAPQGVRTTLSVPSRVGSESEDEDLLSELELADRDGQPGCTTATCPIQGAPDSGKCSASSCLDTSNDPDDLDVLRTRHARHTRKRRRLV, 66.49, 28.48, 1.21
394, Q92738, US6NL_HUMAN USP6 N-terminal-like protein, 7187, IDR_0, 356, 828, LPEPGKEDEYPKKPLGQLPPELQSWGVHHLSNGQRSVGRPSPLASGRRESGAPHRRHEHSPHPQSRTGTPERAQPPRRKSVEEESKKLKDEADFQRKLPSGPQDSSRQYNHAAANQNSNATSNIRKEFVPKWNKPSDVSATERTAKYTMEGKGRAAHPALAVTVPGPAEVRVSNVRPKMKALDAEDGKRGSTASQYDNVPGPELDSGASVEEALERAYSQSPRHALYPPSPRKHAEPSSSPSKVSNKFTFKVQPPSHARYPSQLDGEARGLAHPPSYSNPPVYHGNSPKHFPTANSSFASPQFSPGTQLNPSRRPHGSTLSVSASPEKSYSRPSPLVLPSSRIEVLPVDTGAGGYSGNSGSPKNGKLIIPPVDYLPDNRTWSEVSYTYRPETQGQSWTRDASRGNLPKYSAFQLAPFQDHGLPAVSVDSPVRYKASPAAEDASPSGYPYSGPPPPAYHYRNRDGLSIQESVLL, 156.02, 67.54, 1.23
395, O43683, BUB1_HUMAN Mitotic checkpoint serine/threonine-protein kinase BUB1, 7073, IDR_0, 151, 223, HLPAQARTSEPLHNVQVLNQMITSKSNPGNNMACISKNQGSELSGVISSACDKESNMERRVITISKSEYSVHS, 60.64, 25.43, 1.22, IDR_1, 303, 686, VVETSHEDLPASQERSEVNPARMGPSVGSQQELRAPCLPVTYQQTPVNMEKNPREAPPVVPPLANAISAALVSPATSQSIAPPVPLKAQTVTDSMFAVASKDAGCVNKSTHEFKPQSGAEIKEGCETHKVANTSSFHTTPNTSLGMVQATPSKVQPSPTVHTKEALGFIMNMFQAPTLPDISDDKDEWQSLDQNEDAFEAQFQKNVRSSGAWGVNKIISSLSSAFHVFEDGNKENYGLPQPKNKPTGARTFGERSVSRLPSKPKEEVPHAEEFLDDSTVWGIRCNKTLAPSPKSPGDFTSAAQLASTPFHKLPVESVHILEDKENVVAKQCTQATLDSCEENMVVPSRDGKFSPIQEKSPKQALSSHMYSASLLRLSQPAAGGV, 155.03, 64.72, 1.36
396, Q5T200, ZC3HD_HUMAN Zinc finger CCCH domain-containing protein 13, 7071, IDR_0, 1, 156, MSKIRRKVTVENTKTISDSTSRRPSVFERLGPSTGSTAETQCRNWLKTGNCLYGNTCRFVHGPSPRGKGYSSNYRRSPERPTGDLRERMKNKRQDVDTEPQKRNTEESSSPVRKESSRGRHREKEDIKITKERTPESEEENVEWETNRDDSDNGDI, 86.8, 37.25, 1.2, IDR_1, 194, 1515, KKEVSPEVVRSKLSPSPSLRKSSKSPKRKSSPKSSSASKKDRKTSAVSSPLLDQQRNSKTNQSKKKGPRTPSPPPPIPEDIALGKKYKEKYKVKDRIEEKTRDGKDRGRDFERQREKRDKPRSTSPAGQHHSPISSRHHSSSSQSGSSIQRHSPSPRRKRTPSPSYQRTLTPPLRRSASPYPSHSLSSPQRKQSPPRHRSPMREKGRHDHERTSQSHDRRHERREDTRGKRDREKDSREEREYEQDQSSSRDHRDDREPRDGRDRRDARDTRDRRELRDSRDMRDSREMRDYSRDTKESRDPRDSRSTRDAHDYRDREGRDTHRKEDTYPEESRSYGRNHLREESSRTEIRNESRNESRSEIRNDRMGRSRGRVPELPEKGSRGSRGSQIDSHSSNSNYHDSWETRSSYPERDRYPERDNRDQARDSSFERRHGERDRRDNRERDQRPSSPIRHQGRNDELERDERREERRVDRVDDRRDERARERDRERERDRERERERERERDREREKERELERERAREREREREKERDRERDRDRDHDRERERERERDREKEREREREERERERERERERERERERERERARERDKERERQRDWEDKDKGRDDRREKREEIREDRNPRDGHDERKSKKRYRNEGSPSPRQSPKRRREHSPDSDAYNSGDDKNEKHRLLSQVVRPQESRSLSPSHLTEDRQGRWKEEDRKPERKESSRRYEEQELKEKVSSVDKQREQTEILESSRMRAQDIIGHHQSEDRETSDRAHDENKKKAKIQKKPIKKKKEDDVGIERGNIETTSEDGQVFSPKKGQKKKSIEKKRKKSKGDSDISDEEAAQQSKKKRGPRTPPITTKEELVEMCNGKNGILEDSQKKEDTAFSDWSDEDVPDRTEVTEAEHTATATTPGSTPSPLSSLLPPPPPVATATATTVPATLAATTAAAATSFSTSAITISTSATPTNTTNNTFANEDSHRKCHRTRVEKVETPHVTIEDAQHRKPMDQKRSSSLGSNRSNRSHTSGRLRSPSNDSAHRSGDDQSGRKRVLHSGSRDREKTKSLEITGERKSRIDQLKRGEPSRSTSSDRQDSRSHSSRRSSPESDRQVHSRSGSFDSRDRLQERDRYEHDRERERERRDTRQREWDRDADKDWPRNRDRDRLRERERERERDKRRDLDRERERLISDSVERDRDRDRDRTFESSQIESVKRCEAKLEGEHERDLESTSRDSLALDKERMDKDLGSVQGFEETNKSERTESLEGDDESKLDDAHSLGSGAGEGYEPISDDELDEILAGDAEKREDQQDEEKMPDPLDVIDVDWSGLMPKHPKEPREPG, 284.1, 122.98, 1.34, IDR_2, 1640, 1668, KTTCHAPGHEKTEDNKLSQSSIQQELCVS, 36.12, 14.56, 1.16
397, Q8N302, AGGF1_HUMAN Angiogenic factor with G patch and FHA domains 1, 7051, IDR_0, 1, 20, MASEAPSPPRSPPPPTSPEP, 37.26, 14.87, 1.41, IDR_1, 82, 404, RNEDNKKSDVEVQTENHAPWSISDYFYQTYYNDVSLPNKVTELSDQQDQAIETSILNSKDHLQVENDAYPGTDRTENVKYRQVDHFASNSQEPASALATEDTSLEGSSLAESLRAAAEAAVSQTGFSYDENTGLYFDHSTGFYYDSENQLYYDPSTGIYYYCDVESGRYQFHSRVDLQPYPTSSTKQSKDKKLKKKRKDPDSSATNEEKDLNSEDQKAFSVEHTSCNEEENFANMKKKAKIGIHHKNSPPKVTVPTSGNTIESPLHENISNSTSFKDEKIMETDSEPEEGEITDSQTEDSYDEAITSEGNVTAEDSEDEDEDK, 131.67, 53.74, 1.26, IDR_2, 570, 714, GLQNTEYEDEKTLKNPKYKDRAGKRREQVGSEGTFQRDDAPASVHSEITDSNKGRKMLEKMGWKKGEGLGKDGGGMKTPIQLQLRRTHAGLGTGKPSSFEDVHLLQNKNKKNWDKARERFTENFPETKPQKDDPGTMPWVKGTLE, 86.49, 36.61, 1.24
398, P58317, ZN121_HUMAN Zinc finger protein 121, 6885, IDR_0, 1, 137, MAEIHNGGELCDFMENGEIFSEHSCLNAHMGTENTGDTYDCDEYGENFPMLHNSAPAGETLSVLNQCRKAFSLPPNVHQRTWIGDKSFEYSDCEEAFVDQSHLQANRITHNGETLYEQKQCGRAFTYSTSHAVSVKM, 76.4, 32.4, 1.12
399, Q92997, DVL3_HUMAN Segment polarity protein dishevelled homolog DVL-3, 6824, IDR_0, 87, 239, DPAPFCADNPSELPPPMERTGGIGDSRPPSFHPHAGGGSQENLDNDTETDSLVSAQRERPRRRDGPEHATRLNGTAKGERRREPGGYDSSSTLMSSELETTSFFDSDEDDSTSRFSSSTEQSSASRLMRRHKRRRRKQKVSRIERSSSFSSIT, 81.94, 35.29, 1.14, IDR_1, 368, 396, MTGTFPAYGMSPSLSTITSTSSSITSSIP, 38.32, 15.39, 1.22, IDR_2, 504, 716, LSLHDHDGSSGASDQDTLAPLPHPGAAPWPMAFPYQYPPPPHPYNPHPGFPELGYSYGGGSASSQHSEGSRSSGSNRSGSDRRKEKDPKAGDSKSGGSGSESDHTTRSSLRGPRERAPSERSGPAASEHSHRSHHSLASSLRSHHTHPSYGPPGVPPLYGPPMLMMPPPPAAMGPPGAPPGRDLASVPPELTASRQSFRMAMGNPSEFFVDVM, 104.78, 44.78, 1.23
400, P08519, APOA_HUMAN Apolipoprotein(a), 6673, IDR_0, 1, 26, MEHKEVVLLLLLFLKSAAPEQSHVVQ, 34.34, 14.23, 1.16, IDR_1, 107, 144, DAEGTAVAPPTVTPVPSLEAPSEQAPTEQRPGVQECYH, 45.19, 18.61, 1.26, IDR_2, 221, 257, DAEGTAVAPPTVTPVPSLEAPSEQAPTEQRPGVQECY, 45.3, 18.53, 1.27, IDR_3, 335, 370, DAEGTAVAPPTVTPVPSLEAPSEQAPTEQRPGVQEC, 45.43, 18.34, 1.3, IDR_4, 449, 484, DAEGTAVAPPTVTPVPSLEAPSEQAPTEQRPGVQEC, 45.43, 18.34, 1.3, IDR_5, 563, 598, DAEGTAVAPPTVTPVPSLEAPSEQAPTEQRPGVQEC, 45.43, 18.34, 1.3, IDR_6, 677, 712, DAEGTAVAPPTVTPVPSLEAPSEQAPTEQRPGVQEC, 45.43, 18.34, 1.3, IDR_7, 791, 826, DAEGTAVAPPTVTPVPSLEAPSEQAPTEQRPGVQEC, 45.43, 18.34, 1.3, IDR_8, 905, 941, DAEGTAVAPPTVTPVPSLEAPSEQAPTEQRPGVQECY, 45.3, 18.53, 1.27, IDR_9, 1019, 1056, DAEGTAVAPPTVTPVPSLEAPSEQAPTEQRPGVQECYH, 45.19, 18.61, 1.26, IDR_10, 1133, 1171, DAEGTAVAPPTVTPVPSLEAPSEQAPTEQRPGVQECYHG, 45.7, 18.88, 1.25, IDR_11, 1247, 1286, DAEGTAVAPPTVTPVPSLEAPSEQAPTEQRPGVQECYHGN, 46.12, 19.1, 1.25, IDR_12, 1361, 1402, DAEGTAVAPPTVTPVPSLEAPSEQAPTEQRPGVQECYHGNGQ, 46.88, 19.4, 1.24, IDR_13, 1475, 1518, DAEGTAVAPPTVTPVPSLEAPSEQAPTEQRPGVQECYHGNGQSY, 46.51, 19.71, 1.2, IDR_14, 1589, 1633, DAEGTAVAPPTVTPVPSLEAPSEQAPTEQRPGVQECYHGNGQSYR, 46.19, 19.85, 1.18, IDR_15, 1703, 1748, DAEGTAVAPPTVTPVPSLEAPSEQAPTEQRPGVQECYHGNGQSYRG, 46.79, 20.05, 1.18, IDR_16, 1817, 1863, DAEGTAVAPPTVTPVPSLEAPSEQAPTEQRPGVQECYHGNGQSYRGT, 47.85, 20.29, 1.2, IDR_17, 1931, 1977, DAEGTAVAPPTVTPVPSLEAPSEQAPTEQRPGVQECYHGNGQSYRGT, 47.85, 20.29, 1.2, IDR_18, 2045, 2092, DAEGTAVAPPTVTPVPSLEAPSEQAPTEQRPGVQECYHGNGQSYRGTY, 45.53, 20.33, 1.13, IDR_19, 2159, 2206, DAEGTAVAPPTVTPVPSLEAPSEQAPTEQRPGVQECYHGNGQSYRGTY, 45.53, 20.33, 1.13, IDR_20, 2273, 2346, DAEGTAVAPPTVTPVPSLEAPSEQAPTEQRPGVQECYHGNGQSYRGTYSTTVTGRTCQAWSSMTPHSHSRTPEY, 58.82, 24.3, 1.18, IDR_21, 2387, 2460, DAEGTAVAPPTVTPVPSLEAPSEQAPTEQRPGVQECYHGNGQSYRGTYSTTVTGRTCQAWSSMTPHSHSRTPEY, 58.82, 24.3, 1.18, IDR_22, 2501, 2574, DAEGTAVAPPTVTPVPSLEAPSEQAPTEQRPGVQECYHGNGQSYRGTYSTTVTGRTCQAWSSMTPHSHSRTPEY, 58.82, 24.3, 1.18, IDR_23, 2615, 2662, DAEGTAVAPPTVTPVPSLEAPSEQAPTEQRPGVQECYHGNGQSYRGTY, 45.53, 20.33, 1.13, IDR_24, 2729, 2775, DAEGTAVAPPTVTPVPSLEAPSEQAPTEQRPGVQECYHGNGQSYRGT, 47.85, 20.29, 1.2, IDR_25, 2843, 2889, DAEGTAVAPPTVTPVPSLEAPSEQAPTEQRPGVQECYHGNGQSYRGT, 47.85, 20.29, 1.2, IDR_26, 2957, 3002, DAEGTAVAPPTVTPVPSLEAPSEQAPTEQRPGVQECYHGNGQSYRG, 46.79, 20.05, 1.18, IDR_27, 3071, 3113, DAEGTAVAPPTVTPVPSLEAPSEQAPTEQRPGVQECYHGNGQS, 47.15, 19.69, 1.23, IDR_28, 3185, 3225, DAEGTAVAPPTVTPVPSLEAPSEQAPTEQRPGVQECYHGNG, 46.78, 19.38, 1.25, IDR_29, 3300, 3336, AEGTAVAPPTVTPVPSLEAPSEQAPTEQRPGVQECYH, 44.42, 18.26, 1.25, IDR_30, 3415, 3445, EGTAVAPPTITPIPSLEAPSEQAPTEQRPGV, 41.55, 16.9, 1.28, IDR_31, 3652, 3685, VVPDPSTEASSEEAPTEQSPGVQDCYHGDGQSYR, 40.01, 16.19, 1.18, IDR_32, 3755, 3791, VTESSVLATSTAVSEQAPTEQSPTVQDCYHGDGQSYR, 41.35, 16.86, 1.17, IDR_33, 3863, 3909, ESTLLTTPTVVPVPSTELPSEEAPTENSTGVQDCYRGDGQSYRGTLS, 49.15, 20.34, 1.24, IDR_34, 3974, 4164, PVTESSVLTTPTVAPVPSTEAPSEQAPPEKSPVVQDCYHGDGRSYRGISSTTVTGRTCQSWSSMIPHWHQRTPENYPNAGLTENYCRNPDSGKQPWCYTTDPCVRWEYCNLTQCSETESGVLETPTVVPVPSMEAHSEAAPTEQTPVVRQCYHGNGQSYRGTFSTTVTGRTCQSWSSMTPHRHQRTPENYP, 90.9, 37.6, 1.13, IDR_35, 4217, 4235, VPSLGPPSEQDCMFGNGKG, 29.79, 11.54, 1.18
401, Q9C0C7, AMRA1_HUMAN Activating molecule in BECN1-regulated autophagy protein 1, 6635, IDR_0, 202, 805, PSNQQGDDEPEIPIDGTELSHYRQRALLQSQPVRRTPLLHNFLHMLSSRSSGIQVGEQSTVQDSATPSPPPPPPQPSTERPRTSAYIRLRQRVSYPTAECCQHLGILCLCSRCSGTRVPSLLPHQDSVPPASARATTPSFSFVQTEPFHPPEQASSTQQDQGLLNRPSAFSTVQSSTAGNTLRNLSLGPTRRSLGGPLSSHPSRYHREIAPGLTGSEWTRTVLSLNSRSEAESMPPPRTSASSVSLLSVLRQQEGGSQASVYTSATEGRGFPASGLATESDGGNGSSQNNSGSIRHELQCDLRRFFLEYDRLQELDQSLSGEAPQTQQAQEMLNNNIESERPGPSHQPTPHSSENNSNLSRGHLNRCRACHNLLTFNNDTLRWERTTPNYSSGEASSSWQVPSSFESVPSSGSQLPPLERTEGQTPSSSRLELSSSASPQEERTVGVAFNQETGHWERIYTQSSRSGTVSQEALHQDMPEESSEEDSLRRRLLESSLISLSRYDGAGSREHPIYPDPARLSPAAYYAQRMIQYLSRRDSIRQRSMRYQQNRLRSSTSSSSSDNQGPSVEGTDLEFEDFEDNGDRSRHRAPRNARMSAPSLGRFV, 161.77, 71.37, 1.13, IDR_1, 1059, 1298, VHSNSRSSERPGTSRATWRTDRDMGLMNAIGLQPRNPATSVTSQGTQTLALQLQNAETQTEREVPEPGTAASGPGEGEGSEYGASGEDALSRIQRLMAEGGMTAVVQREQSTTMASMGGFGNNIIVSHRIHRSSQTGTEPGAAHTSSPQPSTSRGLLPEAGQLAERGLSPRTASWDQPGTPGREPTQPTLPSSSPVPIPVSLPSAEGPTLHCELTNNNHLLDGGSSRGDAAGPRGEPRNR, 117.09, 49.57, 1.3
402, Q86WP2, GPBP1_HUMAN Vasculin, 6601, IDR_0, 1, 406, MAQHDFAPAWLNFPTPPSSTKSSLNFEKHSENFAWTENRYDVNRRRHNSSDGFDSAIGRPNGGNFGRKEKNGWRTHGRNGTENINHRGGYHGGSSRSRSSIFHAGKSQGLHENNIPDNETGRKEDKRERKQFEAEDFPSLNPEYEREPNHNKSLAAGVWEYPPNPKSRAPRMLVIKKGNTKDLQLSGFPVVGNLPSQPVKNGTGPSVYKGLVPKPAAPPTKPTQWKSQTKENKVGTSFPHESTFGVGNFNAFKSTAKNFSPSTNSVKECNRSNSSSPVDKLNQQPRLTKLTRMRTDKKSEFLKALKRDRVEEEHEDESRAGSEKDDDSFNLHNSNSTHQERDINRNFDENEIPQENGNASVISQQIIRSSTFPQTDVLSSSLEAEHRLLKEMGWQEDSENDETCAP, 135.02, 59.59, 1.15, IDR_1, 448, 473, NSTFKPTTENDDTETSSSDTSDDDDV, 35.34, 14.33, 1.19
403, P54792, DVLP1_HUMAN Putative segment polarity protein dishevelled homolog DVL1P1, 6581, IDR_0, 88, 242, HSDAGSQGTDSHTDLPPPLERTGGIGDSRSPSFQPDVASSRDGMDNETGTESMVSHRRDRARRRNREEAARTNGHPRGDRRRDVGLPPDSASTALSSELESSSFVDSDEDDSTSRLSSSTEQSTSSRLIRKHKRRRRKQRLRQADRASSFSSMTD, 80.71, 35.82, 1.11, IDR_1, 482, 670, LNLNSGSSGTSDQDTLAPLPHPAAPWPLGQGYPYQYPGPPPCFPPAYQDPGFSYGSGSTGSQQSEGSKSSGSTRNTLRPPACEKERRAAGSGDSDSESDHTAPSGVGSSWRERPADQLSRGSSPRSQASSYAPGLPPPHPTTKAYTVVGGPPGGPPVRELAAVPPELTGSRQSFQKAMGNPCEFFVDIM, 99.19, 42.22, 1.24
404, O14640, DVL1_HUMAN Segment polarity protein dishevelled homolog DVL-1, 6581, IDR_0, 87, 241, AHSDAGSQGTDSHTDLPPPLERTGGIGDSRPPSFHPNVASSRDGMDNETGTESMVSHRRERARRRNREEAARTNGHPRGDRRRDVGLPPDSASTALSSELESSSFVDSDEDGSTSRLSSSTEQSTSSRLIRKHKRRRRKQRLRQADRASSFSSIT, 83.0, 36.21, 1.15, IDR_1, 371, 409, TGALPRYGTSPCSSAVTRTSSSSLTSSVPGAPQLEEAPL, 45.22, 17.96, 1.24, IDR_2, 507, 695, LNLNSGSSGTSDQDTLAPLPHPAAPWPLGQGYPYQYPGPPPCFPPAYQDPGFSYGSGSTGSQQSEGSKSSGSTRSSRRAPGREKERRAAGAGGSGSESDHTAPSGVGSSWRERPAGQLSRGSSPRSQASATAPGLPPPHPTTKAYTVVGGPPGGPPVRELAAVPPELTGSRQSFQKAMGNPCEFFVDIM, 98.84, 42.17, 1.24
405, Q5VU97, CAHD1_HUMAN VWFA and cache domain-containing protein 1, 6535, IDR_0, 1, 36, MARQPEEEETAVARARRPPLWLLCLVACWLLGAGAE, 42.29, 17.19, 1.21, IDR_1, 1070, 1274, AKSPYVDDMGAIGDEVITLNMIKSAPVGPVAGGIMGCIMVLVLAVYAYRHQIHRRSHQHMSPLAAQEMSVRMSNLENDRDERDDDSHEDRGIISNTRFIAAVIERHAHSPERRRRYWGRSGTESDHGYSTMSPQEDSENPPCNNDPLSAGVDVGNHDEDLDLDTPPQTAALLSHKFHHYRSHHPTLHHSHHLQAAVTVHTVDAEC, 93.94, 39.32, 1.13
406, Q8NDV7, TNR6A_HUMAN Trinucleotide repeat-containing gene 6A protein, 6533, IDR_0, 1, 1778, MRELEAKATKDVERNLSRDLVQEEEQLMEEKKKKKDDKKKKEAAQKKATEQKIKVPEQIKPSVSQPQPANSNNGTSTATSTNNNAKRATANNQQPQQQQQQQQPQQQQPQQQPQPQPQQQQPQQQPQALPRYPREVPPRFRHQEHKQLLKRGQHFPVIAANLGSAVKVLNSQSESSALTNQQPQNNGEVQNSKNQSDINHSTSGSHYENSQRGPVSSTSDSSTNCKNAVVSDLSEKEAWPSAPGSDPELASECMDADSASSSESERNITIMASGNTGGEKDGLRNSTGLGSQNKFVVGSSSNNVGHGSSTGPWGFSHGAIISTCQVSVDAPESKSESSNNRMNAWGTVSSSSNGGLNPSTLNSASNHGAWPVLENNGLALKGPVGSGSSGINIQCSTIGQMPNNQSINSKVSGGSTHGTWGSLQETCESEVSGTQKVSFSGQPQNITTEMTGPNNTTNFMTSSLPNSGSVQNNELPSSNTGAWRVSTMNHPQMQAPSGMNGTSLSHLSNGESKSGGSYGTTWGAYGSNYSGDKCSGPNGQANGDTVNATLMQPGVNGPMGTNFQVNTNKGGGVWESGAANSQSTSWGSGNGANSGGSRRGWGTPAQNTGTNLPSVEWNKLPSNQHSNDSANGNGKTFTNGWKSTEEEDQGSATSQTNEQSSVWAKTGGTVESDGSTESTGRLEEKGTGESQSRDRRKIDQHTLLQSIVNRTDLDPRVLSNSGWGQTPIKQNTAWDTETSPRGERKTDNGTEAWGSSATQTFNSGACIDKTSPNGNDTSSVSGWGDPKPALRWGDSKGSNCQGGWEDDSAATGMVKSNQWGNCKEEKAAWNDSQKNKQGWGDGQKSSQGWSVSASDNWGETSRNNHWGEANKKSSSGGSDSDRSVSGWNELGKTSSFTWGNNINPNNSSGWDESSKPTPSQGWGDPPKSNQSLGWGDSSKPVSSPDWNKQQDIVGSWGIPPATGKPPGTGWLGGPIPAPAKEEEPTGWEEPSPESIRRKMEIDDGTSAWGDPSKYNYKNVNMWNKNVPNGNSRSDQQAQVHQLLTPASAISNKEASSGSGWGEPWGEPSTPATTVDNGTSAWGKPIDSGPSWGEPIAAASSTSTWGSSSVGPQALSKSGPKSMQDGWCGDDMPLPGNRPTGWEEEEDVEIGMWNSNSSQELNSSLNWPPYTKKMSSKGLSGKKRRRERGMMKGGNKQEEAWINPFVKQFSNISFSRDSPEENVQSNKMDLSGGMLQDKRMEIDKHSLNIGDYNRTVGKGPGSRPQISKESSMERNPYFDKDGIVADESQNMQFMSSQSMKLPPSNSALPNQALGSIAGLGMQNLNSVRQNGNPSMFGVGNTAAQPRGMQQPPAQPLSSSQPNLRAQVPPPLLSPQVPVSLLKYAPNNGGLNPLFGPQQVAMLNQLSQLNQLSQISQLQRLLAQQQRAQSQRSVPSGNRPQQDQQGRPLSVQQQMMQQSRQLDPNLLVKQQTPPSQQQPLHQPAMKSFLDNVMPHTTPELQKGPSPINAFSNFPIGLNSNLNVNMDMNSIKEPQSRLRKWTTVDSISVNTSLDQNSSKHGAISSGFRLEESPFVPYDFMNSSTSPASPPGSIGDGWPRAKSPNGSSSVNWPPEFRPGEPWKGYPNIDPETDPYVTPGSVINNLSINTVREVDHLRDRNSGSSSSLNTTLPSTSAWSSIRASNYNVPLSSTAQSTSARNSDSKLTWSPGSVTNTSLAHELWKVPLPPKNITAPSRPPPGLTGQKPPLSTWDNSPLRIGGGWGNSDARYTPGSSWGESSSGR, 266.21, 120.62, 1.09, IDR_1, 1861, 1962, AQSQSLTPSPGWQSLGSSQSRLGSLDCSHSFSSRTDLNHWNGAGLSGTNCGDLHGTSLWGTPHYSTSLWGPPSSSDPRGISSPSPINAFLSVDHLGGGGESM, 65.9, 27.63, 1.13
407, Q96PE2, ARHGH_HUMAN Rho guanine nucleotide exchange factor 17, 6378, IDR_0, 1, 1067, MADGAPRPQLYRSVSFKLLERWSGGPGLREEDTDTPGLRRRASCRPTTAARGQPSRRVSKLASGPLAAPAQPRPLRSLSPSVRQLSRRFDAPRLDDGSAGTRDGGVLPAAAEEAAEGPARGAWPSVTEMRKLFGGPGSRRPSADSESPGTPSPDGAAWEPPARESRQPPTPPPRTCFPLAGLRSARPLTGPETEGRLRRPQQQQERAQRPADGLHSWHIFSQPQAGARASCSSSSIAASYPVSRSRAASSSEEEEEGPPQLPGAQSPAYHGGHSSGSDDDRDGEGGHRWGGRPGLRPGSSLLDQDCRPDSDGLNLSSMNSAGVSGSPEPPTSPRAPREEGLREWGSGSPPCVPGPQEGLRPMSDSVGGAFRVAKVSFPSYLASPAGSRGSSRYSSTETLKDDDLWSSRGSGGWGVYRSPSFGAGEGLLRSQARTRAKGPGGTSRALRDGGFEPEKSRQRKSLSNPDIASETLTLLSFLRSDLSELRVRKPGGSSGDRGSNPLDGRDSPSAGGPVGQLEPIPIPAPASPGTRPTLKDLTATLRRAKSFTCSEKPMARRLPRTSALKSSSSELLLTGPGAEEDPLPLIVQDQYVQEARQVFEKIQRMGAQQDDGSDAPPGSPDWAGDVTRGQRSQEELSGPESSLTDEGIGADPEPPVAAFCGLGTTGMWRPLSSSSAQTNHHGPGTEDSLGGWALVSPETPPTPGALRRRRKVPPSGSGGSELSNGEAGEAYRSLSDPIPQRHRAATSEEPTGFSVDSNLLGSLSPKTGLPATSAMDEGLTSGHSDWSVGSEESKGYQEVIQSIVQGPGTLGRVVDDRIAGKAPKKKSLSDPSRRGELAGPGFEGPGGEPIREVEPMLPPSSSEPILVEQRAEPEEPGATRSRAQSERALPEALPPPATAHRNFHLDPKLADILSPRLIRRGSKKRPARSSHQELRRDEGSQDQTGSLSRARPSSRHVRHASVPATFMPIVVPEPPTSVGPPVAVPEPIGFPTRAHPTLQAPSLEDVTKQYMLNLHSGEVPAPVPVDMPCLPLAAPPSAEAKPPEAARPADEPTPASKCCSKPQVDMR, 255.63, 109.21, 1.34, IDR_1, 1558, 1730, GLQPRCHREPPPSLRSPPETAPEPAGPELDVEAAADEEAATLAEPGPQPCLHISIAGSGLEMTPGLGEGDPRPELVPFDSDSDDESSPSPSGTLQSQASRSTISSSFGNEETPSSKEATAETTSSEEEQEPGFLPLSGSFGPGGPCGTSPMDGRALRRSSHGSFTRGSLEDLL, 104.66, 44.42, 1.37, IDR_2, 1945, 2063, TMPTSPGTVSCPRAPLSPTGLGQGHTGHVRFLAAVQLPDGFNLLCPTPPPPPDTGPEKLPSLEHRDSPWHRGPAPARPKMLVISGGDGYEDFRLSSGGGSSSETVGRDDSTNHLLLWRV, 78.69, 33.59, 1.24
408, O75151, PHF2_HUMAN Lysine-specific demethylase PHF2, 6377, IDR_0, 444, 1096, NASKAVRPEVNTVASSDEVCDGDREKEEPPSPIEATPPQSLLEKVSKKKTPKTVKMPKPSKIPKPPKPPKPPRPPKTLKLKDGGKKKGKKSRESASPTIPNLDLLEAHTKEALTKMEPPKKGKATKSVLSVPNKDVVHMQNDVERLEIREQTKSKSEAKWKYKNSKPDSLLKMEEEQKLEKSPLAGNKDNKFSFSFSNKKLLGSKALRPPTSPGVFGALQNFKEDKPKPVRDEYEYVSDDGELKIDEFPIRRKKNAPKRDLSFLLDKKAVLPTPVTKPKLDSAAYKSDDSSDEGSLHIDTDTKPGRNARVKKESGSSAAGILDLLQASEEVGALEYNPSSQPPASPSTQEAIQGMLSMANLQASDSCLQTTWGAGQAKGSSLAAHGARKNGGGSGKSAGKRLLKRAAKNSVDLDDYEEEQDHLDACFKDSDYVYPSLESDEDNPIFKSRSKKRKGSDDAPYSPTARVGPSVPRQDRPVREGTRVASIETGLAAAAAKLSQQEEQKSKKKKSAKRKLTPNTTSPSTSTSISAGTTSTSTTPASTTPASTTPASTSTASSQASQEGSSPEPPPESHSSSLADHEYTAAGTFTGAQAGRTSQPMAPGVFLTQRRPSASSPNNNTAAKGKRTKKGMATAKQRLGKILKIHRNGKLLL, 214.91, 89.82, 1.44
409, P86452, ZBED6_HUMAN Zinc finger BED domain-containing protein 6, 6358, IDR_0, 1, 245, MSVCTLSVPVSSLSPGRRCNTFSDSGILGCVPINSNTDEEDVVEEKMVAEGVNKEAKQPAKKKRKKGLRIKGKRRRKKLILAKKFSKDLGSGRPVADAPALLASNDPEQDEESLFESNIEKQIYLPSTRAKTSIVWHFFHVDPQYTWRAICNLCEKSVSRGKPGSHLGTSTLQRHLQARHSPHWTRANKFGVASGEEDFTLDVSLSPSSGSNGSFEYIPTDPLDDNRMGKKHDKSASDALRAERG, 108.78, 45.59, 1.19, IDR_1, 291, 406, SVSRGRPGSHLGTSTLQRHLQATHPIHWAVANKDSGAVANGLDEAETERSDLLSDTLHGEKSTGSQDLTAEDLSDSDSDEPMLEVENRSESPIPVAEQGTLMRAQERETTCCGNPV, 78.75, 33.21, 1.26, IDR_2, 807, 857, PEICQIPTSEASCPSVTVGADSFTSSLKEGTSSSGSVDSSAVDNVALGSKS, 51.23, 20.78, 1.23, IDR_3, 966, 979, QNEVVQSSEKEILP, 25.45, 9.73, 1.17
410, Q9NSY1, BMP2K_HUMAN BMP-2-inducible protein kinase, 6345, IDR_0, 1, 39, MKKFSRMPKSEGGSGGGAAGGGAGGAGAGAGCGSGGSSV, 41.53, 16.23, 1.15, IDR_1, 322, 1161, DCPVSNINNSSIPSALPEPMTASEAAARKSQIKARITDTIGPTETSIAPRQRPKANSATTATPSVLTIQSSATPVKVLAPGEFGNHRPKGALRPGNGPEILLGQGPPQQPPQQHRVLQQLQQGDWRLQQLHLQHRHPHQQQQQQQQQQQQQQQQQQQQQQQQQQQHHHHHHHHLLQDAYMQQYQHATQQQQMLQQQFLMHSVYQPQPSASQYPTMMPQYQQAFFQQQMLAQHQPSQQQASPEYLTSPQEFSPALVSYTSSLPAQVGTIMDSSYSANRSVADKEAIANFTNQKNISNPPDMSGWNPFGEDNFSKLTEEELLDREFDLLRSNRLEERASSDKNVDSLSAPHNHPPEDPFGSVPFISHSGSPEKKAEHSSINQENGTANPIKNGKTSPASKDQRTGKKTSVQGQVQKGNDESESDFESDPPSPKSSEEEEQDDEEVLQGEQGDFNDDDTEPENLGHRPLLMDSEDEEEEEKHSSDSDYEQAKAKYSDMSSVYRDRSGSGPTQDLNTILLTSAQLSSDVAVETPKQEFDVFGAVPFFAVRAQQPQQEKNEKNLPQHRFPAAGLEQEEFDVFTKAPFSKKVNVQECHAVGPEAHTIPGYPKSVDVFGSTPFQPFLTSTSKSESNEDLFGLVPFDEITGSQQQKVKQRSLQKLSSRQRRTKQDMSKSNGKRHHGTPTSTKKTLKPTYRTPERARRHKKVGRRDSQSSNEFLTISDSKENISVALTDGKDRGNVLQPEESLLDPFGAKPFHSPDLSWHPPHQGLSDIRADHNTVLPGRPRQNSLHGSFHSADVLKMDDFGAVPFTELVVQSITPHQSQQSQPVELDPFGAAPFPSKQ, 187.6, 81.99, 1.11
411, Q9HBD1, RC3H2_HUMAN Roquin-2, 6303, IDR_0, 398, 1191, KGHETPQPQPNSKYKTSMCRDLRQQGGCPRGTNCTFAHSQEELEKYRLRNKKINATVRTFPLLNKVGVNNTVTTTAGNVISVIGSTETTGKIVPSTNGISNAENSVSQLISRSTDSTLRALETVKKVGKVGANGQNAAGPSADSVTENKIGSPPKTPVSNVAATSAGPSNVGTELNSVPQKSSPFLTRVPVYPPHSENIQYFQDPRTQIPFEVPQYPQTGYYPPPPTVPAGVAPCVPRFVRSNNVPESSLPPASMPYADHYSTFSPRDRMNSSPYQPPPPQPYGPVPPVPSGMYAPVYDSRRIWRPPMYQRDDIIRSNSLPPMDVMHSSVYQTSLRERYNSLDGYYSVACQPPSEPRTTVPLPREPCGHLKTSCEEQIRRKPDQWAQYHTQKAPLVSSTLPVATQSPTPPSPLFSVDFRADFSESVSGTKFEEDHLSHYSPWSCGTIGSCINAIDSEPKDVIANSNAVLMDLDSGDVKRRVHLFETQRRTKEEDPIIPFSDGPIISKWGAISRSSRTGYHTTDPVQATASQGSATKPISVSDYVPYVNAVDSRWSSYGNEATSSAHYVERDRFIVTDLSGHRKHSSTGDLLSLELQQAKSNSLLLQREANALAMQQKWNSLDEGRHLTLNLLSKEIELRNGELQSDYTEDATDTKPDRDIELELSALDTDEPDGQSEPIEEILDIQLGISSQNDQLLNGMAVENGHPVQQHQKEPPKQKKQSLGEDHVILEEQKTILPVTSCFSQPLPVSISNASCLPITTSVSAGNLILKTHVMSEDKNDFLKPVANGKMVNS, 211.82, 86.5, 1.29
412, Q9UGU0, TCF20_HUMAN Transcription factor 20, 6280, IDR_0, 1, 1694, MQSFREQSSYHGNQQSYPQEVHGSSRLEEFSPRQAQMFQNFGGTGGSSGSSGSGSGGGRRGAAAAAAAMASETSGHQGYQGFRKEAGDFYYMAGNKDPVTTGTPQPPQRRPSGPVQSYGPPQGSSFGNQYGSEGHVGQFQAQHSGLGGVSHYQQDYTGPFSPGSAQYQQQASSQQQQQQVQQLRQQLYQSHQPLPQATGQPASSSSHLQPMQRPSTLPSSAAGYQLRVGQFGQHYQSSASSSSSSSFPSPQRFSQSGQSYDGSYNVNAGSQYEGHNVGSNAQAYGTQSNYSYQPQSMKNFEQAKIPQGTQQGQQQQQPQQQQHPSQHVMQYTNAATKLPLQSQVGQYNQPEVPVRSPMQFHQNFSPISNPSPAASVVQSPSCSSTPSPLMQTGENLQCGQGSVPMGSRNRILQLMPQLSPTPSMMPSPNSHAAGFKGFGLEGVPEKRLTDPGLSSLSALSTQVANLPNTVQHMLLSDALTPQKKTSKRPSSSKKADSCTNSEGSSQPEEQLKSPMAESLDGGCSSSSEDQGERVRQLSGQSTSSDTTYKGGASEKAGSSPAQGAQNEPPRLNASPAAREEATSPGAKDMPLSSDGNPKVNEKTVGVIVSREAMTGRVEKPGGQDKGSQEDDPAATQRPPSNGGAKETSHASLPQPEPPGGGGSKGNKNGDNNSNHNGEGNGQSGHSAAGPGFTSRTEPSKSPGSLRYSYKDSFGSAVPRNVSGFPQYPTGQEKGDFTGHGERKGRNEKFPSLLQEVLQGYHHHPDRRYSRSTQEHQGMAGSLEGTTRPNVLVSQTNELASRGLLNKSIGSLLENPHWGPWERKSSSTAPEMKQINLTDYPIPRKFEIEPQSSAHEPGGSLSERRSVICDISPLRQIVRDPGAHSLGHMSADTRIGRNDRLNPTLSQSVILPGGLVSMETKLKSQSGQIKEEDFEQSKSQASFNNKKSGDHCHPPSIKHESYRGNASPGAATHDSLSDYGPQDSRPTPMRRVPGRVGGREGMRGRSPSQYHDFAEKLKMSPGRSRGPGGDPHHMNPHMTFSERANRSSLHTPFSPNSETLASAYHANTRAHAYGDPNAGLNSQLHYKRQMYQQQPEEYKDWSSGSAQGVIAAAQHRQEGPRKSPRQQQFLDRVRSPLKNDKDGMMYGPPVGTYHDPSAQEAGRCLMSSDGLPNKGMELKHGSQKLQESCWDLSRQTSPAKSSGPPGMSSQKRYGPPHETDGHGLAEATQSSKPGSVMLRLPGQEDHSSQNPLIMRRRVRSFISPIPSKRQSQDVKNSSTEDKGRLLHSSKEGADKAFNSYAHLSHSQDIKSIPKRDSSKDLPSPDSRNCPAVTLTSPAKTKILPPRKGRGLKLEAIVQKITSPNIRRSASSNSAEAGGDTVTLDDILSLKSGPPEGGSVAVQDADIEKRKGEVASDLVSPANQELHVEKPLPRSSEEWRGSVDDKVKTETHAETVTAGKEPPGAMTSTTSQKPGSNQGRPDGSLGGTAPLIFPDSKNVPPVGILAPEANPKAEEKENDTVTISPKQEGFPPKGYFPSGKKKGRPIGSVNKQKKQQQPPPPPPQPPQIPEGSADGEPKPKKQRQRRERRKPGAQPRKRKTKQAVPIVEPQEPEIKLKYATQPLDKTDAKNKSFYPYIHVVNKCELGAVCTIINAEEEEQTKLVRGRKGQRSLTPPPSSTESKALPASSFMLQGPVV, 283.57, 134.6, 1.18, IDR_1, 1730, 1842, AATLPKNPPPKRATEMQSKVKVRHKSASNGSKTDTEEEEEQQQQQKEQRSLAAHPRFKRRHRSEDCGGGPRSLSRGLPCKKAATEGSSEKTVLDSKPSVPTTSEGGPELELQI, 78.63, 31.98, 1.27, IDR_2, 1934, 1960, PPLPCPLPPLQNKTAKGSLSTEQSERG, 37.36, 15.06, 1.24
413, O15353, FOXN1_HUMAN Forkhead box protein N1, 6225, IDR_0, 1, 271, MVSLPPPQSDVTLPGPTRLEGERQGDLMQAPGLPGSPAPQSKHAGFSCSSFVSDGPPERTPSLPPHSPRIASPGPEQVQGHCPAGPGPGPFRLSPSDKYPGFGFEEAAASSPGRFLKGSHAPFHPYKRPFHEDVFPEAETTLALKGHSFKTPGPLEAFEEIPVDVAEAEAFLPGFSAEAWCNGLPYPSQEHGPQVLGSEVKVKPPVLESGAGMFCYQPPLQHMYCSSQPPFHQYSPGGGSYPIPYLGSSHYQYQRMAPQASTDGHQPLFPK, 114.44, 49.19, 1.19, IDR_1, 371, 648, VRKSMAKPEELDSLIGDKREKLGSPLLGCPPPGLSGSGPIRPLAPPAGLSPPLHSLHPAPGPIPGKNPLQDLLMGHTPSCYGQTYLHLSPGLAPPGPPQPLFPQPDGHLELRAQPGTPQDSPLPAHTPPSHSAKLLAEPSPARTMHDTLLPDGDLGTDLDAINPSLTDFDFQGNLWEQLKDDSLALDPLVLVTSSPTSSSMPPPQPPPHCFPPGPCLTETGSGAGDLAAPGSGGSGALGDLHLTTLYSAFMELEPTPPTAPAGPSVYLSPSSKPVALA, 137.54, 58.38, 1.41
414, O14686, KMT2D_HUMAN Histone-lysine N-methyltransferase 2D, 6201, IDR_0, 1, 128, MDSQKLAGEDKDSEPAADGPAASEDPSATESDLPNPHVGEVSVLSSGSPRLQETPQDCSGGPVRRCALCNCGEPSLHGQRELRRFELPFDWPRCPVVSPGGSPGPNEAVLPSEDLSQIGFPEGLTPAH, 86.99, 36.32, 1.32, IDR_1, 364, 1362, QHTPVCSRFSPPEPGDTPTDEPDALYVACQGQPKGGHVTSMQPKEPGPLQCEAKPLGKAGVQLEPQLEAPLNEEMPLLPPPEESPLSPPPEESPTSPPPEASRLSPPPEELPASPLPEALHLSRPLEESPLSPPPEESPLSPPPESSPFSPLEESPLSPPEESPPSPALETPLSPPPEASPLSPPFEESPLSPPPEELPTSPPPEASRLSPPPEESPMSPPPEESPMSPPPEASRLFPPFEESPLSPPPEESPLSPPPEASRLSPPPEDSPMSPPPEESPMSPPPEVSRLSPLPVVSRLSPPPEESPLSPPPEESPTSPPPEASRLSPPPEDSPTSPPPEDSPASPPPEDSLMSLPLEESPLLPLPEEPQLCPRSEGPHLSPRPEEPHLSPRPEEPHLSPQAEEPHLSPQPEEPCLCAVPEEPHLSPQAEGPHLSPQPEELHLSPQTEEPHLSPVPEEPCLSPQPEESHLSPQSEEPCLSPRPEESHLSPELEKPPLSPRPEKPPEEPGQCPAPEELPLFPPPGEPSLSPLLGEPALSEPGEPPLSPLPEELPLSPSGEPSLSPQLMPPDPLPPPLSPIITAAAPPALSPLGELEYPFGAKGDSDPESPLAAPILETPISPPPEANCTDPEPVPPMILPPSPGSPVGPASPILMEPLPPQCSPLLQHSLVPQNSPPSQCSPPALPLSVPSPLSPIGKVVGVSDEAELHEMETEKVSEPECPALEPSATSPLPSPMGDLSCPAPSPAPALDDFSGLGEDTAPLDGIDAPGSQPEPGQTPGSLASELKGSPVLLDPEELAPVTPMEVYPECKQTAGQGSPCEEQEEPRAPVAPTPPTLIKSDIVNEISNLSQGDASASFPGSEPLLGSPDPEGGGSLSMELGVSTDVSPARDEGSLRLCTDSLPETDDSLLCDAGTAISGGKAEGEKGRRRSSPARSRIKQGRSSSFPGRRRPRGGAHGGRGRGRARLKSTASSIETLVVADIDSSPSKEEEEEDDDTMQN, 295.81, 129.76, 1.6, IDR_2, 1604, 2020, TMSPLHKRRQRRGRLGLPGEAGLEGSEPSDALGPDDKKDGDLDTDELLKGEGGVEHMECEIKLEGPVSPDVEPGKEETEESKKRKRKPYRPGIGGFMVRQRKSHTRTKKGPAAQAEVLSGDGQPDEVIPADLPAEGAVEQSLAEGDEKKKQQRRGRKKSKLEDMFPAYLQEAFFGKELLDLSRKALFAVGVGRPSFGLGTPKAKGDGGSERKELPTSQKGDDGPDIADEESRGLEGKADTPGPEDGGVKASPVPSDPEKPGTPGEGMLSSDLDRISTEELPKMESKDLQQLFKDVLGSEREQHLGCGTPGLEGSRTPLQRPFLQGGLPLGNLPSSSPMDSYPGLCQSPFLDSRERGGFFSPEPGEPDSPWTGSGGTTPSTPTTPTTEGEGDGLSYNQRSLQRWEKDEELGQLSTISP, 159.99, 68.63, 1.35, IDR_3, 2080, 3502, AESQINKQTKVGDIARKTDRPALHLRIPPQPGALGSPPPAAAPTIFIGSPTTPAGLSTSADGFLKPPAGSVPGPDSPGELFLKLPPQVPAQVPSQDPFGLAPAYPLEPRFPTAPPTYPPYPSPTGAPAQPPMLGASSRPGAGQPGEFHTTPPGTPRHQPSTPDPFLKPRCPSLDNLAVPESPGVGGGKASEPLLSPPPFGESRKALEVKKEELGASSPSYGPPNLGFVDSPSSGTHLGGLELKTPDVFKAPLTPRASQVEPQSPGLGLRPQEPPPAQALAPSPPSHPDIFRPGSYTDPYAQPPLTPRPQPPPPESCCALPPRSLPSDPFSRVPASPQSQSSSQSPLTPRPLSAEAFCPSPVTPRFQSPDPYSRPPSRPQSRDPFAPLHKPPRPQPPEVAFKAGSLAHTSLGAGGFPAALPAGPAGELHAKVPSGQPPNFVRSPGTGAFVGTPSPMRFTFPQAVGEPSLKPPVPQPGLPPPHGINSHFGPGPTLGKPQSTNYTVATGNFHPSGSPLGPSSGSTGESYGLSPLRPPSVLPPPAPDGSLPYLSHGASQRSGITSPVEKREDPGTGMGSSLATAELPGTQDPGMSGLSQTELEKQRQRQRLRELLIRQQIQRNTLRQEKETAAAAAGAVGPPGSWGAEPSSPAFEQLSRGQTPFAGTQDKSSLVGLPPSKLSGPILGPGSFPSDDRLSRPPPPATPSSMDVNSRQLVGGSQAFYQRAPYPGSLPLQQQQQQLWQQQQATAATSMRFAMSARFPSTPGPELGRQALGSPLAGISTRLPGPGEPVPGPAGPAQFIELRHNVQKGLGPGGTPFPGQGPPQRPRFYPVSEDPHRLAPEGLRGLAVSGLPPQKPSAPPAPELNNSLHPTPHTKGPTLPTGLELVNRPPSSTELGRPNPLALEAGKLPCEDPELDDDFDAHKALEDDEELAHLGLGVDVAKGDDELGTLENLETNDPHLDDLLNGDEFDLLAYTDPELDTGDKKDIFNEHLRLVESANEKAEREALLRGVEPGPLGPEERPPPAADASEPRLASVLPEVKPKVEEGGRHPSPCQFTIATPKVEPAPAANSLGLGLKPGQSMMGSRDTRMGTGPFSSSGHTAEKASFGATGGPPAHLLTPSPLSGPGGSSLLEKFELESGALTLPGGPAASGDELDKMESSLVASELPLLIEDLLEHEKKELQKKQQLSAQLQPAQQQQQQQQQHSLLSAPGPAQAMSLPHEGSSPSLAGSQQQLSLGLAGARQPGLPQPLMPTQPPAHALQQRLAPSMAMVSNQGHMLSGQHGGQAGLVPQQSSQPVLSQKPMGTMPPSMCMKPQQLAMQQQLANSFFPDTDLDKFAAEDIIDPIAKAKMVALKGIKKVMAQGSIGVAPGMNRQQVSLLAQRLSGGPSSDLQNHVAAGSGQERSAGDPSQPRPNPPTFAQGVI, 309.45, 133.65, 1.41, IDR_4, 3548, 3561, TAKKAGREFPEADA, 24.13, 8.79, 1.1, IDR_5, 3599, 4759, QQQQQQQQQQQQQQHSAVLALSPSQSPRLLTKLPGQLLPGHGLQPPQGPPGGQAGGLRLTPGGMALPGQPGGPFLNTALAQQQQQQHSGGAGSLAGPSGGFFPGNLALRSLGPDSRLLQERQLQLQQQRMQLAQKLQQQQQQQQQQQHLLGQVAIQQQQQQGPGVQTNQALGPKPQGLMPPSSHQGLLVQQLSPQPPQGPQGMLGPAQVAVLQQQHPGALGPQGPHRQVLMTQSRVLSSPQLAQQGQGLMGHRLVTAQQQQQQQQHQQQGSMAGLSHLQQSLMSHSGQPKLSAQPMGSLQQLQQQQQLQQQQQLQQQQQQQLQQQQQLQQQQLQQQQQQQQLQQQQQQQLQQQQQQLQQQQQQQQQQFQQQQQQQQMGLLNQSRTLLSPQQQQQQQVALGPGMPAKPLQHFSSPGALGPTLLLTGKEQNTVDPAVSSEATEGPSTHQGGPLAIGTTPESMATEPGEVKPSLSGDSQLLLVQPQPQPQPSSLQLQPPLRLPGQQQQQVSLLHTAGGGSHGQLGSGSSSEASSVPHLLAQPSVSLGDQPGSMTQNLLGPQQPMLERPMQNNTGPQPPKPGPVLQSGQGLPGVGIMPTVGQLRAQLQGVLAKNPQLRHLSPQQQQQLQALLMQRQLQQSQAVRQTPPYQEPGTQTSPLQGLLGCQPQLGGFPGPQTGPLQELGAGPRPQGPPRLPAPPGALSTGPVLGPVHPTPPPSSPQEPKRPSQLPSPSSQLPTEAQLPPTHPGTPKPQGPTLEPPPGRVSPAAAQLADTLFSKGLGPWDPPDNLAETQKPEQSSLVPGHLDQVNGQVVPEASQLSIKQEPREEPCALGAQSVKREANGEPIGAPGTSNHLLLAGPRSEAGHLLLQKLLRAKNVQLSTGRGSEGLRAEINGHIDSKLAGLEQKLQGTPSNKEDAAARKPLTPKPKRVQKASDRLVSSRKKLRKEDGVRASEALLKQLKQELSLLPLTEPAITANFSLFAPFGSGCPVNGQSQLRGAFGSGALPTGPDYYSQLLTKNNLSNPPTPPSSLPPTPPPSVQQKMVNGVTPSEELGEHPKDAASARDSERALRDTSEVKSLDLLAALPTPPHNQTEDVRMESDEDSDSPDSIVPASSPESILGEEAPRFPHLGSGRWEQEDRALSPVIPLIPRASIPVFPDTKPYG, 262.18, 114.75, 1.32, IDR_6, 4819, 4981, FPESPARAGTEPKKGEAEGPGGKEKGLEGKSPDTGPDWLKQFDAVLPGYTLKSQLDILSLLKQESPAPEPPTQHSYTYNVSNLDVRQLSAPPPEEPSPPPSPLAPSPASPPTEPLVELPTEPLAEPPVPSPLPLASSPESARPKPRARPPEEGEDSRPPRLKK, 103.43, 44.54, 1.39, IDR_7, 5351, 5378, RPHTLNSTSMSKAYQSTFTGETNTPYSK, 34.8, 13.83, 1.13
415, Q8N4C8, MINK1_HUMAN Misshapen-like kinase 1, 6145, IDR_0, 307, 1007, DRSRKKRGEKEETEYEYSGSEEEDDSHGEEGEPSSIMNVPGESTLRREFLRLQQENKSNSEALKQQQQLQQQQQRDPEAHIKHLLHQRQRRIEEQKEERRRVEEQQRREREQRKLQEKEQQRRLEDMQALRREEERRQAEREQEYKRKQLEEQRQSERLQRQLQQEHAYLKSLQQQQQQQQLQKQQQQQLLPGDRKPLYHYGRGMNPADKPAWAREVEERTRMNKQQNSPLAKSKPGSTGPEPPIPQASPGPPGPLSQTPPMQRPVEPQEGPHKSLVAHRVPLKPYAAPVPRSQSLQDQPTRNLAAFPASHDPDPAIPAPTATPSARGAVIRQNSDPTSEGPGPSPNPPAWVRPDNEAPPKVPQRTSSIATALNTSGAGGSRPAQAVRARPRSNSAWQIYLQRRAERGTPKPPGPPAQPPGPPNASSNPDLRRSDPGWERSDSVLPASHGHLPQAGSLERNRVGVSSKPDSSPVLSPGNKAKPDDHRSRPGRPADFVLLKERTLDEAPRPPKKAMDYSSSSEEVESSEDDEEEGEGGPAEGSRDTPGGRSDGDTDSVSTMVVHDVEEITGTQPPYGGGTMVVQRTPEEERNLLHADSNGYTNLPDVVQPSHSPTENSKGQSPPSKDGSGDYQSRGLVKAPGKSSFTMFVDLGIYQPGGSGDSIPITALVGGEGTRLDQLQYDVRKGSVVNVNPTNTRAHSE, 192.95, 85.73, 1.25
416, Q9HC44, GPBL1_HUMAN Vasculin-like protein 1, 6091, IDR_0, 1, 474, MAQHDFVPAWLNFSTPQSAKSPTATFEKHGEHLPRGEGRFGVSRRRHNSSDGFFNNGPLRTAGDSWHQPSLFRHDSVDSGVSKGAYAGITGNPSGWHSSSRGHDGMSQRSGGGTGNHRHWNGSFHSRKGCAFQEKPPMEIREEKKEDKVEKLQFEEEDFPSLNPEAGKQHQPCRPIGTPSGVWENPPSAKQPSKMLVIKKVSKEDPAAAFSAAFTSPGSHHANGNKLSSVVPSVYKNLVPKPVPPPSKPNAWKANRMEHKSGSLSSSRESAFTSPISVTKPVVLASGAALSSPKESPSSTTPPIEISSSRLTKLTRRTTDRKSEFLKTLKDDRNGDFSENRDCDKLEDLEDNSTPEPKENGEEGCHQNGLALPVVEEGEVLSHSLEAEHRLLKAMGWQEYPENDENCLPLTEDELKEFHMKTEQLRRNGFGKNGFLQSRSSSLFSPWRSTCKAEFEDSDTETSSSETSDDDAWK, 149.83, 65.97, 1.18
417, Q92793, CBP_HUMAN CREB-binding protein, 6075, IDR_0, 1, 349, MAENLLDGPPNPKRAKLSSPGFSANDSTDFGSLFDLENDLPDELIPNGGELGLLNSGNLVPDAASKHKQLSELLRGGSGSSINPGIGNVSASSPVQQGLGGQAQGQPNSANMASLSAMGKSPLSQGDSSAPSLPKQAASTSGPTPAASQALNPQAQKQVGLATSSPATSQTGPGICMNANFNQTHPGLLNSNSGHSLINQASQGQAQVMNGSLGAAGRGRGAGMPYPTPAMQGASSSVLAETLTQVSPQMTGHAGLNTAQAGGMAKMGITGNTSPFGQPFSQAGGQPMGATGVNPQLASKQSMVNSLPTFPTDIKNTSVTNVPNMSQMQTSVGIVPTQAIATGPTADPE, 152.79, 63.09, 1.4, IDR_1, 432, 592, PLKNASDKRNQQTILGSPASGIQNTIGSVGTGQQNATSLSNPNPIDPSSMQRAYAALGLPYMNQPQTQLQPQVPGQQPAQPQTHQQMRTLNPLGNNPMNIPAGGITTDQQPPNLISESALPTSLGATNPLMNDGSNSGNIGTLSTIPTAAPPSSTGVRKGW, 98.4, 41.76, 1.33, IDR_2, 675, 1085, KQGILGNQPALPAPGAQPPVIPQAQPVRPPNGPLSLPVNRMQVSQGMNSFNPMSLGNVQLPQAPMGPRAASPMNHSVQMNSMGSVPGMAISPSRMPQPPNMMGAHTNNMMAQAPAQSQFLPQNQFPSSSGAMSVGMGQPPAQTGVSQGQVPGAALPNPLNMLGPQASQLPCPPVTQSPLHPTPPPASTAAGMPSLQHTTPPGMTPPQPAAPTQPSTPVSSSGQTPTPTPGSVPSATQTQSTPTVQAAAQAQVTPQPQTPVQPPSVATPQSSQQQPTPVHAQPPGTPLSQAAASIDNRVPTPSSVASAETNSQQPGPDVPVLEMKTETQAEDTEPDPGESKGEPRSEMMEEDLQGASQVKEETDIAEQKSEPMEVDEKKPEVKVEVKEEEESSSNGTASQSTSPSQPRKKIF, 177.07, 74.18, 1.5, IDR_3, 1251, 1275, LGDDPSQPQTTISKDQFEKKKNDTL, 34.38, 13.58, 1.18, IDR_4, 1560, 1615, EEERKKEESTAASETTEGSQGDSKNAKKKNNKKTNKNKSSISRANKKKPSMPNVSN, 52.47, 22.2, 1.2, IDR_5, 1748, 1768, GLDDEGSSQGEPQSKSPQESR, 30.13, 12.01, 1.13, IDR_6, 1872, 2442, MNTRNVPQQSLPSPTSAPPGTPTQQPSTPQTPQPPAQPQPSPVSMSPAGFPSVARTQPPTTVSTGKPTSQVPAPPPPAQPPPAAVEAARQIEREAQQQQHLYRVNINNSMPPGRTGMGTPGSQMAPVSLNVPRPNQVSGPVMPSMPPGQWQQAPLPQQQPMPGLPRPVISMQAQAAVAGPRMPSVQPPRSISPSALQDLLRTLKSPSSPQQQQQVLNILKSNPQLMAAFIKQRTAKYVANQPGMQPQPGLQSQPGMQPQPGMHQQPSLQNLNAMQAGVPRPGVPPQQQAMGGLNPQGQALNIMNPGHNPNMASMNPQYREMLRRQLLQQQQQQQQQQQQQQQQQQGSAGMAGGMAGHGQFQQPQGPGGYPPAMQQQQRMQQHLPLQGSSMGQMAAQMGQLGQMGQPGLGADSTPNIQQALQQRILQQQQMKQQIGSPGQPNPMSPQQHMLSGQPQASHLPGQQIATSLSNQVRSPAPVQSPRPQSQPPHSSPSPRIQPQPSPHHVSPQTGSPHPGLAVTMASSIDQGHLGNPEQSAMLPQLNTPSRSALSSELSLVGDTTGDTLEKFVEGL, 188.46, 77.5, 1.35
418, P08779, K1C16_HUMAN Keratin; type I cytoskeletal 16, 6029, IDR_0, 1, 120, MTTCSRQFTSSSSMKGSCGIGGGIGGGSSRISSVLAGGSCRAPSTYGGGLSVSSRFSSGGACGLGGGYGGGFSSSSSFGSGFGGGYGGGLGAGFGGGLGAGFGGGFAGGDGLLVGSEKVT, 71.94, 29.74, 1.14, IDR_1, 428, 473, LSSQQASGQSYSSREVFTSSSSSSSRQTRPILKEQSSSSFSQGQSS, 44.31, 18.61, 1.12
419, Q92802, N42L2_HUMAN NEDD4-binding protein 2-like 2, 5619, IDR_0, 1, 361, MSYGEIEGKFLGPREEVTSEPRCKKLKSTTESYVFHNHSNADFHRIQEKTGNDWVPVTIIDVRGHSYLQENKIKTTDLHRPLHDEMPGNRPDVIESIDSQVLQEARPPLVSADDEIYSTSKAFIGPIYKPPEKKKRNEGRNEAHVLNGINDRGGQKEKQKFNSEKSEIDNELFQFYKEIEELEKEKDGFENSCKESEPSQEQFVPFYEGHNNGLLKPDEEKKDLSNKAMPSHCDYQQNLGNEPDKYPCNGQVIPTFCDTSFTSFRPEWQSVYPFIVPYGPPLPSLNYHLNIQRFSGPPNPPSNIFQAQDDSQIQNGYYVNNCHVNWNCMTFDQNNEYTDCSENRSSVHPSGNGCSMQDRYV, 118.43, 54.17, 1.07, IDR_1, 546, 583, NSVEPSHKSTQRPPPPQGRQRWGGSLGSHNRVCVTNNH, 41.09, 17.38, 1.15
420, Q13370, PDE3B_HUMAN cGMP-inhibited 3';5'-cyclic phosphodiesterase B, 5483, IDR_0, 1, 84, MRRDERDAKAMRSLQPPDGAGSPPESLRNGYVKSCVSPLRQDPPRGFFFHLCRFCNVELRPPPASPQQPRRCSPFCRARLSLGA, 65.87, 27.7, 1.23, IDR_1, 135, 194, FLTRTKRGPGPGRSCGSWWLLALPACCYLGDFLVWQWWSWPWGDGDAGSAAPHTPPEAAA, 44.08, 18.41, 0.98, IDR_2, 271, 305, EAPLHPRLSSAAEEKVPVIRPRRRSSCVSLGETAA, 42.82, 17.45, 1.24, IDR_3, 341, 654, HYQNSGGGNGVDLSVLNEARNMVSDLLTDPSLPPQVISSLRSISSLMGAFSGSCRPKINPLTPFPGFYPCSEIEDPAEKGDRKLNKGLNRNSLPTPQLRRSSGTSGLLPVEQSSRWDRNNGKRPHQEFGISSQGCYLNGPFNSNLLTIPKQRSSSVSLTHHVGLRRAGVLSSLSPVNSSNHGPVSTGSLTNRSPIEFPDTADFLNKPSVILQRSLGNAPNTPDFYQQLRNSDSNLCNSCGHQMLKYVSTSESDGTDCCSGKSGEEENIFSKESFKLMETQQEEETEKKDSRKLFQEGDKWLTEEAQSEQQTNIE, 128.45, 54.94, 1.25, IDR_4, 1007, 1112, GLLPGQWLEAEEDNDTESGDDEDGEELDTEDEEMENNLNPKPPRRKSRRRIFCQLMHHLTENHKIWKEIVEEEEKCKADGNKLQVENSSLPQADEIQVIEEADEEE, 69.53, 28.3, 1.16
421, Q8IVF2, AHNK2_HUMAN Protein AHNAK2, 5479, IDR_0, 1, 132, MCDCFHMVLPTWPGTPGSVSGRQLQPGEPGAETEDDHSVTEGPADEGIRPRPQGSSPVYEYTTEAADFGLQEDAPGRQGSAGRRRSWWKRDSGDSRTFFRMSRPEAVQEATEVTLKTEVEAGASGYSVTGGG, 76.6, 33.2, 1.15, IDR_1, 193, 5795, QLPAPQDEEWASSDAQHGPQGKEKEDTDVADGCRETPTKTLEGDGDQERLISKPRVGRGRQSQRERLSWPKFQSIKSKRGPGPQRSHSSSEAYEPRDAHDVSPTSTDTEAQLTVERQEQKAGPGSQRRRKFLNLRFRTGSGQGPSSTGQPGRGFQSGVGRAGVLEELGPWGDSLEETGAATGSRREERAEQDREVMPAQSMPLPTELGDPRLCEGTPQEGGLRAARLHGKTLEGQAQETAVAQRKPRAQPTPGMSREGEGEGLQSLEIGIARLSLRDTTEGGTQIGPPEIRVRVHDLKTPKFAFSTEKEPERERRLSTPQRGKRQDASSKAGTGLKGEEVEGAGWMPGREPTTHAEAQGDEGDGEEGLQRTRITEEQDKGREDTEGQIRMPKFKIPSLGWSPSKHTKTGREKATEDTEQGREGEATATADRREQRRTEEGLKDKEDSDSMTNTTKIQLIHDEKRLKKEQILTEKEVATKDSKFKMPKFKMPLFGASAPGKSMEASVDVSAPKVEADVSLLSMQGDLKTTDLSVQTPSADLEVQDGQVDVKLPEGPLPEGASLKGHLPKVQRPSLKMPKVDLKGPKLDLKGPKAEVTAPDVKMSLSSMEVDVQAPRAKLDGARLEGDLSLADKEVTAKDSKFKMPKFKMPSFGVSAPGKSMEDSVDVSAPKVEADVSLSSMQGDLKATDLSIQPPSADLEVQAGQVDVKLPEGPVPEGAGPKVHLPKVEMPSFKMPKVDLKGPQIDVKGPKLDLKGPKAEVTAPDGEVSLPSMEVDVQAQKAKLDGAWLEGDLSLADKDVTAKDSKFKMPKFKMPSFGVSAPGKSIKALVDVSAPKVEADLSLPSMQGDLKTTDLSIQPASTDLKVQADQVDVKLPEGHLPEGAGLKGHLPKVEMPSFKMPKVALKGPQVDVKGPKLDLKSPKAEVTAPDVEVSLPSVEVDVEAPGAKLDSARLEGELSLADKDVTAKDSRFKMPKFKMPSFGASAPGKSIEASVDVSAPKVEADVSLPSMQGDLKTTDLSIQPPSADLEVHAGQVDVKLLEGHVPEGAGFKGHLPKVQMPSLKMPKVDLKGPQVEVRGPKLDLKGHKAEVTAHEVAVSLPSVEVDMQAPGAKLDGAQLDGDLSLADKDVTAKDSKFKMPKFKMPSFGVSAPGKSIEASVDLSAPKVEADMSLPSMQGDLKTTDLSIQPPSTDLELQAGQLDVKLPEGPVPEGAGLKGHLPKLQMPSFKVPKVDLKGPEIDIKGPKLDLKDPKVEVTAPDVEVSLPSVEVDVEAPGAKLDGGRLEEDMSLADKDLTTKDSKFKMPKFKMPSFGVSAPGKSIEASVDVSAPKVEADVSLPSMQGDLKATDLSIQPPSADLEVQAGQVDVKLPEGPVSEGAGLKGHLPKVQMPSFKMPKVDLKGPQIDVKGPKLDLKGPKVEVTAPDVKMSLSSMEVDVQAPRAKLDGAQLEGDLSLADKAVTAKDSKFKMPKFKMPSFGVSAPGKSIEASVDVSEPKVEADVSLPSMQGDLKTTDLSIQSPSADLEVQAGQVNVKLPEGPLPEGAGFKGHLPKVQMPSLKMPKVALKGPQMDVKGPKLDLKGPKAEVMAPDVEVSLPSVEVDVEAPGAKLDSVRLEGDLSLADKDVTAKDSKFKMPKFKMPSFGVSAPGKSIEASVDVSAPKVEAEVSLPSMQGDLKTTDLCIPLPSADLVVQAGQVDMKLPEGQVPEGAGLKGHLPKVDMPSFKMPKVDLKGPQTDVKGAKLDLKGPKAEVTAPDVEVSLPSMEVDVQAQKAKLDGARLEGDLSLADKDMTAKDSKFKMPKFKMPSFGVSAPGRSIEASVDVPAPKVEADVSLPSMQGDLKTTDLSIQPPSADLKVQTGQVDVKLPEGHVPEGAGLKGHLPKVEMPSLKMPKVDLKGPQVDIKGPKLDLKDPKVEMRVPDVEVSLPSMEVDVQAPRAKLDSAHLQGDLTLANKDLTTKDSKFKMPKFKMPSFGVSAPGKSIEASVDVSPPKVEADMSLPSMQGDLKTTDLSIQPLSADVKVQAGQVDVKLLEGPVPEEVGLKGHLPKLQMPSFKVPKVDLKGPEIDIKGPKLDLKDPKVEVTAPDVEVSLPSVEVDVKAPGAKLDGARLEGDMSLADKDVTAKDSKFKMPKFKMLSFGVSALGKSIEASADVSALKVEADVSLPSMQGDLKTTDLSVQPPSADLEVQAGQVDVKLPEGPVPEGAGLKGHLPKLQMPSFKMPKVDLKGPQIDVKGPKLDLKGPKTDVMAPDVEVSQPSVEVDVEAPGAKLDGAWLEGDLSVADKDVTTKDSRFKIPKFKMPSFGVSAPGKSIEASVDVSAPKVEADGSLSSMQGDLKATDLSIQPPSADLEVQAGQVDVKLPEGPVPEGAGLKGHLPKVQMPSFKMPEMDLKGPQLDVKGPKLDLKGPKAEVTAPDVEMSLSSMEVDVQAPRAKLDGARLEGDLSLADKGVTAKDSKFKMPKFKMPSFRVSAPGESIEALVDVSELKVEADMSLPSMQGDLKTTDISIQPPSAQLEVQAGQVDVKLPEGHVPEGAGLKGHLPKLQMPSFKMPEVDLKGPQIDVKGPNVDLKGPKAEVTAPDVKMSLSSMEVDVQAPRAKLDGARLEGDLSLADKGMTAKDSKFKMPKFKMPSFGVSAPGKSIEASVDVSELKVEADGSFPSMQGDLKTTDIRIQPPSAQLEVQAGQVDVKLPEGHVPEGAGLKGHLPKVQMPSFKMPKVDLKGPQIDVKGPKLDLKGPKAEVTAPDVEVSLPSVEVDVEAPRAKLDGARLEGDLSLADKDVTAKDSKFKMPKFKMPSFGVSAPGKSIEVSVDVSAPKVEAEVSLPSMQGDLKTTDISIEPPSAQLEVQAGQVDLKLPEGHVPEGAGLKGHLPKLQMPSFKMPKVDRKGPQIDVKGPKLDLKGPKTDVTAPDVEVSQPGMEVDVEAPGAKLDGARLEGDLSLADKDVTAKDSKFKMPKFKMPSFGVSAPGKSIEVLVDVSAPKVEADLSLPSMQGDLKNTDISIEPPSAQLEVQAGQVDVKLPEGHVLEGAGLKGHLPKLQMPSFKMPKVDRKGPQIDIKGPKLDLKGPKMDVTAPDVEVSQPSMEVDVEAPGAKLDGARLEGDLSLADKDVTAKDSKFKMPKFKMPSYRASAPGKSIQASVDVSAPKAEADVSLPSMQGDLKTTDLSIQLPSVDLEVQAGQVDVKLPEGHVPEGAGLKGHLPKVEMPSFKMPKVDLKSPQVDIKGPKLDLKVPKAEVTVPDVEVSLPSVEVDVQAPRAKLDGARLEGDLSLAEKDVTAKDSKFKMPKFKMPSFGVSAPGRSIEASLDVSAPKVEADVSLSSMQGDLKATDLSIQPPSADLEVQAVQVDVELLEGPVPEGAGLKGHLPKVEMPSLKTPKVDLKGPQIDVKGPKLDLKGPKAEVRVPDVEVSLPSVEVDVQAPKAKLDAGRLEGDLSLADKDVTAKDSKFKMPKFKMPSFRVSAPGKSMEASVDVSAPKVEADVSLPSMQGDLKTTDLSIQPPSADLKVQAGQMDVKLPEGQVPEGAGLKEHLPKVEMPSLKMPKVDLKGPQVDIKGPKLDLKVSKAEVTAPDVEVSLPSVEVDVQAPRAKLDSAQLEGDLSLADKDVTAKDSKFKMPKFKMPSFGVSAPGKSIEASVHVSAPKVEADVSLPSMQGDLKTTDLSIQPHSADLTVQARQVDMKLLEGHVPEEAGLKGHLPKVQMPSFKMPKVDLKGPEIDIKGPKLDLKDPKVEVTAPDVEVSLPSVEVDVEAPGAKLDGARLEGDLSLADKDMTAKDSKFKMPKFKMPSFGVSAPGKSMEASVDVTAPKVEADVSLPSMQGDLKATDLSVQPPSADLEVQAGQVDVKLPEGPVPEGASLKGHLPKVQMPSFKMPKVDLKGPQIDVKGPKLDLKGPKAEVTAPDVKMSLSSMEVDVQAPRAKLDGVQLEGDLSLADKDVTAKDSKFKMPKFKMPSFGVSAPGKSMEASVDVSELKAKADVSLPSMQGDLKTTDLSIQSPSADLEVQAGQVDVKLPEGPLPKGAGLKGHLPKVQMPCLKMPKVALKGPQVDVKGPKLDLKGPKADVMTPVVEVSLPSMEVDVEAPGAKLDSVRLEGDLSLADKDMTAKDSKFKMPKFKMPSFGVSAPGKSIEASLDVSALKVEADVSLPSMQGDLKTTHLSIQPPSADLEVQAGQEDVKLPEGPVHEGAGLKGHLPKLQMPSFKVPKVDLKGPQIDVNVPKLDLKGPKVEVTSPNLDVSLPSMEVDIQAPGAKLDSTRLEGDLSLADKDVTAKDSKFKMPKFKMPSFGMLSPGKSIEVSVDVSAPKMEADMSIPSMQGDLKTTDLRIQAPSADLEVQAGQVDLKLPEGHMPEVAGLKGHLPKVEMPSFKMPKVDLKGPQVDVKGPKLDLKGPKAEVMAPDVEVSLPSVETDVQAPGSMLDGARLEGDLSLAHEDVAGKDSKFQGPKLSTSGFEWSSKKVSMSSSEIEGNVTFHEKTSTFPIVESVVHEGDLHDPSRDGNLGLAVGEVGMDSKFKKLHFKVPKVSFSSTKTPKDSLVPGAKSSIGLSTIPLSSSECSSFELQQVSACSEPSMQMPKVGFAGFPSSRLDLTGPHFESSILSPCEDVTLTKYQVTVPRAALAPELALEIPSGSQADIPLPKTECSTDLQPPEGVPTSQAESHSGPLNSMIPVSLGQVSFPKFYKPKFVFSVPQMAVPEGDLHAAVGAPVMSPLSPGERVQCPLPSTQLPSPGTCVSQGPEELVASLQTSVVAPGEAPSEDADHEGKGSPLKMPKIKLPSFRWSPKKETGPKVDPECSVEDSKLSLVLDKDEVAPQSAIHMDLPPERDGEKGRSTKPGFAMPKLALPKMKASKSGVSLPQRDVDPSLSSATAGGSFQDTEKASSDGGRGGLGATASATGSEGVNLHRPQVHIPSLGFAKPDLRSSKAKVEVSQPEADLPLPKHDLSTEGDSRGCGLGDVPVSQPCGEGIAPTPEDPLQPSCRKPDAEVLTVESPEEEAMTKYSQESWFKMPKFRMPSLRRSFRDRGGAGKLEVAQTQAPAATGGEAAAKVKEFLVSGSNVEAAMSLQLPEADAEVTASESKSSTDILRCDLDSTGLKLHLSTAGMTGDELSTSEVRIHPSKGPLPFQMPGMRLPETQVLPGEIDETPLSKPGHDLASMEDKTEKWSSQPEGPLKLKASSTDMPSQISVVNVDQLWEDSVLTVKFPKLMVPRFSFPAPSSEDDVFIPTVREVQCPEANIDTALCKESPGLWGASILKAGAGVPGEQPVDLNLPLEAPPISKVRVHIQGAQVESQEVTIHSIVTPEFVDLSVPRTFSTQIVRESEIPTSEIQTPSYGFSLLKVKIPEPHTQARVYTTMTQHSRTQEGTEEAPIQATPGVDSISGDLQPDTGEPFEMISSSVNVLGQQTLTFEVPSGHQLADSCSDEEPAEILEFPPDDSQEATTPLADEGRAPKDKPESKKSGLLWFWLPNIGFSSSVDETGVDSKNDVQRSAPIQTQPEARPEAELPKKQEKAGWFRFPKLGFSSSPTKKSKSTEDGAELEEQKLQEETITFFDARESFSPEEKEEGELIGPVGTGLDSRVMVTSAARTELILPEQDRKADDESKGSGLGPNEG, 693.2, 324.7, 1.59
422, Q15652, JHD2C_HUMAN Probable JmjC domain-containing histone demethylation protein 2C, 5449, IDR_0, 253, 1721, GENIGITSRRRSRANQNVNAVHSHYTRAQANSPRPAMNSQAAVPKQNTHQQQQQRSIRPNKRKGSDSSIPDEEKMKEEKYDYISRGENPKGKNKHLMNKRRKPEEDEKKLNMKRLRTDNVSDFSESSDSENSNKRIIDNSSEQKPENELKNKNTSKINGEEGKPHNNEKAGEETLKNSQPPWDQIQEDKKHEEAEKRKSVDTQLQEDMIIHSSEQSTVSDHNSNDLLPQECNMDKTHTMELLPKEKFVSRPPTPKCVIDITNDTNLEKVAQENSSTFGLQTLQKMDPNVSDSKHSIANAKFLETAKKDSDQSWVSDVVKVDLTQSSVTNASSGNDHLNMEKEKYVSYISPLSAVSVMEDKLHKRSPPPETIKSKLNTSVDTHKIKSSPSPEVVKPKITHSPDSVKSKATYVNSQATGERRLANKIEHELSRCSFHPIPTRSSTLETTKSPLIIDKNEHFTVYRDPALIGSETGANHISPFLSQHPFPLHSSSHRTCLNPGTHHPALTPAPHLLAGSSSQTPLPTINTHPLTSGPHHAVHHPHLLPTVLPGVPTASLLGGHPRLESAHASSLSHLALAHQQQQQLLQHQSPHLLGQAHPSASYNQLGLYPIIWQYPNGTHAYSGLGLPSSKWVHPENAVNAEASLRRNSPSPWLHQPTPVTSADGIGLLSHIPVRPSSAEPHRPLKITAHSSPPLTKTLVDHHKEELERKAFMEPLRSVASTSAKNDLDLNRSQTGKDCHLHRHFVDPVLNQLQRPPQETGERLNKYKEEHRRILQESIDVAPFTTKIKGLEGERENYSRVASSSSSPKSHIIKQDMDVERSVSDLYKMKHSVPQSLPQSNYFTTLSNSVVNEPPRSYPSKEVSNIYGDKQSNALAAAAANPQTLTSFITSLSKPPPLIKHQPESEGLVGKIPEHLPHQIASHSVTTFRNDCRSPTHLTVSSTNTLRSMPALHRAPVFHPPIHHSLERKEGSYSSLSPPTLTPVMPVNAGGKVQESQKPPTLIPEPKDSQANFKSSSEQSLTEMWRPNNNLSKEKTEWHVEKSSGKLQAAMASVIVRPSSSTKTDSMPAMQLASKDRVSERSSAGAHKTDCLKLAEAGETGRIILPNVNSDSVHTKSEKNFQAVSQGSVPSSVMSAVNTMCNTKTDVITSAADTTSVSSWGGSEVISSLSNTILASTSSECVSSKSVSQPVAQKQECKVSTTAPVTLASSKTGSVVQPSSGFSGTTDFIHLKKHKAALAAAQYKSSNASETEPNAIKNQTLSASLPLDSTVICSTINKANSVGNGQASQTSQPNYHTKLKKAWLTRHSEEDKNTNKMENSGNSVSEIIKPCSVNLIASTSSDIQNSVDSKIIVDKYVKDDKVNRRKAKRTYESGSESGDSDESESKSEQRTKRQPKPTYKKKQNDLQKRKGEIEEDLKPNGVLSRSAKERSKLKLQSNSNTGIPRSVLKDWRKVKKLKQTGESFLQDDSC, 315.42, 135.18, 1.41, IDR_1, 1942, 2144, QVGNFPTMNGVSQVLQNVLNHSNKISLCMPESQQQNTPPKSEKNGGSSPESDVGTDNKLTPPESQSPLHWLADLAEQKAREEKKENKELTLENQIKEEREQDNSESPNGRTSPLVSQNNEQGSTLRDLLTTTAGKLRVGSTDAGIAFAPVYSMGAPSSKSGRTMPNILDDIIASVVENKIPPSKTSKINVKPELKEEPEESII, 112.85, 47.1, 1.36
423, Q96E39, RMXL1_HUMAN RNA binding motif protein; X-linked-like-1, 5435, IDR_0, 61, 390, DAKDAARDMNGKSLDGKAIKVEQATKPSFERGRHGPPPPPRSRGPPRGFGAGRGGSGGTRGPPSRGGHMDDGGYSMNFNMSSSRGPLPVKRGPPPRSGGPSPKRSAPSGLVRSSSGMGGRAPLSRGRDSYGGPPRREPLPSRRDVYLSPRDDGYSTKDSYSSRDYPSSRDTRDYAPPPRDYTYRDYGHSSSRDDYPSRGYGDRDGYGRDRDYSDHPSGGSYRDSYESYGNSRSAPLTRGPPPSYGGSSRYDDYSSSRDGYGGSRDSYSSSRSDLYSSCDRVGRQERGLPPSVERGYPSSRDSYSSSSRGAPRGAGPGGSRSDRGGGRSRY, 120.51, 52.41, 1.14
424, Q96DU7, IP3KC_HUMAN Inositol-trisphosphate 3-kinase C, 5267, IDR_0, 1, 388, MRRCPCRGSLNEAEAGALPAAARMGLEAPRGGRRRQPGQQRPGPGAGAPAGRPEGGGPWARTEGSSLHSEPERAGLGPAPGTESPQAEFWTDGQTEPAAAGLGVETERPKQKTEPDRSSLRTHLEWSWSELETTCLWTETGTDGLWTDPHRSDLQFQPEEASPWTQPGVHGPWTELETHGSQTQPERVKSWADNLWTHQNSSSLQTHPEGACPSKEPSADGSWKELYTDGSRTQQDIEGPWTEPYTDGSQKKQDTEAARKQPGTGGFQIQQDTDGSWTQPSTDGSQTAPGTDCLLGEPEDGPLEEPEPGELLTHLYSHLKCSPLCPVPRLIITPETPEPEAQPVGPPSRVEGGSGGFSSASSFDESEDDVVAGGGGASDPEDRSGSKP, 143.96, 60.23, 1.26, IDR_1, 511, 534, YEKMVAVDPGAPTPEEHAQGAVTK, 33.69, 13.52, 1.18
425, Q99958, FOXC2_HUMAN Forkhead box protein C2, 5246, IDR_0, 1, 70, MQARYSVSDPNALGVVPYLSEQNYYRAAGSYGGMASPMGVYSGHPEQYSAGMGRSYAPYHHHQPAAPKDL, 52.16, 21.93, 1.07, IDR_1, 166, 501, RRFKKKDVSKEKEERAHLKEPPPAASKGAPATPHLADAPKEAEKKVVIKSEAASPALPVITKVETLSPESALQGSPRSAASTPAGSPDGSLPEHHAAAPNGLPGFSVENIMTLRTSPPGGELSPGAGRAGLVVPPLALPYAAAPPAAYGQPCAQGLEAGAAGGYQCSMRAMSLYTGAERPAHMCVPPALDEALSDHPSGPTSPLSALNLAAGQEGALAATGHHHQHHGHHHPQAPPPPPAPQPQPTPQPGAAAAQAASWYLNHSGDLNHLPGHTFAAQQQTFPNVREMFNSHRLGIENSTLGESQVSGNASCQLPYRSTPPLYRHAAPYSYDCTKY, 136.81, 59.35, 1.28
426, Q12948, FOXC1_HUMAN Forkhead box protein C1, 5246, IDR_0, 1, 75, MQARYSVSSPNSLGVVPYLGGEQSYYRAAAAAAGGGYTAMPAPMSVYSHPAHAEQYPGGMARAYGPYTPQPQPKD, 58.18, 24.48, 1.15, IDR_1, 174, 553, FKKKDAVKDKEEKDRLHLKEPPPPGRQPPPAPPEQADGNAPGPQPPPVRIQDIKTENGTCPSPPQPLSPAAALGSGSAAAVPKIESPDSSSSSLSSGSSPPGSLPSARPLSLDGADSAPPPPAPSAPPPHHSQGFSVDNIMTSLRGSPQSAAAELSSGLLASAAASSRAGIAPPLALGAYSPGQSSLYSSPCSQTSSAGSSGGGGGGAGAAGGAGGAGTYHCNLQAMSLYAAGERGGHLQGAPGGAGGSAVDDPLPDYSLPPVTSSSSSSLSHGGGGGGGGGGQEAGHHPAAHQGRLTSWYLNQAGGDLGHLASAAAAAAAAGYPGQQQNFHSVREMFESQRIGLNNSPVNGNSSCQMAFPSSQSLYRTSGAFVYDCSKF, 148.47, 64.92, 1.31
427, O15061, SYNEM_HUMAN Synemin, 5153, IDR_0, 338, 1565, RNKSYHYTDSLLQRENERNLFSRQKAPLASFNHSSALYSNLSGHRGSQTGTSIGGDARRGFLGSGYSSSATTQQENSYGKAVSSQTNVRTFSPTYGLLRNTEAQVKTFPDRPKAGDTREVPVYIGEDSTIARESYRDRRDKVAAGASESTRSNERTVILGKKTEVKATREQERNRPETIRTKPEEKMFDSKEKASEERNLRWEELTKLDKEARQRESQQMKEKAKEKDSPKEKSVREREVPISLEVSQDRRAEVSPKGLQTPVKDAGGGTGREAEARELRFRLGTSDATGSLQGDSMTETVAENIVTSILKQFTQSPETEASADSFPDTKVTYVDRKELPGERKTKTEIVVESKLTEDVDVSDEAGLDYLLSKDIKEVGLKGKSAEQMIGDIINLGLKGREGRAKVVNVEIVEEPVSYVSGEKPEEFSVPFKVEEVEDVSPGPWGLVKEEEGYGESDVTFSVNQHRRTKQPQENTTHVEEVTEAGDSEGEQSYFVSTPDEHPGGHDRDDGSVYGQIHIEEESTIRYSWQDEIVQGTRRRTQKDGAVGEKVVKPLDVPAPSLEGDLGSTHWKEQARSGEFHAEPTVIEKEIKIPHEFHTSMKGISSKEPRQQLVEVIGQLEETLPERMREELSALTREGQGGPGSVSVDVKKVQGAGGSSVTLVAEVNVSQTVDADRLDLEELSKDEASEMEKAVESVVRESLSRQRSPAPGSPDEEGGAEAPAAGIRFRRWATRELYIPSGESEVAGGASHSSGQRTPQGPVSATVEVSSPTGFAQSQVLEDVSQAARHIKLGPSEVWRTERMSYEGPTAEVVEVSAGGDLSQAASPTGASRSVRHVTLGPGQSPLSREVIFLGPAPACPEAWGSPEPGPAESSADMDGSGRHSTFGCRQFHAEKEIIFQGPISAAGKVGDYFATEESVGTQTSVRQLQLGPKEGFSGQIQFTAPLSDKVELGVIGDSVHMEGLPGSSTSIRHISIGPQRHQTTQQIVYHGLVPQLGESGDSESTVHGEGSADVHQATHSHTSGRQTVMTEKSTFQSVVSESPQEDSAGDTSGAEMTSGVSRSFRHIRLGPTETETSEHIAIRGPVSRTFVLAGSADSPELGKLADSSRTLRHIAPGPKETSFTFQMDVSNVEAIRSRTQEAGALGVSDRGSWRDADSRNDQAVGVSFKASAGEGDQAHREQGKEQAMFDKKVQLQRMVDQRSVISDEKKVALLYLDNEEEENDGHWF, 271.76, 120.43, 1.33
428, P54259, ATN1_HUMAN Atrophin-1, 5153, IDR_0, 1, 1190, MKTRQNKDSMSMRSGRKKEAPGPREELRSRGRASPGGVSTSSSDGKAEKSRQTAKKARVEEASTPKVNKQGRSEEISESESEETNAPKKTKTEQELPRPQSPSDLDSLDGRSLNDDGSSDPRDIDQDNRSTSPSIYSPGSVENDSDSSSGLSQGPARPYHPPPLFPPSPQPPDSTPRQPEASFEPHPSVTPTGYHAPMEPPTSRMFQAPPGAPPPHPQLYPGGTGGVLSGPPMGPKGGGAASSVGGPNGGKQHPPPTTPISVSSSGASGAPPTKPPTTPVGGGNLPSAPPPANFPHVTPNLPPPPALRPLNNASASPPGLGAQPLPGHLPSPHAMGQGMGGLPPGPEKGPTLAPSPHSLPPASSSAPAPPMRFPYSSSSSSSAAASSSSSSSSSSASPFPASQALPSYPHSFPPPTSLSVSNQPPKYTQPSLPSQAVWSQGPPPPPPYGRLLANSNAHPGPFPPSTGAQSTAHPPVSTHHHHHQQQQQQQQQQQQQQQQQQQHHGNSGPPPPGAFPHPLEGGSSHHAHPYAMSPSLGSLRPYPPGPAHLPPPHSQVSYSQAGPNGPPVSSSSNSSSSTSQGSYPCSHPSPSQGPQGAPYPFPPVPTVTTSSATLSTVIATVASSPAGYKTASPPGPPPYGKRAPSPGAYKTATPPGYKPGSPPSFRTGTPPGYRGTSPPAGPGTFKPGSPTVGPGPLPPAGPSGLPSLPPPPAAPASGPPLSATQIKQEPAEEYETPESPVPPARSPSPPPKVVDVPSHASQSARFNKHLDRGFNSCARSDLYFVPLEGSKLAKKRADLVEKVRREAEQRAREEKEREREREREKEREREKERELERSVKLAQEGRAPVECPSLGPVPHRPPFEPGSAVATVPPYLGPDTPALRTLSEYARPHVMSPGNRNHPFYVPLGAVDPGLLGYNVPALYSSDPAAREREREARERDLRDRLKPGFEVKPSELEPLHGVPGPGLDPFPRHGGLALQPGPPGLHPFPFHPSLGPLERERLALAAGPALRPDMSYAERLAAERQHAERVAALGNDPLARLQMLNVTPHHHQHSHIHSHLHLHQQDAIHAASASVHPLIDPLASGSHLTRIPYPAGTLPNPLLPHPLHENEVLRHQLFAAPYRDLPASLSAPMSAAHQLQAMHAQSAELQRLALEQQQWLHAHHPLHSVPLPAQEDYYSHLKKESDKPL, 263.64, 113.87, 1.31
429, Q6UB99, ANR11_HUMAN Ankyrin repeat domain-containing protein 11, 5128, IDR_0, 1, 169, MPKGGCPKAPQQEELPLSSDMVEKQTGKKDKDKVSLTKTPKLERGDGGKEVRERASKRKLPFTAGANGEQKDSDTEKQGPERKRIKKEPVTRKAGLLFGMGLSGIRAGYPLSERQQVALLMQMTAEESANSPVDTTPKHPSQSTVCQKGTPNSASKTKDKVNKRNERGE, 103.17, 42.57, 1.37, IDR_1, 259, 2399, NPQQSNRKGETPLKVANSPTMVNLLLGKGTYTSSEESSTESSEEEDAPSFAPSSSVDGNNTDSEFEKGLKHKAKNPEPQKATAPVKDEYEFDEDDEQDRVPPVDDKHLLKKDYRKETKSNSFISIPKMEVKSYTKNNTIAPKKASHRILSDTSDEEDASVTVGTGEKLRLSAHTILPGSKTREPSNAKQQKEKNKVKKKRKKETKGREVRFGKRSDKFCSSESESESSESGEDDRDSLGSSGCLKGSPLVLKDPSLFSSLSASSTSSHGSSAAQKQNPSHTDQHTKHWRTDNWKTISSPAWSEVSSLSDSTRTRLTSESDYSSEGSSVESLKPVRKRQEHRKRASLSEKKSPFLSSAEGAVPKLDKEGKVVKKHKTKHKHKNKEKGQCSISQELKLKSFTYEYEDSKQKSDKAILLENDLSTENKLKVLKHDRDHFKKEEKLSKMKLEEKEWLFKDEKSLKRIKDTNKDISRSFREEKDRSNKAEKERSLKEKSPKEEKLRLYKEERKKKSKDRPSKLEKKNDLKEDKISKEKEKIFKEDKEKLKKEKVYREDSAFDEYCNKNQFLENEDTKFSLSDDQRDRWFSDLSDSSFDFKGEDSWDSPVTDYRDMKSDSVAKLILETVKEDSKERRRDSRAREKRDYREPFFRKKDRDYLDKNSEKRKEQTEKHKSVPGYLSEKDKKRRESAEAGRDRKDALESCKERRDGRAKPEEAHREELKECGCESGFKDKSDGDFGKGLEPWERHHPAREKEKKDGPDKERKEKTKPERYKEKSSDKDKSEKSILEKCQKDKEFDKCFKEKKDTKEKHKDTHGKDKERKASLDQGKEKKEKAFPGIISEDFSEKKDDKKGKEKSWYIADIFTDESEDDRDSCMGSGFKMGEASDLPRTDGLQEKEEGREAYASDRHRKSSDKQHPERQKDKEPRDRRKDRGAADAGRDKKEKVFEKHKEKKDKESTEKYKDRKDRASVDSTQDKKNKQKLPEKAEKKHAAEDKAKSKHKEKSDKEHSKERKSSRSADAEKSLLEKLEEEALHEYREDSNDKISEVSSDSFTDRGQEPGLTAFLEVSFTEPPGDDKPRESACLPEKLKEKERHRHSSSSSKKSHDRERAKKEKAEKKEKGEDYKEGGSRKDSGQYEKDFLEADAYGVSYNMKADIEDELDKTIELFSTEKKDKNDSEREPSKKIEKELKPYGSSAINILKEKKKREKHREKWRDEKERHRDRHADGLLRHHRDELLRHHRDEQKPATRDKDSPPRVLKDKSRDEGPRLGDAKLKEKFKDGAEKEKGDPVKMSNGNDKVAPSKDPGKKDARPREKLLGDGDLMMTSFERMLSQKDLEIEERHKRHKERMKQMEKLRHRSGDPKLKEKAKPADDGRKKGLDIPAKKPPGLDPPFKDKKLKESTPIPPAAENKLHPASGADSKDWLAGPHMKEVLPASPRPDQSRPTGVPTPTSVLSCPSYEEVMHTPRTPSCSADDYADLVFDCADSQHSTPVPTAPTSACSPSFFDRFSVASSGLSENASQAPARPLSTNLYRSVSVDIRRTPEEEFSVGDKLFRQQSVPAASSYDSPMPPSMEDRAPLPPVPAEKFACLSPGYYSPDYGLPSPKVDALHCPPAAVVTVTPSPEGVFSSLQAKPSPSPRAELLVPSLEGALPPDLDTSEDQQATAAIIPPEPSYLEPLDEGPFSAVITEEPVEWAHPSEQALASSLIGGTSENPVSWPVGSDLLLKSPQRFPESPKRFCPADPLHSAAPGPFSASEAPYPAPPASPAPYALPVAEPGLEDVKDGVDAVPAAISTSEAAPYAPPSGLESFFSNCKSLPEAPLDVAPEPACVAAVAQVEALGPLENSFLDGSRGLSHLGQVEPVPWADAFAGPEDDLDLGPFSLPELPLQTKDAADGEAEPVEESLAPPEEMPPGAPGVINGGDVSTVVAEEPPALPPDQASTRLPAELEPEPSGEPKLDVALEAAVEAETVPEERARGDPDSSVEPAPVPPEQRPLGSGDQGAEAEGPPAASLCAPDGPAPNTVAQAQAADGAGPEDDTEASRAAAPAEGPPGGIQPEAAEPKPTAEAPKAPRVEEIPQRMTRNRAQMLANQSKQGPPPSEKECAPTPAPVTRAKARGSEDDDAQAQHPRKRRFQRSTQQLQQQ, 392.49, 172.01, 1.45
430, Q8IZQ8, MYCD_HUMAN Myocardin, 5085, IDR_0, 1, 517, MTLLGSEHSLLIRSKFRSVLQLRLQQRRTQEQLANQGIIPPLKRPAEFHEQRKHLDSDKAKNSLKRKARNRCNSADLVNMHILQASTAERSIPTAQMKLKRARLADDLNEKIALRPGPLELVEKNILPVDSAVKEAIKGNQVSFSKSTDAFAFEEDSSSDGLSPDQTRSEDPQNSAGSPPDAKASDTPSTGSLGTNQDLASGSENDRNDSASQPSHQSDAGKQGLGPPSTPIAVHAAVKSKSLGDSKNRHKKPKDPKPKVKKLKYHQYIPPDQKAEKSPPPMDSAYARLLQQQQLFLQLQILSQQQQQQQHRFSYLGMHQAQLKEPNEQMVRNPNSSSTPLSNTPLSPVKNSFSGQTGVSSFKPGPLPPNLDDLKVSELRQQLRIRGLPVSGTKTALMDRLRPFQDCSGNPVPNFGDITTVTFPVTPNTLPNYQSSSSTSALSNGFYHFGSTSSSPPISPASSDLSVAGSLPDTFNDASPSFGLHPSPVHVCTEESLMSSLNGGSVPSELDGLDSEK, 177.12, 74.84, 1.34, IDR_1, 555, 938, NNCSEKKPLPFLAASIKQEEAVSSCPFASQVPVKRQSSSSECHPPACEAAQLQPLGNAHCVESSDQTNVLSSTFLSPQCSPQHSPLGAVKSPQHISLPPSPNNPHFLPSSSGAQGEGHRVSSPISSQVCTAQMAGLHSSDKVGPKFSIPSPTFSKSSSAISEVTQPPSYEDAVKQQMTRSQQMDELLDVLIESGEMPADAREDHSCLQKVPKIPRSSRSPTAVLTKPSASFEQASSGSQIPFDPYATDSDEHLEVLLNSQSPLGKMSDVTLLKIGSEEPHFDGIMDGFSGKAAEDLFNAHEILPGPLSPMQTQFSPSSVDSNGLQLSFTESPWETMEWLDLTPPNSTPGFSALTTSSPSIFNIDFLDVTDLNLNSSMDLHLQQW, 157.81, 66.67, 1.38
431, Q6T4R5, NHS_HUMAN Nance-Horan syndrome protein, 5069, IDR_0, 1, 110, MPFAKRIVEPQWLCRQRRPAPGPAVDASGGSAEPPPPLQPPGRRDLDEVEAPGPEEPARAVPAPSGLPPPPPPLPAPADQTQPPHGEASVAGEESTAGIPEAAPAAGEAS, 83.01, 35.64, 1.35, IDR_1, 243, 1651, SRSDRREQRAAAPLSIAAPPLPAYPPAHSQRRREFKDRHFLTFNSTRSPSPTECCHMTPWSRKSHPPEDEDTDVMLGQRPKNPIHNIPSTLDKQTNWSKALPLPTPEEKMKQDAQVISSCIIPINVTGVGFDREASIRCSLVHSQSVLQRRRKLRRRKTISGIPRRVQQEIDSDESPVARERNVIVHTNPDPSNTVNRISGTRDSECQTEDILIAAPSRRRIRAQRGQSIAASLSHSAGNISALADKGDTMFTPAVSSRTRSRSLPREGNRGGDAEPKVGAKPSAYEEGESFVGDHERTPNDFSEAPSSPSAQDHQPTLGLACSQHLHSPQHKLSERGRSRLSRMAADSGSCDISSNSDTFGSPIHCISTAGVLLSSHMDQKDDHQSSSGNWSGSSSTCPSQTSETIPPAASPPLTGSSHCDSELSLNTAPHANEDASVFVTEQYNDHLDKVRGHRANSFTSTVADLLDDPNNSNTSDSEWNYLHHHHDASCRQDFSPERPKADSLGCPSFTSMATYDSFLEKSPSDKADTSSHFSVDTEGYYTSMHFDCGLKGNKSYVCHYAALGPENGQGVGASPGLPDCAWQDYLDHKRQGRPSISFRKPKAKPTPPKRSSSLRKSDGNADISEKKEPKISSGQHLPHSSREMKLPLDFANTPSRMENANLPTKQEPSWINQSEQGIKEPQLDASDIPPFKDEVAESTHYADLWLLNDLKTNDPYRSLSNSSTATGTTVIECIKSPESSESQTSQSESRATTPSLPSVDNEFKLASPEKLAGLASPSSGYSSQSETPTSSFPTAFFSGPLSPGGSKRKPKVPERKSSLQQPSLKDGTISLSKDLELPIIPPTHLDLSALHNVLNKPFHHRHPLHVFTHNKQNTVGETLRSNPPPSLAITPTILKSVNLRSINKSEEVKQKEENNTDLPYLEESTLTTAALSPSKIRPHTANKSVSRQYSTEDTILSFLDSSAVEMGPDKLHLEKNSTFDVKNRCDPETITSAGSSLLDSNVTKDQVRTETEPIPENTPTKNCAFPTEGFQRVSAARPNDLDGKIIQYGPGPDETLEQVQKAPSAGLEEVAQPESVDVITSQSDSPTRATDVSNQFKHQFVMSRHHDKVPGTISYESEITSVNSFPEKCSKQENIASGISAKSASDNSKAEETQGNVDEASLKESSPSDDSIISPLSEDSQAEAEGVFVSPNKPRTTEDLFAVIHRSKRKVLGRKDSGDMSVRSKSRAPLSSSSSSASSITSPSSNVTTPNSQRSPGLIYRNAKKSNTSNEEFKLLLLKKGSRSDSSYRMSATEILKSPILPKPPGELTAESPQSTDDAHQGSQGAEALSPLSPCSPRVNAEGFSSKSFATSASARVGRSRAPPAASSSRYSVRCRLYNTPMQAISEGETENSDGSPHDDRSSQSST, 292.76, 129.22, 1.34
432, Q9NSI6, BRWD1_HUMAN Bromodomain and WD repeat-containing protein 1, 5027, IDR_0, 573, 930, NYVLDEQTQQAPHLMPPPFLVDVDGNPHPTKYQRLVPGRENSADEHLIPQLGYVATSDGEVIEQIISLQTNDNDERSPESSILDGMIRQLQQQQDQRMGADQDTIPRGLSNGEETPRRGFRRLSLDIQSPPNIGLRRSGQVEGVRQMHQNAPRSQIATERDLQAWKRRVVVPEVPLGIFRKLEDFRLEKGEEERNLYIIGRKRKTLQLSHKSDSVVLVSQSRQRTCRRKYPNYGRRNRSWRELSSGNESSSSVRHETSCDQSEGSGSSEEDEWRSDRKSESYSESSSDSSSRYSDWTADAGINLQPPLRTSCRRRITRFCSSSEDEISTENLSPPKRRRKRKKENKPKKENLRRMTPA, 124.12, 53.03, 1.13, IDR_1, 1269, 1310, ISELSNTSENDEQNAEDLDDSDLPKTSSGRRRVHDGKKSIRA, 39.79, 17.07, 1.05, IDR_2, 1435, 2320, SQRFKQRQNCKGDSQPNKSIRNLKPKRLKSQTKIIPELVGSPTQSTSSRTAYLGTHKTSAGISSGVTSGDSSDSAESSERRKRNRPITNGSTLSESEVEDSLATSLSSSASSSSEESKESSRARESSSRSGLSRSSNLRVTRTRAAQRKTGPVSLANGCGRKATRKRVYLSDSDNNSLETGEILKARAGNNRKVLRKCAAVAANKIKLMSDVEENSSSESVCSGRKLPHRNASAVARKKLLHNSEDEQSLKSEIEEEELKDENQLLPVSSSHTAQSNVDESENRDSESESDLRVARKNWHANGYKSHTPAPSKTKFLKIESSEEDSKSHDSDHACNRTAGPSTSVQKLKAESISEEADSEPGRSGGRKYNTFHKNASFFKKTKILSDSEDSESEEQDREDGKCHKMEMNPISGNLNCDPIAMSQCSSDHGCETDLDSDDDKIEKPNNFMKDSASQDNGLSRKISRKRVCSSDSDSSLQVVKKSSKARTGLLRITRRCAATAANKIKLMSDVEDVSLENVHTRSKNGRKKPLHLACTTAKKKLSDCEGSVHCEVPSEQYACEGKPPDPDSEGSTKVLSQALNGDSDSEDMLNSEHKHRHTNIHKIDAPSKRKSSSVTSSGEDSKSHIPGSETDRTFSSESTLAQKATAENNFEVELNYGLRRWNGRRLRTYGKAPFSKTKVIHDSQETAEKEVKRKRSHPELENVKISETTGNSKFRPDTSSKSSDLGSVTESDIDCTDNTKTKRRKTKGKAKVVRKEFVPRDREPNTKVRTCMHNQKDAVQMPSETLKAKMVPEKVPRRCATVAANKIKIMSNLKETISGPENVWIRKSSRKLPHRNASAAAKKKLLNVYKEDDTTINSESEKELEDINRKMLFLRGFRSWKENAQ, 234.17, 98.59, 1.35
433, Q93074, MED12_HUMAN Mediator of RNA polymerase II transcription subunit 12, 4814, IDR_0, 1, 97, MAAFGILSYEHRPLKRPRLGPPDVYPQDPKQKEDELTALNVKQGFNNQPAVSGDEHGSAKNVSFNPAKISSNFSSIIAEKLRCNTLPDTGRRKPQVN, 71.9, 29.98, 1.25, IDR_1, 207, 221, PGPAGSGGCGSTIGP, 25.65, 9.83, 1.14, IDR_2, 309, 411, LDGVSSHSSHVISAQSTSTLPTTPAPQPPTSSTPSTPFSDLLMCPQHRPLVFGLSCILQTILLCCPSALVWHYSLTDSRIKTGSPLDHLPIAPSNLPMPEGNS, 76.82, 32.25, 1.3, IDR_3, 536, 563, IEAERCGESEAADEKGSIASGSLSAPSA, 35.46, 13.95, 1.14, IDR_4, 623, 721, DLAFGAPGPRPPSPFDDPADDPEHKEAEGSSSSKLEDPGLSESMDIDPSSSVLFEDMEKPDFSLFSPTMPCEGKGSPSPEKPDVEKEVKPPPKEKIEGT, 81.64, 33.66, 1.4, IDR_5, 788, 821, AETDQLAPIVPLNPGDLTFLGGEDGQKRRRNRPE, 39.5, 16.25, 1.17, IDR_6, 1237, 1270, GSGFTVTGGTEELPEEEGGGGSGGRRQGGRNISV, 36.83, 15.15, 1.1, IDR_7, 1392, 1476, QSAETGSSSGSTASNMPSSSKTKPVLSSLERSGVWLVAPLIAKLPTSVQGHVLKAAGEELEKGQHLGSSSRKERDRQKQKSMSLL, 68.48, 28.4, 1.28, IDR_8, 1739, 2177, LEPLPLPPEDEEPPAPTLLEPEKKAPEPPKTDKPGAAPPSTEERKKKSTKGKKRSQPATKTEDYGMGPGRSGPYGVTVPPDLLHHPNPGSITHLNYRQGSIGLYTQNQPLPAGGPRVDPYRPVRLPMQKLPTRPTYPGVLPTTMTGVMGLEPSSYKTSVYRQQQPAVPQGQRLRQQLQQSQGMLGQSSVHQMTPSSSYGLQTSQGYTPYVSHVGLQQHTGPAGTMVPPSYSSQPYQSTHPSTNPTLVDPTRHLQQRPSGYVHQQAPTYGHGLTSTQRFSHQTLQQTPMISTMTPMSAQGVQAGVRSTAILPEQQQQQQQQQQQQQQQQQQQQQQQQQQYHIRQQQQQQILRQQQQQQQQQQQQQQQQQQQQQQQQQQHQQQQQQQAAPPQPQPQSQPQFQRQGLQQTQQQQQTAALVRQLQQQLSNTQPQPSTNIFGRY, 133.14, 56.95, 1.09
434, Q9UHK0, NUFP1_HUMAN Nuclear fragile X mental retardation-interacting protein 1, 4764, IDR_0, 1, 169, MAEPTSDFETPIGWHASPELTPTLGPLSDTAPPRDSWMFWAMLPPPPPPLTSSLPAAGSKPSSESQPPMEAQSLPGAPPPFDAQILPGAQPPFDAQSPLDSQPQPSGQPWNFHASTSWYWRQSSDRFPRHQKSFNPAVKNSYYPRKYDAKFTDFSLPPSRKQKKKKRKE, 78.9, 35.21, 1.04, IDR_1, 267, 443, GAVLTTTQYGKMKGMSRHSQMAKIRSPGKNHKWKNDNSRQRAVTGSGSHLCDLKLEGPPEANADPLGVLINSDSESDKEEKPQHSVIPKEVTPALCSLMSSYGSLSGSESEPEETPIKTEADVLAENQVLDSSAPKSPSQDVKATVRNFSEAKSENRKKSFEKTNPKRKKDYHNYQT, 98.94, 43.06, 1.28
435, O95835, LATS1_HUMAN Serine/threonine-protein kinase LATS1, 4719, IDR_0, 1, 106, MKRSEKPEGYRQMRPKTFPASNYTVSSRQMLQEIRESLRNLSKPSDAAKAEHNMSKMSTEDPRQVRNPPKFGTHHKALQEIRNSLLPFANETNSSRSTSEVNPQML, 75.14, 31.9, 1.25, IDR_1, 145, 634, DPRREQMAAAAARPINASMKPGNVQQSVNRKQSWKGSKESLVPQRHGPPLGESVAYHSESPNSQTDVGRPLSGSGISAFVQAHPSNGQRVNPPPPPQVRSVTPPPPPRGQTPPPRGTTPPPPSWEPNSQTKRYSGNMEYVISRISPVPPGAWQEGYPPPPLNTSPMNPPNQGQRGISSVPVGRQPIIMQSSSKFNFPSGRPGMQNGTGQTDFMIHQNVVPAGTVNRQPPPPYPLTAANGQSPSALQTGGSAAPSSYTNGSIPQSMMVPNRNSHNMELYNISVPGLQTNWPQSSSAPAQSSPSSGHEIPTWQPNIPVRSNSFNNPLGNRASHSANSQPSATTVTAITPAPIQQPVKSMRVLKPELQTALAPTHPSWIPQPIQTVQPSPFPEGTASNVTVMPPVAEAPNYQGPPPPYPKHLLHQNPSVPPYESISKPSKEDQPSLPKEDESEKSYENVDSGDKEKKQITTSPITVRKNKKDEERRESRIQSY, 162.81, 69.71, 1.26, IDR_2, 1026, 1130, YIPKITHPTDTSNFDPVDPDKLWSDDNEEENVNDTLNGWYKNGKHPEHAFYEFTFRRFFDDNGYPYNYPKPIEYEYINSQGSEQQSDEDDQNTGSEIKNRDLVYV, 63.85, 26.57, 1.07
436, Q86US8, EST1A_HUMAN Telomerase-binding protein EST1A, 4716, IDR_0, 1, 566, MAEGLERVRISASELRGILATLAPQAGSRENMKELKEARPRKDNRRPDLEIYKPGLSRLRNKPKIKEPPGSEEFKDEIVNDRDCSAVENGTQPVKDVCKELNNQEQNGPIDPENNRGQESFPRTAGQEDRSLKIIKRTKKPDLQIYQPGRRLQTVSKESASRVEEEEVLNQVEQLRVEEDECRGNVAKEEVANKPDRAEIEKSPGGGRVGAAKGEKGKRMGKGEGVRETHDDPARGRPGSAKRYSRSDKRRNRYRTRSTSSAGSNNSAEGAGLTDNGCRRRRQDRTKERPRLKKQVSVSSTDSLDEDRIDEPDGLGPRRSSERKRHLERNWSGRGEGEQKNSAKEYRGTLRVTFDAEAMNKESPMVRSARDDMDRGKPDKGLSSGGKGSEKQESKNPKQELRGRGRGILILPAHTTLSVNSAGSPESAPLGPRLLFGSGSKGSRSWGRGGTTRRLWDPNNPDQKPALKTQTPQLHFLDTDDEVSPTSWGDSRQAQASYYKFQNSDNPYYYPRTPGPASQYPYTGYNPLQYPVGPTNGVYPGPYYPGYPTPSGQYVCSPLPTSTMSP, 173.88, 75.0, 1.26, IDR_1, 825, 887, HEEFDLSPDQWRKGKKSTFRHVGDDTTRLEIWIHPSHPRSSQGTESGKDSEQENGLGSLSPSD, 53.24, 22.43, 1.16, IDR_2, 995, 1011, KAQLSSPEDQDDQDDIK, 25.84, 10.68, 1.07, IDR_3, 1157, 1201, APVPDTMGKEMGSQEGTRLEDEEEDVVIEDFEEDSEAEGSGGEDD, 52.79, 20.74, 1.35
437, Q7Z5Q1, CPEB2_HUMAN Cytoplasmic polyadenylation element-binding protein 2, 4706, IDR_0, 1, 318, MPPPSPDSENGFYPGLPSSMNPAFFPSFSPVSPHGCTGLSVPTSGGGGGGFGGPFSATAVPPPPPPAMNIPQQQPPPPAAPQQPQSRRSPVSPQLQQQHQAAAAAFLQQRNSYNHHQPLLKQSPWSNHQSSGWGTGSMSWGAMHGRDHRRTGNMGIPGTMNQISPLKKPFSGNVIAPPKFTRSTPSLTPKSWIEDNVFRTDNNSNTLLPLQVRSSLQLPAWGSDSLQDSWCTAAGTSRIDQDRSRMYDSLNMHSLENSLIDIMRAEHDPLKGRLSYPHPGTDNLLMLNGRSSLFPIDDGLLDDGHSDQVGVLNSPTCY, 117.73, 50.38, 1.13
438, Q9NYJ8, TAB2_HUMAN TGF-beta-activated kinase 1 and MAP3K7-binding protein 2, 4686, IDR_0, 1, 524, MAQGSHQIDFQVLHDLRQKFPEVPEVVVSRCMLQNNNNLDACCAVLSQESTRYLYGEGDLNFSDDSGISGLRNHMTSLNLDLQSQNIYHHGREGSRMNGSRTLTHSISDGQLQGGQSNSELFQQEPQTAPAQVPQGFNVFGMSSSSGASNSAPHLGFHLGSKGTSSLSQQTPRFNPIMVTLAPNIQTGRNTPTSLHIHGVPPPVLNSPQGNSIYIRPYITTPGGTTRQTQQHSGWVSQFNPMNPQQVYQPSQPGPWTTCPASNPLSHTSSQQPNQQGHQTSHVYMPISSPTTSQPPTIHSSGSSQSSAHSQYNIQNISTGPRKNQIEIKLEPPQRNNSSKLRSSGPRTSSTSSSVNSQTLNRNQPTVYIAASPPNTDELMSRSQPKVYISANAATGDEQVMRNQPTLFISTNSGASAASRNMSGQVSMGPAFIHHHPPKSRAIGNNSATSPRVVVTQPNTKYTFKITVSPNKPPAVSPGVVSPTFELTNLLNHPDHYVETENIQHLTDPTLAHVDRISETRKLS, 162.38, 69.01, 1.22, IDR_1, 638, 693, VGPVPPKPKDQRSIIKTPKTQDTEDDEGAQWNCTACTFLNHPALIRCEQCEMPRHF, 53.03, 21.3, 1.22
439, Q6P1M9, ARMX5_HUMAN Armadillo repeat-containing X-linked protein 5, 4667, IDR_0, 1, 214, MVDSGTEARARGKAEAGLQDGISGPATARVNGKTQAEAVAEAELKTESVTQAKAGDGAMTRTHTVTYREAMAVTREVIKVEDTTKTRVMVETKTKPLAERSIVPQTKSKAMPMSRVSTVTKSEVKVVAVIEANIRSYAKSHDKANTGSRPDRREETSIGMKSSDEDEENICSWFWTGEEPSVGSWFWPEEETSLQVYKPLPKIQEKPKPTHKPT, 110.83, 46.37, 1.3, IDR_1, 366, 390, VKEHPGALSMVDDSSESSEEPKSGE, 34.17, 13.21, 1.17
440, Q9H9J4, UBP42_HUMAN Ubiquitin carboxyl-terminal hydrolase 42, 4661, IDR_0, 1, 89, MTIVDKASESSDPSAYQNQPGSSEAVSPGDMDAGSASWGAVSSLNDVSNHTLSLGPVPGAVVYSSSSVPDKSKPSPQKDQALGDGIAPP, 71.75, 29.42, 1.3, IDR_1, 415, 1324, VKNGGELTHPTHSPGQSSPRPVISQRVVTNKQAAPGFIGPQLPSHMIKNPPHLNGTGPLKDTPSSSMSSPNGNSSVNRASPVNASASVQNWSVNRSSVIPEHPKKQKITISIHNKLPVRQCQSQPNLHSNSLENPTKPVPSSTITNSAVQSTSNASTMSVSSKVTKPIPRSESCSQPVMNGKSKLNSSVLVPYGAESSEDSDEESKGLGKENGIGTIVSSHSPGQDAEDEEATPHELQEPMTLNGANSADSDSDPKENGLAPDGASCQGQPALHSENPFAKANGLPGKLMPAPLLSLPEDKILETFRLSNKLKGSTDEMSAPGAERGPPEDRDAEPQPGSPAAESLEEPDAAAGLSSTKKAPPPRDPGTPATKEGAWEAMAVAPEEPPPSAGEDIVGDTAPPDLCDPGSLTGDASPLSQDAKGMIAEGPRDSALAEAPEGLSPAPPARSEEPCEQPLLVHPSGDHARDAQDPSQSLGAPEAAERPPAPVLDMAPAGHPEGDAEPSPGERVEDAAAPKAPGPSPAKEKIGSLRKVDRGHYRSRRERSSSGEPARESRSKTEGHRHRRRRTCPRERDRQDRHAPEHHPGHGDRLSPGERRSLGRCSHHHSRHRSGVELDWVRHHYTEGERGWGREKFYPDRPRWDRCRYYHDRYALYAARDWKPFHGGREHERAGLHERPHKDHNRGRRGCEPARERERHRPSSPRAGAPHALAPHPDRFSHDRTALVAGDNCNLSDRFHEHENGKSRKRRHDSVENSDSHVEKKARRSEQKDPLEEPKAKKHKKSKKKKKSKDKHRDRDSRHQQDSDLSAACSDADLHRHKKKKKKKKRHSRKSEDFVKDSELHLPRVTSLETVAQFRRAQGGFPLSGGPPLEGVGPFREKTKHLRMESRDDRCRLFEYGQGKRRYLELGR, 224.91, 95.88, 1.28
441, Q5JU85, IQEC2_HUMAN IQ motif and SEC7 domain-containing protein 2, 4646, IDR_0, 1, 18, MEAGSGPPGGPGSESPNR, 28.49, 11.31, 1.16, IDR_1, 66, 323, QLHRGELHRDPHGARDSPGRESQYQNLRETQFHHRELRESQFHQAARDVGYPNREGAYQNREAVYRDKERDASYPLQDTTGYTARERDVAQCHLHHENPALGRERGGREAGPAHPGREKEAGYSAAVGVGPRPPRERGQLSRGASRSSSPGAGGGHSTSTSTSPATTLQRKSDGENSRTVSVEGDAPGSDLSTAVDSPGSQPPYRLSQLPPSSSHMGGPPAGVGLPWAQRARLQPASVALRKQEEEEIKRSKALSDSY, 110.76, 49.1, 1.19, IDR_2, 397, 747, YEKAQNPAYFEGKPASLDEGAMAGARSHRLERGLPYGGSCGGGIDGGGSSVTTSGEFSNDITELEDSFSKQVKSLAESIDEALNCHPSGPMSEEPGSAQLEKRESKEQQEDSSATSFSDLPLYLDDTVPQQSPERLPSTEPPPQGRPEFWAPAPLPPVPPPVPSGTREDGSREEGTRRGPGCLECRDFRLRAAHLPLLTIEPPSDSSVDLSDRSDRGSVHRQLVYEADGCSPHGTLKHKGPPGRAPIPHRHYPAPEGPAPAPPGPLPPAPNSGTGPSGVAGGRRLGKCEAAGENSDGGDNESLESSSNSNETINCSSGSSSRDSLREPPATGLCKQTYQRETRHSWDSPAF, 140.17, 62.02, 1.29, IDR_3, 1097, 1488, KQKGMMRPNASQPGGAKDSVNGTMARSSLEDTYGAGDGLKRGALSSSLRDLSDAGKRGRRNSVGSLDSTIEGSVISSPRPHQRMPPPPPPPPPEEYKSQRPVSNSSSFLGSLFGSKRGKGPFQMPPPPTGQASASSSSASSTHHHHHHHHHGHSHGGLGVLPDGQSKLQALHAQYCQGPGPAPPPYLPPQQPSLPPPPQQPPPLPQLGSIPPPPASAPPVGPHRHFHAHGPVPGPQHYTLGRPGRAPRRGAGGHPQFAPHGRHPLHQPTSPLPLYSPAPQHPPAHKQGPKHFIFSHHPQMMPAAGAAGGPGSRPPGGSYSHPHHPQSPLSPHSPIPPHPSYPPLPPPSPHTPHSPLPPTSPHGPLHASGPPGTANPPSANPKAKPSRISTVV, 150.03, 61.04, 1.3
442, Q96T58, MINT_HUMAN Msx2-interacting protein, 4632, IDR_0, 39, 342, PKRGSEGGVAAFVDFVDIKSAQKAHNSVNKMGDRDLRTDYNEPGTIPSAARGLDDTVSIASRSREVSGFRGGGGGPAYGPPPSLHAREGRYERRLDGASDNRERAYEHSAYGHHERGTGGFDRTRHYDQDYYRDPRERTLQHGLYYASRSRSPNRFDAHDPRYEPRAREQFTLPSVVHRDIYRDDITREVRGRRPERNYQHSRSRSPHSSQSRNQSPQRLASQASRPTRSPSGSGSRSRSSSSDSISSSSSTSSDSSDSSSSSSDDSPARSVQSAAVPAPTSQLLSSLEKDEPRKSFGIKVQNL, 117.26, 49.23, 1.15, IDR_1, 625, 3493, DYNQDRTYYESVRTPGTYPEDSRRDYPARGREFYSEWETYQGDYYESRYYDDPREYRDYRNDPYEQDIREYSYRQRERERERERFESDRDRDHERRPIERSQSPVHLRRPQSPGASPSQAERLPSDSERRLYSRSSDRSGSCSSLSPPRYEKLDKSRLERYTKNEKTDKERTFDPERVERERRLIRKEKVEKDKTDKQKRKGKVHSPSSQSSETDQENEREQSPEKPRSCNKLSREKADKEGIAKNRLELMPCVVLTRVKEKEGKVIDHTPVEKLKAKLDNDTVKSSALDQKLQVSQTEPAKSDLSKLESVRMKVPKEKGLSSHVEVVEKEGRLKARKHLKPEQPADGVSAVDLEKLEARKRRFADSNLKAEKQKPEVKKSSPEMEDARVLSKKQPDVSSREVILLREGEAERKPVRKEILKRESKKIKLDRLNTVASPKDCQELASISVGSGSRPSSDLQARLGELAGESVENQEVQSKKPIPSKPQLKQLQVLDDQGPEREDVRKNYCSLRDETPERKSGQEKSHSVNTEEKIGIDIDHTQSYRKQMEQSRRKQQMEMEIAKSEKFGSPKKDVDEYERRSLVHEVGKPPQDVTDDSPPSKKKRMDHVDFDICTKRERNYRSSRQISEDSERTGGSPSVRHGSFHEDEDPIGSPRLLSVKGSPKVDEKVLPYSNITVREESLKFNPYDSSRREQMADMAKIKLSVLNSEDELNRWDSQMKQDAGRFDVSFPNSIIKRDSLRKRSVRDLEPGEVPSDSDEDGEHKSHSPRASALYESSRLSFLLRDREDKLRERDERLSSSLERNKFYSFALDKTITPDTKALLERAKSLSSSREENWSFLDWDSRFANFRNNKDKEKVDSAPRPIPSWYMKKKKIRTDSEGKMDDKKEDHKEEEQERQELFASRFLHSSIFEQDSKRLQHLERKEEDSDFISGRIYGKQTSEGANSTTDSIQEPVVLFHSRFMELTRMQQKEKEKDQKPKEVEKQEDTENHPKTPESAPENKDSELKTPPSVGPPSVTVVTLESAPSALEKTTGDKTVEAPLVTEEKTVEPATVSEEAKPASEPAPAPVEQLEQVDLPPGADPDKEAAMMPAGVEEGSSGDQPPYLDAKPPTPGASFSQAESNVDPEPDSTQPLSKPAQKSEEANEPKAEKPDATADAEPDANQKAEAAPESQPPASEDLEVDPPVAAKDKKPNKSKRSKTPVQAAAVSIVEKPVTRKSERIDREKLKRSNSPRGEAQKLLELKMEAEKITRTASKNSAADLEHPEPSLPLSRTRRRNVRSVYATMGDHENRSPVKEPVEQPRVTRKRLERELQEAAAVPTTPRRGRPPKTRRRADEEEENEAKEPAETLKPPEGWRSPRSQKTAAGGGPQGKKGKNEPKVDATRPEATTEVGPQIGVKESSMEPKAAEEEAGSEQKRDRKDAGTDKNPPETAPVEVVEKKPAPEKNSKSKRGRSRNSRLAVDKSASLKNVDAAVSPRGAAAQAGERESGVVAVSPEKSESPQKEDGLSSQLKSDPVDPDKEPEKEDVSASGPSPEATQLAKQMELEQAVEHIAKLAEASASAAYKADAPEGLAPEDRDKPAHQASETELAAAIGSIINDISGEPENFPAPPPYPGESQTDLQPPAGAQALQPSEEGMETDEAVSGILETEAATESSRPPVNAPDPSAGPTDTKEARGNSSETSHSVPEAKGSKEVEVTLVRKDKGRQKTTRSRRKRNTNKKVVAPVESHVPESNQAQGESPAANEGTTVQHPEAPQEEKQSEKPHSTPPQSCTSDLSKIPSTENSSQEISVEERTPTKASVPPDLPPPPQPAPVDEEPQARFRVHSIIESDPVTPPSDPSIPIPTLPSVTAAKLSPPVASGGIPHQSPPTKVTEWITRQEEPRAQSTPSPALPPDTKASDVDTSSSTLRKILMDPKYVSATSVTSTSVTTAIAEPVSAAPCLHEAPPPPVDSKKPLEEKTAPPVTNNSEIQASEVLVAADKEKVAPVIAPKITSVISRMPVSIDLENSQKITLAKPAPQTLTGLVSALTGLVNVSLVPVNALKGPVKGSVTTLKSLVSTPAGPVNVLKGPVNVLTGPVNVLTTPVNATVGTVNAAPGTVNAAASAVNATASAVTVTAGAVTAASGGVTATTGTVTMAGAVIAPSTKCKQRASANENSRFHPGSMPVIDDRPADAGSGAGLRVNTSEGVVLLSYSGQKTEGPQRISAKISQIPPASAMDIEFQQSVSKSQVKPDSVTASQPPSKGPQAPAGYANVATHSTLVLTAQTYNASPVISSVKADRPSLEKPEPIHLSVSTPVTQGGTVKVLTQGINTPPVLVHNQLVLTPSIVTTNKKLADPVTLKIETKVLQPANLGSTLTPHHPPALPSKLPTEVNHVPSGPSIPADRTVSHLAAAKLDAHSPRPSGPGPSSFPRASHPSSTASTALSTNATVMLAAGIPVPQFISSIHPEQSVIMPPHSITQTVSLSHLSQGEVRMNTPTLPSITYSIRPEALHSPRAPLQPQQIEVRAPQRASTPQPAPAGVPALASQHPPEEEVHYHLPVARATAPVQSEVLVMQSEYRLHPYTVPRDVRIMVHPHVTAVSEQPRAADGVVKVPPASKAPQQPGKEAAKTPDAKAAPTPTPAPVPVPVPLPAPAPAPHGEARILTVTPSNQLQGLPLTPPVVVTHGVQIVHSSGELFQEYRYGDIRTYHPPAQLTHTQFPAASSVGLPSRTKTAAQGPPPEGEPLQPPQPVQSTQPAQPAPPCPPSQLGQPGQPPSSKMPQVSQEAKGTQTGVEQPRLPAGPANRPPEPHTQVQRAQAETGPTSFPSPVSVSMKPDLPVSLPTQTAPKQPLFVPTTSGPSTPPGLVLPHTEFQPAPKQDSSPHLTSQ, 441.88, 216.89, 1.41
443, Q5VIY5, ZN468_HUMAN Zinc finger protein 468, 4598, IDR_0, 1, 223, MALPQGLLTFRDVAIEFSQEEWKCLDPAQRTLYRDVMLENYRNLVSLDISSKCMLKTLSSTGQGNTEVIHTGTLHRQASHHIGEFCFHEIEKDIHGFEFQWKEDETNGHAAPMTEIKELAGSTGQHDQRHAGNKRIKDQLGSSFHLHLPEPHIFQSEGKIGNQVEKSINNASSVSTSQRICCRPKTHISNKYGNNSLHSSLLTQKWEVHMREKSFECIQSFKS, 99.36, 42.56, 1.15
444, Q9H707, ZN552_HUMAN Zinc finger protein 552, 4483, IDR_0, 1, 13, MAAAALRFPVQGT, 23.54, 9.29, 1.11, IDR_1, 50, 261, MSSLGCWCGVEDEAAPSKQSIYIQRETQVRTPMAGVSPKKAHPCEMCGPILGDILHVADHQGTHHKQKLHRCEAWGNKLYDSGNFHQHQNEHIGEKPYRGSVEEALFAKRCKLHVSGESSVFSESGKDFLLRSGLLQQEATHTGKSNSKTECVSLFHGGKSHYSCGGCMKHFSTKDILSQHERLLPTEEPSVWCECGKSSSKYDSFSNHQGV, 99.26, 42.44, 1.18
445, B7Z6K7, ZN814_HUMAN Zinc finger protein 814, 4483, IDR_0, 1, 213, MAAAATLRLSAQGTVTFEDVAVNFTWEEWNLLSEAQRCLYRDVTLENLALISSLGCWCGVEDEAAPSKQSIYIQRETQVRTPMAGVSPKKAHPCEMCGPILGDILHVADHQGTHHKQKLHRCEAWGNKLYDSGNFHQHQNEHIGEKPYRGSVEEALFAKRCKLHVSGESSVFSESGKDFLPRSGLLQQEASHTGEKSNSKTECVSPIQCGGAH, 98.64, 42.54, 1.16
446, E7ETH6, Z587B_HUMAN Zinc finger protein 587B, 4483, IDR_0, 54, 231, LGCWCGVEDEAAPSKQSIYIQRETQVRTPVTGVSPKKAHPCEMCGPILGDILHVADHQGTHHKQKLHRCEAWGNKLYDSGNFHQHQNEHIGEKPYRGSVEEALFVKRCKLHVSGESSVFSESGKDFLPRSGLLQQEASHTGEKSNSKTECVSPFQCGGAHYSHGDSMKHFSTKHILSQ, 92.19, 38.84, 1.19
447, Q9UKL3, C8AP2_HUMAN CASP8-associated protein 2, 4478, IDR_0, 1, 54, MAADDDNGDGTSLFDVFSASPLKNNDEGSLDIYAGLDSAVSDSASKSCVPSRNC, 51.34, 21.13, 1.2, IDR_1, 142, 1030, EFPHFRNNHKTARTFDTVKTKDLKSRSPHLDDCSKTDHRAKSDVSKDVHHSTSLPNLEKEGKPHSDKRSTSHLPTSVEKHCTNGVWSRSHYQVGEGSSNEDSRRGRKDIRHSQFNRGTERVRKDLSTGCGDGEPRILEASQRLQGHPEKYGKGEPKTESKSSKFKSNSDSDYKGERINSSWEKETPGERSHSRVDSQSDKKLERQSERSQNINRKEVKSQDKEERKVDQKPKSVVKDQDHWRRSERASLPHSKNEITFSHNSSKYHLEERRGWEDCKRDKSVNSHSFQDGRCPSSLSNSRTHKNIDSKEVDAMHQWENTPLKAERHRTEDKRKREQESKEENRHIRNEKRVPTEHLQKTNKETKKTTTDLKKQNEPKTDKGEVLDNGVSEGADNKELAMKAESGPNETKNKDLKLSFMKKLNLTLSPAKKQPVSQDNQHKITDIPKSSGVCDSESSMQVKTVAYVPSISEHILGEAAVSEHTMGETKSTLLEPKVALLAVTEPRIGISETNKEDENSLLVRSVDNTMHCEEPICGTETSFPSPMEIQQTESLFPSTGMKQTINNGRAAAPVVMDVLQTDVSQNFGLELDTKRNDNSDYCGISEGMEMKVALSTTVSETTESILQPSIEEADILPIMLSEDNNPKFEPSVIVTPLVESKSCHLEPCLPKETLDSSLQQTELMDHRMATGETNSVYHDDDNSVLSIDLNHLRPIPEAISPLNSPVRPVAKVLRNESPPQVPVYNNSHKDVFLPNSAHSTSKSQSDLNKENQKPIYKSDKCTEADTCKNSPLDELEEGEIRSDSETSKPQESFEKNSKRRVSADVRKSKTIPRRGKSTVCLDKDSRKTHVRIHQTNNKWNKRPDKSSRSSKTEKKDKVMSTSSLEKIVPIIA, 240.46, 102.85, 1.39, IDR_2, 1153, 1919, DSKSFGRDSDEGKLEKTSKQNAQYSNSQKRSVDNSNRELLKEKLSKSEDPVHYKSLVGCKKSEENYQDQNNSSINTVKHDIKKNFNICFDNIKNSQSEERSLEVHCPSTPKSEKNEGSSIEDAQTSQHATLKPERSFEILTEQQASSLTFNLVSDAQMGEIFKSLLQGSDLLDSSVNCTEKSEWELKTPEKQLLETLKCESIPACTTEELVSGVASPCPKMISDDNWSLLSSEKGPSLSSGLSLPVHPDVLDESCMFEVSTNLPLSKDNVCSVEKSKPCVSSILLEDLAVSLTVPSPLKSDGHLSFLKPDMSSSSTPEEVISAHFSEDALLEEEDASEQDIHLALESDNSSSKSSCSSSWTSRSVAPGFQYHPNLPMHAVIMEKSNDHFIVKIRRATPSTSSGLKQSMMPDELLTSLPRHGKEADEGPEKEYISCQNTVFKSVEELENSNKNVDGSKSTHEEQSSMIQTQVPDIYEFLKDASDKMGHSDEVADECFKLHQVWETKVPESIEELPSMEEISHSVGEHLPNTYVDLTKDPVTETKNLGEFIEVTVLHIDQLGCSGGNLNQSAQILDNSLQADTVGAFIDLTQDASSEAKSEGNHPALAVEDLGCGVIQVDEDNCKEEKAQVANRPLKCIVEETYIDLTTESPSSCEVKKDELKSEPGSNCDNSELPGTLHNSHKKRRNISDLNHPHKKQRKETDLTNKEKTKKPTQDSCENTEAHQKKASKKKAPPVTKDPSSLKATPGIKDSSAALATSTSLSAKNVI, 234.72, 101.14, 1.46
448, Q2M2I8, AAK1_HUMAN AP2-associated protein kinase 1, 4452, IDR_0, 1, 33, MKKFFDSRREQGGSGLGSGSSGGGGSTSGLGSG, 35.63, 14.38, 1.08, IDR_1, 321, 961, IPNVQNSPIPAKLPEPVKASEAAAKKTQPKARLTDPIPTTETSIAPRQRPKAGQTQPNPGILPIQPALTPRKRATVQPPPQAAGSSNQPGLLASVPQPKPQAPPSQPLPQTQAKQPQAPPTPQQTPSTQAQGLPAQAQATPQHQQQLFLKQQQQQQQPPPAQQQPAGTFYQQQQAQTQQFQAVHPATQKPAIAQFPVVSQGGSQQQLMQNFYQQQQQQQQQQQQQQLATALHQQQLMTQQAALQQKPTMAAGQQPQPQPAAAPQPAPAQEPAIQAPVRQQPKVQTTPPPAVQGQKVGSLTPPSSPKTQRAGHRRILSDVTHSAVFGVPASKSTQLLQAAAAEASLNKSKSATTTPSGSPRTSQQNVYNPSEGSTWNPFDDDNFSKLTAEELLNKDFAKLGEGKHPEKLGGSAESLIPGFQSTQGDAFATTSFSAGTAEKRKGGQTVDSGLPLLSVSDPFIPLQVPDAPEKLIEGLKSPDTSLLLPDLLPMTDPFGSTSDAVIEKADVAVESLIPGLEPPVPQRLPSQTESVTSNRTDSLTGEDSLLDCSLLSNPTTDLLEEFAPTAISAPVHKAAEDSNLISGFDVPEGSDKVAEDEFDPIPVLITKNPQGGHSRNSSGSSESSLPNLARSLLLVDQLIDL, 209.7, 84.79, 1.42
449, Q9H7Z3, NRDE2_HUMAN Nuclear exosome regulator NRDE2, 4407, IDR_0, 1, 303, MALFPAFAGLSEAPDGGSSRKELDWLSNPSFCVGSITSLSQQTEAAPAHVSEGLPLTRSHLKSESSDESDTNKKLKQTSRKKKKEKKKKRKHQHHKKTKRKHGPSSSSRSETDTDSEKDKPSRGVGGSKKESEEPNQGNNAAADTGHRFVWLEDIQAVTGETFRTDKKPDPANWEYKSLYRGDIARYKRKGDSCLGINPKKQCISWEGTSTEKKHSRKQVERYFTKKSVGLMNIDGVAISSKTEPPSSEPISFIPVKDLEDAAPVTTWLNPLGIYDQSTTHWLQGQGPPEQESKQPDAQPDSE, 124.47, 52.88, 1.23, IDR_1, 553, 610, INPDEDDDEPEEDDQEIKDKTLPRWQIWLAAERSRDQRHWRPWRPDKTKKQTEEDCED, 48.47, 20.61, 1.09
450, Q8TF01, PNISR_HUMAN Arginine/serine-rich protein PNISR, 4406, IDR_0, 1, 325, MWDQGGQPWQQWPLNQQQWMQSFQHQQDPSQIDWAALAQAWIAQREASGQQSMVEQPPGMMPNGQDMSTMESGPNNHGNFQGDSNFNRMWQPEWGMHQQPPHPPPDQPWMPPTPGPMDIVPPSEDSNSQDSGEFAPDNRHIFNQNNHNFGGPPDNFAVGPVNQFDYQHGAAFGPPQGGFHPPYWQPGPPGPPAPPQNRRERPSSFRDRQRSPIALPVKQEPPQIDAVKRRTLPAWIREGLEKMEREKQKKLEKERMEQQRSQLSKKEKKATEDAEGGDGPRLPQRSKFDSDEEEEDTENVEAASSGKVTRSPSPVPQEEHSDPEM, 97.63, 46.05, 0.93, IDR_1, 367, 415, KAPAKQLAQSSALASLTGLGGLGGYGSGDSEDERSDRGSESSDTDDEEL, 47.41, 19.0, 1.17, IDR_2, 470, 805, EAREADGDVVNEKKRTPNETTSVLEPKKEHKEKEKQGRSRSGSSSSGSSSSNSRTSSTSSTVSSSSYSSSSGSSRTSSRSSSPKRKKRHSRSRSPTIKARRSRSRSYSRRIKIESNRARVKIRDRRRSNRNSIERERRRNRSPSRERRRSRSRSRDRRTNRASRSRSRDRRKIDDQRGNLSGNSHKHKGEAKEQERKKERSRSIDKDRKKKDKEREREQDKRKEKQKREEKDFKFSSQDDRLKRKRESERTFSRSGSISVKIIRHDSRQDSKKSTTKDSKKHSGSDSSGRSSSESPGSSKEKKAKKPKHSRSRSVEKSQRSGKKASRKHKSKSRSR, 160.04, 67.24, 1.5
451, Q9P1Y5, CAMP3_HUMAN Calmodulin-regulated spectrin-associated protein 3, 4383, IDR_0, 188, 211, AAQRASPAAPADGAAPAQPSIRYR, 33.2, 13.41, 1.15, IDR_1, 324, 1117, VKDLPDGHAASPRGTEASPPQNNSGSSSPVFTFRHPLLSSGGPQSPLRGSTGSLKSSPSMSHMEALGKAWNRQLSRPLSQAVSFSTPFGLDSDVDVVMGDPVLLRSVSSDSLGPPRPAPARTPTQPPPEPGDLPTIEEALQIIHSAEPRLLPDGAADGSFYLHSPEGPSKPSLASPYLPEGTSKPLSDRPTKAPVYMPHPETPSKPSPCLVGEASKPPAPSEGSPKAVASSPAATNSEVKMTSFAERKKQLVKAEAEAGAGSPTSTPAPPEALSSEMSELSARLEEKRRAIEAQKRRIEAIFAKHRQRLGKSAFLQVQPREASGEAEAEAEEADSGPVPGGERPAGEGQGEPTSRPKAVTFSPDLGPVPHEGLGEYNRAVSKLSAALSSLQRDMQRLTDQQQRLLAPPEAPGSAPPPAAWVIPGPTTGPKAASPSPARRVPATRRSPGPGPSQSPRSPKHTRPAELRLAPLTRVLTPPHDVDSLPHLRKFSPSQVPVQTRSSILLAEETPPEEPAARPGLIEIPLGSLADPAAEDEGDGSPAGAEDSLEEEASSEGEPRVGLGFFYKDEDKPEDEMAQKRASLLERQQRRAEEARRRKQWQEVEKEQRREEAARLAQEEAPGPAPLVSAVPMATPAPAARAPAEEEVGPRKGDFTRQEYERRAQLKLMDDLDKVLRPRAAGSGGPGRGGRRATRPRSGCCDDSALARSPARGLLGSRLSKIYSQSTLSLSTVANEAHNNLGVKRPTSRAPSPSGLMSPSRLPGSRERDWENGSNASSPASVPEYTGPRLYKEPS, 233.83, 99.25, 1.42, IDR_2, 1234, 1249, QGKKPTTPKKGGGTPK, 29.01, 11.34, 1.26
452, Q9Y4G8, RPGF2_HUMAN Rap guanine nucleotide exchange factor 2, 4381, IDR_0, 1, 108, MKPLAIPANHGVMGQQEKHSLPADFTKLHLTDSLHPQVTHVSSSHSGCSITSDSGSSSLSDIYQATESEAGDMDLSGLPETAVDSEDDDDEEDIERASDPLMSRDIVR, 77.53, 32.61, 1.28, IDR_1, 520, 589, KKSKANTVGGRNKLKKILDKTRISILPQKPYNDIGIGQSQDDSIVGLRQTKHIPTALPVSGTLSSSNPDL, 63.19, 25.71, 1.3, IDR_2, 927, 1499, KWRSLGSLSQGSTNATVLDVAQTGGHKKRVRRSSFLNAKKLYEDAQMARKVKQYLSNLELEMDEESLQTLSLQCEPATNTLPKNPGDKKPVKSETSPVAPRAGSQQKAQSLPQPQQQPPPAHKINQGLQVPAVSLYPSRKKVPVKDLPPFGINSPQALKKILSLSEEGSLERHKKQAEDTISNASSQLSSPPTSPQSSPRKGYTLAPSGTVDNFSDSGHSEISSRSSIVSNSSFDSVPVSLHDERRQRHSVSIVETNLGMGRMERRTMIEPDQYSLGSYAPMSEGRGLYATATVISSPSTEELSQDQGDRASLDAADSGRGSWTSCSSGSHDNIQTIQHQRSWETLPFGHTHFDYSGDPAGLWASSSHMDQIMFSDHSTKYNRQNQSRESLEQAQSRASWASSTGYWGEDSEGDTGTIKRRGGKDVSIEAESSSLTSVTTEETKPVPMPAHIAVASSTTKGLIARKEGRYREPPPTPPGYIGIPITDFPEGHSHPARKPPDYNVALQRSRMVARSSDTAGPSSVQQPHGHPTSSRPVNKPQWHKPNESDPRLAPYQSQGFSTEEDEDEQVSAV, 171.42, 74.87, 1.23
453, Q92504, S39A7_HUMAN Zinc transporter SLC39A7, 4347, IDR_0, 1, 126, MARGLGAPHWVAVGLLTWATLGLLVAGLGGHDDLHDDLQEDFHGHSHRHSHEDFHHGHSHAHGHGHTHESIWHGHTHDHDHGHSHEDLHHGHSHGYSHESLYHRGHGHDHEHSHGGYGESGAPGIK, 68.06, 29.04, 1.05, IDR_1, 194, 214, EPHSHHTLEQPGHGHSHSGQG, 28.04, 11.88, 1.06, IDR_2, 240, 312, VKGGHGHSHGHGHAHSHTRGSHGHGRQERSTKEKQSSEEEEKETRGVQKRRGGSTVPKDGPVRPQNAEEEKRG, 59.52, 23.99, 1.21
454, Q6ULP2, AFTIN_HUMAN Aftiphilin, 4271, IDR_0, 1, 641, MEPDIIRMYSSSPPPLDNGAEDDDDDEFGEFGGFSEVSPSGVGFVDFDTPDYTRPKEEFVPSNHFMPIHEFSENVDSLTSFKSIKNGNDKDITAELSAPVKGQSDVLLSTTSKEIISSEMLATSIDGMERPGNLNKVVEQRQNVGTLESFSPGDFRTNMNVVHQNKQLESCNGEKPPCLEILTNGFAVLETVNPQGTDDLDNVADSKGRKPLSTHSTEYNLDSVPSPAEEFADFATFSKKERIQLEEIECAVLNDREALTIRENNKINRVNELNSVKEVALGRSLDNKGDTDGEDQVCVSEISIVTNRGFSVEKQGLPTLQQDEFLQSGVQSKAWSLVDSADNSEAIRREQCKTEEKLDLLTSKCAHLCMDSVKTSDDEVGSPKEESRKFTNFQSPNIDPTEENDLDDSLSVKNGDSSNDFVTCNDINEDDFGDFGDFGSASGSTPPFVTGTQDSMSDATFEESSEHFPHFSEPGDDFGEFGDINAVSCQEETILTKSDLKQTSDNLSEECQLARKSSGTGTEPVAKLKNGQEGEIGHFDSVPNIQDDCNGFQDSDDFADFSSAGPSQVVDWNAFEDEQKDSCSWAAFGDQQATESHHRKEAWQSHRTDENIDTPGTPKTHSVPSATSKGAVASGHLQESA, 210.61, 87.93, 1.43, IDR_1, 757, 936, LGMLEPTKEPLKPLSAAEKIASIGQTATMSPDMNTCTSDQFQESLPPVQFDWSSSGLTNPLDASGGSTLLNLDFFGPVDDSSSSSSTTIPGVDPELYELTTSKLEISTSSLKVTDAFARLMSTVEKTSTSTRKPKREEHLSEEAIKVIAGLPDLTFMHAKVLMFPATLTPSTSSQEKADG, 106.63, 44.14, 1.36
455, Q6PJF5, RHDF2_HUMAN Inactive rhomboid protein 2, 4205, IDR_0, 1, 375, MASADKNGGSVSSVSSSRLQSRKPPNLSITIPPPEKETQAPGEQDSMLPEGFQNRRLKKSQPRTWAAHTTACPPSFLPKRKNPAYLKSVSLQEPRSRWQESSEKRPGFRRQASLSQSIRKGAAQWFGVSGDWEGQRQQWQRRSLHHCSMRYGRLKASCQRDLELPSQEAPSFQGTESPKPCKMPKIVDPLARGRAFRHPEEMDRPHAPHPPLTPGVLSLTSFTSVRSGYSHLPRRKRMSVAHMSLQAAAALLKGRSVLDATGQRCRVVKRSFAFPSFLEEDVVDGADTFDSSFFSKEEMSSMPDDVFESPPLSASYFRGIPHSASPVSPDGVQIPLKEYGRAPVPGPRRGKRIASKVKHFAFDRKKRHYGLGVVG, 138.68, 56.92, 1.23, IDR_1, 497, 567, SGCCVQNDHSGCIQTQRKDCSETLATFVKWQDDTGPPMDKSDLGQKRTSGAVCHQDPRTCEEPASSGAHIW, 55.94, 24.57, 1.14
456, Q86YZ3, HORN_HUMAN Hornerin, 4186, IDR_0, 98, 2850, GSKLRDDTHQHQEEQEETEKEENKRQESSFSHSSWSAGENDSYSRNVRGSLKPGTESISRRLSFQRDFSGQHNSYSGQSSSYGEQNSDSHQSSGRGQCGSGSGQSPNYGQHGSGSGQSSSNDTHGSGSGQSSGFSQHKSSSGQSSGYSQHGSGSGHSSGYGQHGSRSGQSSRGERHRSSSGSSSSYGQHGSGSRQSLGHGRQGSGSRQSPSHVRHGSGSGHSSSHGQHGSGSSYSYSRGHYESGSGQTSGFGQHESGSGQSSGYSKHGSGSGHSSSQGQHGSTSGQASSSGQHGSSSRQSSSYGQHESASRHSSGRGQHSSGSGQSPGHGQRGSGSGQSPSSGQHGTGFGRSSSSGPYVSGSGYSSGFGHHESSSEHSSGYTQHGSGSGHSSGHGQHGSRSGQSSRGERQGSSAGSSSSYGQHGSGSRQSLGHSRHGSGSGQSPSPSRGRHESGSRQSSSYGPHGYGSGRSSSRGPYESGSGHSSGLGHQESRSGQSSGYGQHGSSSGHSSTHGQHGSTSGQSSSCGQHGATSGQSSSHGQHGSGSSQSSRYGQQGSGSGQSPSRGRHGSDFGHSSSYGQHGSGSGWSSSNGPHGSVSGQSSGFGHKSGSGQSSGYSQHGSGSSHSSGYRKHGSRSGQSSRSEQHGSSSGLSSSYGQHGSGSHQSSGHGRQGSGSGHSPSRVRHGSSSGHSSSHGQHGSGTSCSSSCGHYESGSGQASGFGQHESGSGQGYSQHGSASGHFSSQGRHGSTSGQSSSSGQHDSSSGQSSSYGQHESASHHASGRGRHGSGSGQSPGHGQRGSGSGQSPSYGRHGSGSGRSSSSGRHGSGSGQSSGFGHKSSSGQSSGYTQHGSGSGHSSSYEQHGSRSGQSSRSEQHGSSSGSSSSYGQHGSGSRQSLGHGQHGSGSGQSPSPSRGRHGSGSGQSSSYGPYRSGSGWSSSRGPYESGSGHSSGLGHRESRSGQSSGYGQHGSSSGHSSTHGQHGSTSGQSSSCGQHGASSGQSSSHGQHGSGSSQSSGYGRQGSGSGQSPGHGQRGSGSRQSPSYGRHGSGSGRSSSSGQHGSGLGESSGFGHHESSSGQSSSYSQHGSGSGHSSGYGQHGSRSGQSSRGERHGSSSGSSSHYGQHGSGSRQSSGHGRQGSGSGHSPSRGRHGSGLGHSSSHGQHGSGSGRSSSRGPYESRSGHSSVFGQHESGSGHSSAYSQHGSGSGHFCSQGQHGSTSGQSSTFDQEGSSTGQSSSYGHRGSGSSQSSGYGRHGAGSGQSPSRGRHGSGSGHSSSYGQHGSGSGWSSSSGRHGSGSGQSSGFGHHESSSWQSSGCTQHGSGSGHSSSYEQHGSRSGQSSRGERHGSSSGSSSSYGQHGSGSRQSLGHGQHGSGSGQSPSPSRGRHGSGSGQSSSYSPYGSGSGWSSSRGPYESGSSHSSGLGHRESRSGQSSGYGQHGSSSGHSSTHGQHGSTSGQSSSCGQHGASSGQSSSHGQHGSGSSQSSGYGRQGSGSGQSPGHGQRGSGSRQSPSYGRHGSGSGRSSSSGQHGSGLGESSGFGHHESSSGQSSSYSQHGSGSGHSSGYGQHGSRSGQSSRGERHGSSSRSSSRYGQHGSGSRQSSGHGRQGSGSGQSPSRGRHGSGLGHSSSHGQHGSGSGRSSSRGPYESRSGHSSVFGQHESGSGHSSAYSQHGSGSGHFCSQGQHGSTSGQSSTFDQEGSSTGQSSSHGQHGSGSSQSSSYGQQGSGSGQSPSRGRHGSGSGHSSSYGQHGSGSGWSSSSGRHGSGSGQSSGFGHHESSSWQSSGYTQHGSGSGHSSSYEQHGSRSGQSSRGEQHGSSSGSSSSYGQHGSGSRQSLGHGQHGSGSGQSPSPSRGRHGSGSGQSSSYGPYGSGSGWSSSRGPYESGSGHSSGLGHRESRSGQSSGYGQHGSSSGHSSTHGQHGSASGQSSSCGQHGASSGQSSSHGQHGSGSSQSSGYGRQGSGSGQSPGHGQRGSGSRQSPSYGRHGSGSGRSSSSGQHGPGLGESSGFGHHESSSGQSSSYSQHGSGSGHSSGYGQHGSRSGQSSRGERHGSSSGSSSRYGQHGSGSRQSSGHGRQGSGSGHSPSRGRHGSGSGHSSSHGQHGSGSGRSSSRGPYESRSGHSSVFGQHESGSGHSSAYSQHGSGSGHFCSQGQHGSTSGQSSTFDQEGSSTGQSSSHGQHGSGSSQSSSYGQQGSGSGQSPSRGRHGSGSGHSSSYGQHGSGSGWSSSSGRHGSGSGQSSGFGHHESSSWQSSGYTQHGSGSGHSSSYEQHGSRSGQSSRGERHGSSSGSSSSYGQHGSGSRQSLGHGQHGSGSGQSPSPSRGRHGSGSGQSSSYSPYGSGSGWSSSRGPYESGSGHSSGLGHRESRSGQSSGYGQHGSSSGHSSTHGQHGSTSGQSSSCGQHGASSGQSSSHGQHGSGSSQSSGYGRQGSGSGQSPGHGQRGSGSRQSPSYGRHGSGSGRSSSSGQHGSGLGESSGFGHHESSSGQSSSYSQHGSGSGHSSGYGQHGSRSGQSSRGERHGSSSGSSSHYGQHGSGSRQSSGHGRQGSGSGQSPSRGRHGSGLGHSSSHGQHGSGSGRSSSRGPYESRLGHSSVFGQHESGSGHSSAYSQHGSGSGHFCSQGQHGSTSGQSSTFDQEGSSTGQSSSYGHRGSGSSQSSGYGRHGAGSGQSLSHGRHGSGSGQSSSYGQHGSGSGQSSGYSQHGSGSGQDGYSYCKGGSNHDGGSSGSYFLSFPSSTSPYEYVQEQRCYFYQ, 212.59, 80.87, 0.7
457, Q9C0H5, RHG39_HUMAN Rho GTPase-activating protein 39, 4009, IDR_0, 1, 24, MSQTQDYECRSHNVDLPESRIPGS, 32.6, 13.33, 1.14, IDR_1, 103, 696, LAKLQTLKQNTESPRASAESSPGRGSSVSREGSTSSSLEPEPDTEKAQELPARAGRPAAFGTVKEDSGSSSPPGVFLEKDYEIYRDYSADGQLLHYRTSSLRWNSGAKERMLIKVADREPSFLAAQGNGYAPDGPPGVRSRRPSGSQHSPSLQTFAPEADGTIFFPERRPSPFLKRAELPGSSSPLLAQPRKPSGDSQPSSPRYGYEPPLYEEPPVEYQAPIYDEPPMDVQFEAGGGYQAGSPQRSPGRKPRPFLQPNKQGPPSPCQQLVLTKQKCPERFLSLEYSPAGKEYVRQLVYVEQAGSSPKLRAGPRHKYAPNPGGGSYSLQPSPCLLRDQRLGVKSGDYSTMEGPELRHSQPPTPLPQAQEDAMSWSSQQDTLSSTGYSPGTRKRKSRKPSLCQATSATPTEGPGDLLVEQPLAEEQPPCGTSLAPVKRAEGEAEGARGAAEPFLAQARLAWEAQQAHFHMKQRSSWDSQQDGSGYESDGALPLPMPGPVVRAFSEDEALAQQENRHWRRGTFEKLGFPQILLEKSVSVQTNLASPEPYLHPSQSEDLAACAQFESSRQSRSGVPSSSCVFPTFTLRKPSSETDIEN, 173.39, 73.5, 1.22
458, Q96LT9, RNPC3_HUMAN RNA-binding region-containing protein 3, 3992, IDR_0, 1, 26, MAAPEQPLAISRGCTSSSSLSPPRGD, 36.64, 14.29, 1.23, IDR_1, 106, 135, VHSPCPTSGSEKKKRSDDPVEDDKEKKELG, 37.47, 14.96, 1.18, IDR_2, 196, 394, PTPFGPITARPPMYEDYMPLHAPLPPTSPQPPEEPPLPDEDEELSSEESEYESTDDEDRQRMNKLMELANLQPKRPKTIKQRHVRKKRKIKDMLNTPLCPSHSSLHPVLLPSDVFDQPQPVGNKRIEFHISTDMPAAFKKDLEKEQNCEEKNHDLPATEVDASNIGFGKIFPKPNLDITEEIKEDSDEMPSECISRREL, 109.01, 44.17, 1.32, IDR_3, 504, 517, ARPKQDPKEGKRKC, 25.4, 9.52, 1.16
459, O60307, MAST3_HUMAN Microtubule-associated serine/threonine-protein kinase 3, 3971, IDR_0, 1, 165, MDESSLLRRRGLQKELSLPRRGRGCRSGNRKSLVVGTPSPTLSRPLSPLSVPTAGSSPLDSPRNFSAASALNFPFARRADGRRWSLASLPSSGYGTNTPSSTLSSSSSSRERLHQLPFQPTPDELHFLSKHFRSSENVLDEEGGRSPRLRPRSRSLSPGRATGTF, 93.74, 39.36, 1.26, IDR_1, 329, 363, LEEMVPLSHLEEEQPPAPESPESRALVGQSRRKPC, 41.43, 17.57, 1.2, IDR_2, 658, 947, QLEAEDDTSYFDTRSERYRHLGSEDDETNDEESSTEIPQFSSCSHRFSKVYSSSEFLAVQPTPTFAERSFSEDREEGWERSEVDYGRRLSADIRLRSWTSSGSSCQSSSSQPERGPSPSLLNTISLDTMPKFAFSSEDEGVGPGPAGPKRPVFILGEPDPPPAATPVMPKPSSLSADTAALSHARLRSNSIGARHSTPRPLDAGRGRRLGGPRDPAPEKSRASSSGGSGGGSGGRVPKSASVSALSLIITADDGSGGPLMSPLSPRSLSSNPSSRDSSPSRDPSPVCGSL, 128.31, 55.17, 1.29, IDR_3, 1033, 1309, RTTALENTSIKVGPARKNVAKGRMARRSKRSRRRETQDRRKSLFKKISKQTSVLHTSRSFSSGLHHSLSSSESLPGSPTHSLSPSPTTPCRSPAPDVPADTTASPPSASPSSSSPASPAAAGHTRPSSLHGLAAKLGPPRPKTGRRKSTSSIPPSPLACPPISAPPPRSPSPLPGHPPAPARSPRLRRGQSADKLGTGERLDGEAGRRTRGPEAELVVMRRLHLSERRDSFKKQEAVQEVSFDEPQEEATGLPTSVPQIAVEGEEAVPVALGPTGRD, 135.59, 57.54, 1.4
460, Q08554, DSC1_HUMAN Desmocollin-1, 3728, IDR_0, 1, 32, MALASAAPGSIFCKQLLFSLLVLTLLCDACQK, 39.23, 15.78, 1.19, IDR_1, 114, 135, RENKSPKKRHTKDTALKRSKRR, 35.07, 13.26, 1.29, IDR_2, 674, 689, RMKDKSTRDVRPNVIL, 27.52, 11.09, 1.18, IDR_3, 716, 894, AKRTVKKCFPEDIAQQNLIVSNTEGPGEEVTEANIRLPMQTSNICDTSMSVGTVGGQGIKTQQSFEMVKGGYTLDSNKGGGHQTLESVKGVGQGDTGRYAYTDWQSFTQPRLGEKVYLCGQDEEHKHCEDYVCSYNYEGKGSLAGSVGCCSDRQEEEGLEFLDHLEPKFRTLAKTCIKK, 92.77, 38.67, 1.2
461, Q5SVQ8, ZBT41_HUMAN Zinc finger and BTB domain-containing protein 41, 3680, IDR_0, 1, 60, MKKRRKVTSNLEKIHLGYHKDSSEGNVAVECDQVTYTHSAGRPTPEALHCYQELPPSPDQ, 53.98, 22.14, 1.2, IDR_1, 177, 384, ENVAPFHSELTEKSSPEETLNELTGRLSNNHQCKFCSRHFCYKKSLENHLAKTHRSLLLGKKHGLKMLERSFSARRSKRNRKCPVKFDDTSDDEQESGDGSDNLNQENFDKEKSDRNDSEDPGSEYNAEEDELEEEMSDEYSDIEEQSEKDHNDAEEEPEAGDSVGNVHEGLTPVVIQNSNKKILQCPKCDKTFDRIGKYESHTRVHT, 93.46, 40.56, 1.12, IDR_2, 440, 453, HVKRFHPENAQEFI, 23.54, 9.42, 1.08, IDR_3, 743, 909, IDHVHEIKSPDDPLSTSEEKLVSLPVEYSSDDKIFQTETKQYMDQPKVYQSEAKTMLQNVSAEVCVPVTLVPVQMPDTPSDLVRHTTTLPPSSHEILSPQPQSTDYPRAADLAFLEKYTLTPQPANIVHPVRPEQMLDPREQSYLGTLLGLDSTTGVQNISTNEHHS, 100.41, 42.58, 1.33
462, O14529, CUX2_HUMAN Homeobox protein cut-like 2, 3680, IDR_0, 108, 169, AARSLDDRLQPPSFDPSGQPRRDLHTSWKRNPELLSPKEQREGTSPAGPTLTEGSRLPGIPG, 58.01, 24.0, 1.27, IDR_1, 380, 554, STCSLPQGMAKPEDSLLIAKEAFFPTQKFLLEKPSLLASPEEDPSEDDSIKDSLGTEQSYPSPQQLPPPPGPEDPLSPSPGQPLLGPSLGPDGTRTFSLSPFPSLASGERLMMPPAAFKGEAGGLLVFPPAFYGAKPPTAPATPAPGPEPLGGPEPADGGGGGAAGPGAEEEQLD, 109.75, 46.12, 1.42, IDR_2, 635, 883, SITPRIRTPETGSDDAIKSILEQAKKEIESQKGGEPKTSVAPLSIANGTTPASTSEDAIKSILEQARREMQAQQQALLEMEVAPRGRSVPPSPPERPSLATASQNGAPALVKQEEGSGGPAQAPLPVLSPAAFVQSIIRKVKSEIGDAGYFDHHWASDRGLLSRPYASVSPSLSSSSSSGYSGQPNGRAWPRGDEAPVPPEDEAAAGAEDEPPRTGELKAEGATAEAGARLPYYPAYVPRTLKPTVPPL, 123.12, 50.87, 1.34, IDR_3, 926, 1045, LSQGSVSDMLSRPKPWSKLTQKGREPFIRMQLWLSDQLGQAVGQQPGASQASPTEPRSSPSPPPSPTEPEKSSQEPLSLSLESSKENQQPEGRSSSSLSGKMYSGSQAPGGIQEIVAMSP, 83.58, 35.36, 1.31, IDR_4, 1136, 1163, GLISTGSDSESPATRSECPSPCLQPQDL, 37.69, 15.27, 1.22, IDR_5, 1228, 1486, LVEGTQDEPDLDPSGGPGILPPGHSHPDPTPQSPDSETEDQKPTVKELELQEGPEENSTPLTTQDKAQVRIKQEQMEEDAEEEAGSQPQDSGELDKGQGPPKEEHPDPPGNDGLPKVAPGPLLPGGSTPDCPSLHPQQESEAGERLHPDPLSFKSASESSRCSLEVSLNSPSAASSPGLMMSVSPVPSSSAPISPSPPGAPPAKVPSASPTADMAGALHPSAKVNPNLQRRHEKMANLNNIIYRVERAANREEALEWEF, 135.34, 56.88, 1.44
463, Q92794, KAT6A_HUMAN Histone acetyltransferase KAT6A, 3678, IDR_0, 172, 203, KATNVDGKESCESLSCLPPVSLLPHEKDKPVA, 42.2, 16.66, 1.28, IDR_1, 328, 473, KRRYTNPIGRPKNRLKKQNTVSKGPFSKVRTGPGRGRKRKITLSSQSASSSSEEGYLERIDGLDFCRDSNVSLKFNKKTKGLIDGLTKFFTPSPDGRKARGEVVDYSEQYRIRKRGNRKSSTSDWPTDNQDGWDGKQENEERLFGS, 82.61, 35.07, 1.18, IDR_2, 779, 2004, VIVSNSVVSEEEEEEAEEGENEEPQCQERELEISVGKSVSHENKEQDSYSVESEKKPEVMAPVSSTRLSKQVLPHDSLPANSQPSRRGRWGRKNRKTQERFGDKDSKLLLEETSSAPQEQYGECGEKSEATQEQYTESEEQLVASEEQPSQDGKPDLPKRRLSEGVEPWRGQLKKSPEALKCRLTEGSERLPRRYSEGDRAVLRGFSESSEEEEEPESPRSSSPPILTKPTLKRKKPFLHRRRRVRKRKHHNSSVVTETISETTEVLDEPFEDSDSERPMPRLEPTFEIDEEEEEEDENELFPREYFRRLSSQDVLRCQSSSKRKSKDEEEDEESDDADDTPILKPVSLLRKRDVKNSPLEPDTSTPLKKKKGWPKGKSRKPIHWKKRPGRKPGFKLSREIMPVSTQACVIEPIVSIPKAGRKPKIQESEETVEPKEDMPLPEERKEEEEMQAEAEEAEEGEEEDAASSEVPAASPADSSNSPETETKEPEVEEEEEKPRVSEEQRQSEEEQQELEEPEPEEEEDAAAETAQNDDHDADDEDDGHLESTKKKELEEQPTREDVKEEPGVQESFLDANMQKSREKIKDKEETELDSEEEQPSHDTSVVSEQMAGSEDDHEEDSHTKEELIELKEEEEIPHSELDLETVQAVQSLTQEESSEHEGAYQDCEETLAACQTLQSYTQADEDPQMSMVEDCHASEHNSPISSVQSHPSQSVRSVSSPNVPALESGYTQISPEQGSLSAPSMQNMETSPMMDVPSVSDHSQQVVDSGFSDLGSIESTTENYENPSSYDSTMGGSICGNSSSQSSCSYGGLSSSSSLTQSSCVVTQQMASMGSSCSMMQQSSVQPAANCSIKSPQSCVVERPPSNQQQQPPPPPPQQPQPPPPQPQPAPQPPPPQQQPQQQPQPQPQQPPPPPPPQQQPPLSQCSMNNSFTPAPMIMEIPESGSTGNISIYERIPGDFGAGSYSQPSATFSLAKLQQLTNTIMDPHAMPYSHSPAVTSYATSVSLSNTGLAQLAPSHPLAGTPQAQATMTPPPNLASTTMNLTSPLLQCNMSATNIGIPHTQRLQGQMPVKGHISIRSKSAPLPSAAAHQQQLYGRSPSAVAMQAGPRALAVQRGMNMGVNLMPTPAYNVNSMNMNTLNAMNSYRMTQPMMNSSYHSNPAYMNQTAQYPMQMQMGMMGSQAYTQQPMQPNPHGNMMYTGPSHHSYMNAAGVPKQSLNGPYMRR, 248.05, 115.16, 1.22
464, Q3L8U1, CHD9_HUMAN Chromodomain-helicase-DNA-binding protein 9, 3676, IDR_0, 1, 689, MTDPMMDFFDDANLFGETLEGLSDDAFVQPGPVSLVDELNLGAEFEPLHIDSLNHVQGTPTHQKMTDFEQLNQFDSIKFHHVNQSFGSPAEHVLSPHSQFNCSPIHPQNQPNGLFPDVSDGSPMWGHQTATTISNQNGSPFHQQGHSHSMHQNKSFVAHHDFALFQANEQQTQCTSLRSQQNRNNLNPGQNSLSQSKNFMNVSGPHRVNVNHPPQMTNASNSQQSISMQQFSQTSNPSAHFHKCSSHQEGNFNGPSPNMTSCSVSNSQQFSSHYSFSSNHISPNSLLQSSAVLASNHTNQTLSDFTGSNSFSPHRGIKQESTQHILNPNTSLNSNNFQILHSSHPQGNYSNSKLSPVHMNFPDPVDSGTQMGHFNDHVETNGFSSLEENLLHQVESQTEPFTGLDPEDLLQEGLLPHFDESTFGQDNSSHILDHDLDRQFTSHLVTRPSDMAQTQLQSQARSWHSSFSNHQHLHDRNHLCLQRQPPSSKKSDGSGTYTKLQNTQVRVMSEKKQRKKVESESKQEKANRIISEAIAKAKERGERNIPRVMSPENFPTASVEGKEEKKGRRMKSKPKDKDSKKTKTCSKLKEKTKIGKLIITLGKKQKRKNESSDEISDAEQMPQHTLKDQDSQKRRSNRQIKRKKYAEDIEGKQSEEEVKGSMKIKKNSAPLPGEQPLQLFVENPSEEDA, 176.51, 73.6, 1.16, IDR_1, 1445, 1492, IDTPRIRKQTRPFSATKDELAELSEAESEGDEKPKLRRPCDRSNGYGR, 47.97, 20.02, 1.19, IDR_2, 1573, 1592, GLSAPVPRGRKGKKVKTQTS, 31.04, 12.61, 1.2, IDR_3, 1712, 1767, KPDEKAVAAEQRANDYMDGDVEDPEYKPAPAIFKDDIEDDVSSPGDLVIADGDGQL, 55.31, 23.15, 1.26, IDR_4, 1999, 2244, RNYSQSKMAHSRTSTPLLQQYQVALSASPLTSLPRLLDAKGIILEEMKVKSENLKEEPQSSEEESMSSVETRTLIKSEPVSPKNGVLPQATGDQKSGGKCETDRRMVAARTEPLTPNPASKKPRVHKRGSESSSDSDSDSERSSCSSRSSSSSSSSSCSHSRSGSSSSSSSSCSSASSSSSSSTSSSSSSSSSSSEESDSDEEEAQKRESTTHMKAYDEESVASLSTTQDETQDSFQMNNGTPESA, 121.6, 51.23, 1.33, IDR_5, 2283, 2897, ARRSYDANTVASFYTTKLLDSPGAATEYSDPSVPTPPGAGVKEEHDQSTQMSKVKKHVREKEFTVKIKDEGGLKLTFQKQGLAQKRPFDGEDGALGQQQYLTRLRELQSASETSLVNFPKSIPVSGTSIQPTLGANGVILDNQPIVKKRRGRRKNVEGVDIFFFNRNKPPNHVSLGLTSSQISTGINPALSYTQPQGIPDTESPVPVINLKDGTRLAGDDAPKRKDLEKWLKEHPGYVEDLGAFIPRMQLHEGRPKQKRHRCRNPNKLDVNSLTGEERVQLINRRNARKVGGAFAPPLKDLCRFLKENSEYGVAPEWGDVVKQSGFLPESMYERILTGPVVREEVSRRGRRPKSGIAKATAAAAAASATSVSGNPLLANGLLPGVDLTTLQALQQNLQNLQSLQVTAGLMGMPTGLPSGGEAKNMAAMFPMLLSGMAGLPNLLGMGGLLTKPTESGTEDKKGSDSKESEGKTERTESQSSENGGENSVSSSPSTSSTAALNTAAAANPLALNPLLLSNILYPGMLLTPGLNLHIPTLSQSNTFDVQNKNSDLGSSKSVEVKEEDSRIKDQEDKGGTEPSPLNENSTDEGSEKADASSGSDSTSSSSEDSDSSNED, 197.13, 84.74, 1.37
465, P78559, MAP1A_HUMAN Microtubule-associated protein 1A, 3676, IDR_0, 298, 2689, DLASGAVPTNLKPSKIKQRADSKESLKATTKTAVSKLAKREEVVEEGAKEARSELAKELAKTEKKAKESSEKPPEKPAKPERVKTESSEALKAEKRKLIKDKVGKKHLKEKISKLEEKKDKEKKEIKKERKELKKDEGRKEEKKDAKKEEKRKDTKPELKKISKPDLKPFTPEVRKTLYKAKVPGRVKIDRSRAIRGEKELSSEPQTPPAQKGTVPLPTISGHRELVLSSPEDLTQDFEEMKREERALLAEQRDTGLGDKPFPLDTAEEGPPSTAIQGTPPSVPGLGQEEHVMKEKELVPEVPEEQGSKDRGLDSGAETEEEKDTWEEKKQREAERLPDRTEAREESEPEVKEDVIEKAELEEMEEVHPSDEEEEDATKAEGFYQKHMQEPLKVTPRSREAFGGRELGLQGKAPEKETSLFLSSLTTPAGATEHVSYIQDETIPGYSETEQTISDEEIHDEPEERPAPPRFHTSTYDLPGPEGAGPFEASQPADSAVPATSGKVYGTPETELTYPTNIVAAPLAEEEHVSSATSITECDKLSSFATSVAEDQSVASLTAPQTEETGKSSLLLDTVTSIPSSRTEATQGLDYVPSAGTISPTSSLEEDKGFKSPPCEDFSVTGESEKRGEIIGKGLSGERAVEEEEEETANVEMSEKLCSQYGTPVFSAPGHALHPGEPALGEAEERCLSPDDSTVKMASPPPSGPPSATHTPFHQSPVEEKSEPQDFQEADSWGDTKRTPGVGKEDAAEETVKPGPEEGTLEKEEKVPPPRSPQAQEAPVNIDEGLTGCTIQLLPAQDKAIVFEIMEAGEPTGPILGAEALPGGLRTLPQEPGKPQKDEVLRYPDRSLSPEDAESLSVLSVPSPDTANQEPTPKSPCGLTEQYLHKDRWPEVSPEDTQSLSLSEESPSKETSLDVSSKQLSPESLGTLQFGELNLGKEEMGHLMQAEDTSHHTAPMSVPEPHAATASPPTDGTTRYSAQTDITDDSLDRKSPASSFSHSTPSGNGKYLPGAITSPDEHILTPDSSFSKSPESLPGPALEDIAIKWEDKVPGLKDRTSEQKKEPEPKDEVLQQKDKTLEHKEVVEPKDTAIYQKDEALHVKNEAVKQQDKALEQKGRDLEQKDTALEQKDKALEPKDKDLEEKDKALEQKDKIPEEKDKALEQKDTALEQKDKALEPKDKDLEQKDRVLEQKEKIPEEKDKALDQKVRSVEHKAPEDTVAEMKDRDLEQTDKAPEQKHQAQEQKDKVSEKKDQALEQKYWALGQKDEALEQNIQALEENHQTQEQESLVQEDKTRKPKMLEEKSPEKVKAMEEKLEALLEKTKALGLEESLVQEGRAREQEEKYWRGQDVVQEWQETSPTREEPAGEQKELAPAWEDTSPEQDNRYWRGREDVALEQDTYWRELSCERKVWFPHELDGQGARPHYTEERESTFLDEGPDDEQEVPLREHATRSPWASDFKDFQESSPQKGLEVERWLAESPVGLPPEEEDKLTRSPFEIISPPASPPEMVGQRVPSAPGQESPIPDPKLMPHMKNEPTTPSWLADIPPWVPKDRPLPPAPLSPAPGPPTPAPESHTPAPFSWGTAEYDSVVAAVQEGAAELEGGPYSPLGKDYRKAEGEREEEGRAEAPDKSSHSSKVPEASKSHATTEPEQTEPEQREPTPYPDERSFQYADIYEQMMLTGLGPACPTREPPLGAAGDWPPCLSTKEAAAGRNTSAEKELSSPISPKSLQSDTPTFSYAALAGPTVPPRPEPGPSMEPSLTPPAVPPRAPILSKGPSPPLNGNILSCSPDRRSPSPKESGRSHWDDSTSDSELEKGAREQPEKEAQSPSPPHPIPMGSPTLWPETEAHVSPPLDSHLGPARPSLDFPASAFGFSSLQPAPPQLPSPAEPRSAPCGSLAFSGDRALALAPGPPTRTRHDEYLEVTKAPSLDSSLPQLPSPSSPGAPLLSNLPRPASPALSEGSSSEATTPVISSVAERFSPSLEAAEQESGELDPGMEPAAHSLWDLTPLSPAPPASLDLALAPAPSLPGDMGDGILPCHLECSEAATEKPSPFQVPSEDCAANGPTETSPNPPGPAPAKAENEEAAACPAWERGAWPEGAERSSRPDTLLSPEQPVCPAGGSGGPPSSASPEVEAGPQGCATEPRPHRGELSPSFLNPPLPPSIDDRDLSTEEVRLVGRGGRRRVGGPGTTGGPCPVTDETPPTSASDSGSSQSDSDVPPETEECPSITAEAALDSDEDGDFLPVDKAGGVSGTHHPRPGHDPPPLPQPDPRPSPPRPDVCMADPEGLSSESGRVERLREKEKVQGRVGRRAPGKAKPASPARRLDLRGKRSPTPGKGPADRASRAPPRPRSTTSQVTPAEEKDGHSPMSKGLVNGLKAGPMALSSKGSSGA, 443.85, 197.82, 1.56
466, Q9UH62, ARMX3_HUMAN Armadillo repeat-containing X-linked protein 3, 3617, IDR_0, 1, 117, MGYARKVGWVTAGLVIGAGACYCIYRLTRGRKQNKEKMAEGGSGDVDDAGDCSGARYNDWSDDDDDSNESKSIVWYPPWARIGTEAGTRARARARARATRARRAVQKRASPNSDDTV, 66.43, 28.6, 1.05
467, Q93073, SBP2L_HUMAN Selenocysteine insertion sequence-binding protein 2-like, 3588, IDR_0, 1, 448, MDRAPTEQNVKLSAEVEPFIPQKKSPDTFMIPMALPNDNGSVSGVEPTPIPSYLITCYPFVQENQSNRQFPLYNNDIRWQQPNPNPTGPYFAYPIISAQPPVSTEYTYYQLMPAPCAQVMGFYHPFPTPYSNTFQAANTVNAITTECTERPSQLGQVFPLSSHRSRNSNRGSVVPKQQLLQQHIKSKRPLVKNVATQKETNAAGPDSRSKIVLLVDASQQTDFPSDIANKSLSETTATMLWKSKGRRRRASHPTAESSSEQGASEADIDSDSGYCSPKHSNNQPAAGALRNPDSGTMNHVESSMCAGGVNWSNVTCQATQKKPWMEKNQTFSRGGRQTEQRNNSQVGFRCRGHSTSSERRQNLQKRPDNKHLSSSQSHRSDPNSESLYFEDEDGFQELNENGNAKDENIQQKLSSKVLDDLPENSPINIVQTPIPITTSVPKRAKSQK, 143.49, 61.0, 1.16, IDR_1, 507, 667, KARQITNTRPLSYTVVTAASFHTKDSTNRKPLTKSQPCLTSFNSVDIASSKAKKGKEKEIAKLKRPTALKKVILKEREEKKGRLTVDHNLLGSEEPTEMHLDFIDDLPQEIVSQEDTGLSMPSDTSLSPASQNSPYCMTPVSQGSPASSGIGSPMASSTIT, 99.44, 41.73, 1.35, IDR_2, 838, 1101, KKVPHHMGHSRNPSAASAISFCSVISEPISEVNEKEYETNWRNMVETSDGLEASENEKEVSCKHSTSEKPSKLPFDTPPIGKQPSLVATGSTTSATSAGKSTASDKEEVKPDDLEWASQQSTETGSLDGSCRDLLNSSITSTTSTLVPGMLEEEEDEDEEEEEDYTHEPISVEVQLNSRIESWVSETQRTMETLQLGKTLNGSEEDNVEQSGEEEAEAPEVLEPGMDSEAWTADQQASPGQQKSSNCSSLNKEHSDSNYTTQTT, 129.39, 55.74, 1.37
468, Q8N3S3, PHTF2_HUMAN Protein PHTF2, 3535, IDR_0, 187, 469, VSTRTPKPPLSTGGKRRRKLRKAAHLEVHREGDGSSTTDNTQEGAVQNHGTSTSHSVGTVFRDLWHAAFFLSGSKKAKNSIDKSTETDNGYVSLDGKKTVKSGEDGIQNHEPQCETIRPEETAWNTGTLRNGPSKDTQRTITNVSDEVSSEEGPETGYSLRRHVDRTSEGVLRNRKSHHYKKHYPNEDAPKSGTSCSSRCSSSRQDSESARPESETEDVLWEDLLHCAECHSSCTSETDVENHQINPCVKKEYRDDPFHQSHLPWLHSSHPGLEKISAIVWEG, 113.22, 49.61, 1.16
469, A6H8Y1, BDP1_HUMAN Transcription factor TFIIIB component B'' homolog, 3483, IDR_0, 1, 290, MFRRARLSVKPNVRPGVGARGSTASNPQRGRESPRPPDPATDSASKPAEPTDVPTVDFGGAEPQEKAPRSSTEKTGGDNDVEESSRSSSTVSQRRKRISSTSSLVKSSVSVPSESHPLSTINQEAPQPTATSTKEKQPCSDRYRIYKAQKLREMLKEELRKEKKQWKNKYAINESQRPPDRSKMTMRDFIYYLPDNNPMTSSLEQEKKTEKPSTPVQTREQEGKSTPNAEDNEMEEETDDGPLLVPRVKVAEDGSIILDEESLTVEVLRTKGPCVVEENDPIFERGSTTT, 132.52, 56.13, 1.34, IDR_1, 383, 2624, QKSVKNHSLKEKKSTKPRKNVKVKKVACEGVNNDPDESMSSRISDTERSQKDAQTVEEESLTLSREDAEQVALEVDLNQKKRRRKKQDGANELGVNNLLENATVQAGPSKGEKHKNKCQAIRPELKEGECSKEQMLSCTQNIDGIVGFASTEKVEKRTDPILSLSNQQDATSVATESSESSTSDLPSFEVGIRALCEVNNAEGSCIEERNVDLKNNSLEIDQTENVKPMLRGRFQRPKPNLSRAGKKSVLSQGKTESESKNSHSKTSVEKNHVEKDKMNTLDILRMETTERENPEAETVSVLGEKNCLQEGSQLKALRPVQVRGRLQKPKPNAGKAAERKEILISQEEIGANVEKNENESCADRDTPQHMEDQSRKDFEEEDVILQPEKNDSFQNVQPDEPKVLNECLSVQENNKANKLNQVPILRTRFQKPKPNIGRGTGRREISSKEEVLEKILVSGEMAAALRETVRLDTSPKEMVPAEINTKEMQSDLKETGRRAISPREKILDVIDDTIEMETGLKAMGREICLREKTPEVIDATEEIDKDLEEAGRREISPQKNGPEEVKPLGEVETDLKATGNESSPREKTPEVTDATEEIDKNLEETGRRKISPRENGPEEVKPVDEMETDLNATGRESSPREKTPEVIDATEEIDLEETEREVSPQENGLEEVKPLGEMETDLKATGRDSFPRGKTPEVIDAIEEIEIDLEETEREISPQENGLEEVKPLGEMQTDLKATGREISPREKTPEVIDATEEIDKDLEETGRREISPEENGPEEVKPVDEMETDLKTTGREGSSREKTREVIDAAEVIETDLEETEREISPQENGPEEVKPVGKMETDLKEIREEISQREKVLAEFSAIREKEIDLKETGKRDIPIMEKVSGKMAVVEEMEADLKETGKENFRERGSEEICVTEEKVAELKQTGKTDISPRENELEETSTSRQTDTHLMQSGSNDFSAVPSLDIQNISSEVLSMMHTPVEEKRNSEKEVSSHFSHFKISSQTHESDKTEVQGIQSPDVPEQFSDINLSKSLPQEQKPLEIKPAPFVRSRFKRPKPNLARAALKRETTESEKYIYEKKSETKKMETIVMQENNEQTDTLPSQHDEASLMISREKDTLGHRNEEAVILPCTQTERNLSPSNSCEPKEESQSAPVQKNDSVVSVGTNNVNTFQQEMKESVIQTARQVRGRLQRPRPNIRKTGQRQIVDKGEAKGIIKEGRTILPKDETEKKVLTVSNSQIETEIEVPSSAVPEHRMYENQSQVVLVENLHVNKTNETIRHENKPYVPSSAQMTRRKFQKAKPNLGRAHSKKEEPVLEKVTTDQSKEGKPEDHLLQKGASNTQLLLKEKAELLTSLEVSARKDCVGSKESALAKIDAELEEVGPSRRVGEETVGDNSPSSVVEEQYLNKLTSCPQPLNETSYSKIALDGKTTISSTSEYERNRGERRSHKKFKPNVTRGRGSKRVRGKTSKKEPRASKAMLVTLRASQEEDDDADDFESDYEEESYHLAPEEVNKAPVFVPVGLRSPEPVSAQIEETMEELEITVNVPDVGCIAVVEHELPNTDVTTEEMKQEENLSVPFEMTTSEHIQDEPGTNDGSTEAAITLLTMGDLVLQSEISSEQGDVGVCIIPHVHSKDKSHIPSSLDNVNHKIVHECQELSSPVITTSPASFEENKIVLEEQSSREEISLMEKVKENATPTRNTISKVTSNLRIRSRLAKPKPNLEKTLGTNRLDDYQEVSSLCVTKGAEMETQRETEKNASKATELENKNLGPVTTAENKDQSKLACVHGIKGTSISSEVNLTERNENQEESSQEVHMLSVAPVASSETGPCTLGLDRGLGENSVEEPQIKDSKGDSVLTLPVPEYTPTSIPEVQQENIINPQDLTVNLVANVPQDGEDEQAFILTLVEIPANAVEEFTDATAQFMPNPLLPAPILVKSVNTEERGDMSICLPATSVGQDAMGLSISGRDNSKKPPDNLDLVSRKRFQCRLDKNDHIPPAKKRSLTLRDDCQEYTTEVHSKELTNVFEETGESHKGQDIFLTSGSTLTTPEPQRQQVEAAFQSRGSRSPDACMDKNVPQLPQDEMIVSDKEERTDAAPKSQQMDSRTSSSKASLSRPGRRPLGFLSLICSKNSLESDEPMQVHSKKRLKPLIPGLRKKLKRSNPFNESQEKNRESSDLLPSPSVITTQSENISSSATQVSCDQPLLKEGYKSAQKRAPQGEATTVSEYFFNDIFIEVDETE, 411.12, 186.35, 1.49
470, Q9UMN6, KMT2B_HUMAN Histone-lysine N-methyltransferase 2B, 3483, IDR_0, 1, 962, MAAAAGGGSCPGPGSARGRFPGRPRGAGGGGGRGGRGNGAERVRVALRRGGGATGPGGAEPGEDTALLRLLGLRRGLRRLRRLWAGPRVQRGRGRGRGRGWGPSRGCVPEEESSDGESDEEEFQGFHSDEDVAPSSLRSALRSQRGRAPRGRGRKHKTTPLPPPRLADVAPTPPKTPARKRGEEGTERMVQALTELLRRAQAPQAPRSRACEPSTPRRSRGRPPGRPAGPCRRKQQAVVVAEAAVTIPKPEPPPPVVPVKHQTGSWKCKEGPGPGPGTPRRGGQSSRGGRGGRGRGRGGGLPFVIKFVSRAKKVKMGQLSLGLESGQGQGQHEESWQDVPQRRVGSGQGGSPCWKKQEQKLDDEEEEKKEEEEKDKEGEEKEERAVAEEMMPAAEKEEAKLPPPPLTPPAPSPPPPLPPPSTSPPPPLCPPPPPPVSPPPLPSPPPPPAQEEQEESPPPVVPATCSRKRGRPPLTPSQRAEREAARAGPEGTSPPTPTPSTATGGPPEDSPTVAPKSTTFLKNIRQFIMPVVSARSSRVIKTPRRFMDEDPPKPPKVEVSPVLRPPITTSPPVPQEPAPVPSPPRAPTPPSTPVPLPEKRRSILREPTFRWTSLTRELPPPPPAPPPPPAPSPPPAPATSSRRPLLLRAPQFTPSEAHLKIYESVLTPPPLGAPEAPEPEPPPADDSPAEPEPRAVGRTNHLSLPRFAPVVTTPVKAEVSPHGAPALSNGPQTQAQLLQPLQALQTQLLPQALPPPQPQLQPPPSPQQMPPLEKARIAGVGSLPLSGVEEKMFSLLKRAKVQLFKIDQQQQQKVAASMPLSPGGQMEEVAGAVKQISDRGPVRSEDESVEAKRERPSGPESPVQGPRIKHVCRHAAVALGQARAMVPEDVPRLSALPLRDRQDLATEDTSSASETESVPSRSRRGKVEAAGPGGESEPTGSGGTLAHTPRRSLPSHHGKKMR, 249.98, 110.22, 1.38, IDR_1, 1022, 1168, TIVKTLLPWDSDESPEASPGPPGPRRGAGAGGPREEVVAHPGPEEQDSLLQRKSARRCVKQRPSYDIFEDSDDSEPGGPPAPRRRTPRENELPLPEPEEQSRPRKPTLQPVLQLKARRRLDKDALAPGPFASFPNGWTGKQKSPDGV, 90.27, 38.41, 1.28, IDR_2, 1546, 1569, QEPETPESGQPPGDPSAAFQGKDP, 36.54, 14.03, 1.28, IDR_3, 1787, 2420, GPREEPAHLEAAEENQTIVHSPAPSSEPPGGEDPPLDTDVLVPGAPERHSPIQNLDPPLRPDSGSAPPPAPRSFSGARIKVPNYSPSRRPLGGVSFGPLPSPGSPSSLTHHIPTVGDPDFPAPPRRSRRPSPLAPRPPPSRWASPPLKTSPQLRVPPPTSVVTALTPTSGELAPPGPAPSPPPPEDLGPDFEDMEVVSGLSAADLDFAASLLGTEPFQEEIVAAGAMGSSHGGPGDSSEEESSPTSRYIHFPVTVVSAPGLAPSATPGAPRIEQLDGVDDGTDSEAEAVQQPRGQGTPPSGPGVVRAGVLGAAGDRARPPEDLPSEIVDFVLKNLGGPGDGGAGPREESLPPAPPLANGSQPSQGLTASPADPTRTFAWLPGAPGVRVLSLGPAPEPPKPATSKIILVNKLGQVFVKMAGEGEPVPPPVKQPPLPPTISPTAPTSWTLPPGPLLGVLPVVGVVRPAPPPPPPPLTLVLSSGPASPPRQAIRVKRVSTFSGRSPPAPPPYKAPRLDEDGEASEDTPQVPGLGSGGFSRVRMKTPTVRGVLDLDRPGEPAGEESPGPLQERSPLLPLPEDGPPQVPDGPPDLLLESQWHHYSGEASSSEEEPPSPDDKENQAPKRTGPHLRFEISS, 215.29, 91.16, 1.46, IDR_4, 2535, 2554, PEGATCDEEEDEVQLRSTRR, 25.57, 10.85, 0.98
471, Q92800, EZH1_HUMAN Histone-lysine N-methyltransferase EZH1, 3466, IDR_0, 186, 292, YSDEEEEGHNDTSDGKQDDSKEDLPVTRKRKRHAIEGNKKSSKKQFPNDMIFSAIASMFPENGVPDDMKERYRELTEMSDPNALPPQCTPNIDGPNAKSVQREQSLH, 73.26, 31.61, 1.22, IDR_1, 347, 429, YAMLHNPRSKCSGRRRRRHHIVSASCSNASASAVAETKEGDSDRDTGNDWASSSSEANSRCQTPTKQKASPAPPQLCVVEAPS, 63.21, 25.83, 1.19
472, Q92968, PEX13_HUMAN Peroxisomal membrane protein PEX13, 3402, IDR_0, 1, 117, MASQPPPPPKPWETRRIPGAGPGPGPGPTFQSADLGPTLMTRPGQPALTRVPPPILPRPSQQTGSSSVNTFRPAYSSFSSGYGAYGNSFYGGYSPYSYGYNGLGYNRLRVDDLPPSR, 70.71, 30.88, 1.12, IDR_1, 208, 227, EDLWAESEGTVACLGAEDRA, 27.96, 11.0, 1.07, IDR_2, 337, 403, RKGRKTVESSKVSKQQQSFTNPTLTKGATVADSLDEQEAAFESVFVETNKVPVAPDSIGKDGEKQDL, 57.91, 23.96, 1.22
473, Q6ZUM4, RHG27_HUMAN Rho GTPase-activating protein 27, 3399, IDR_0, 67, 553, LPALGNPAAAAPPGPHPSPAAPEPLAYDYRFVSAAATAGPDGAPEESGGRASSLCGPAQRGAATQRSSLAPGLPACLYLRPAAPVRPAQSLNDLACAAVSPPAGLLGSSGSFKACSVAGSWVCPRPLARSDSENVYEVIQDLHVPPPEESAEQVDDPPEPVYANIERQPRATSPGAAAAPLPSPVWETHTDAGTGRPYYYNPDTGVTTWESPFEAAEGAASPATSPASVDSHVSLETEWGQYWDEESRRVFFYNPLTGETAWEDEAENEPEEELEMQPGLSPGSPGDPRPPTPETDYPESLTSYPEEDYSPVGSFGEPGPTSPLTTPPGWSCHVSQDKQMLYTNHFTQEQWVRLEDPHGKPYFYNPEDSSVRWELPQVPVPAPRSIHKSSQDGDTPAQASPPEEKVPAELDEVGSWEEVSPATAAVRTKTLDKAGVLHRTKTADKGKRLRKKHWSASWTVLEGGVLTFFKDSKTSAAGGLRQPSKFS, 154.24, 65.25, 1.2, IDR_1, 618, 661, LPPEESESSRVDFGSSERLGSWQEKEEDARPNAAAPALGPVGLE, 47.17, 18.88, 1.22
474, Q8NFD5, ARI1B_HUMAN AT-rich interactive domain-containing protein 1B, 3367, IDR_0, 1, 1045, MAHNAGAAAAAGTHSAKSGGSEAALKEGGSAAALSSSSSSSAAAAAASSSSSSGPGSAMETGLLPNHKLKTVGEAPAAPPHQQHHHHHHAHHHHHHAHHLHHHHALQQQLNQFQQQQQQQQQQQQQQQQQQHPISNNNSLGGAGGGAPQPGPDMEQPQHGGAKDSAAGGQADPPGPPLLSKPGDEDDAPPKMGEPAGGRYEHPGLGALGTQQPPVAVPGGGGGPAAVPEFNNYYGSAAPASGGPGGRAGPCFDQHGGQQSPGMGMMHSASAAAAGAPGSMDPLQNSHEGYPNSQCNHYPGYSRPGAGGGGGGGGGGGGGSGGGGGGGGAGAGGAGAGAVAAAAAAAAAAAGGGGGGGYGGSSAGYGVLSSPRQQGGGMMMGPGGGGAASLSKAAAGSAAGGFQRFAGQNQHPSGATPTLNQLLTSPSPMMRSYGGSYPEYSSPSAPPPPPSQPQSQAAAAGAAAGGQQAAAGMGLGKDMGAQYAAASPAWAAAQQRSHPAMSPGTPGPTMGRSQGSPMDPMVMKRPQLYGMGSNPHSQPQQSSPYPGGSYGPPGPQRYPIGIQGRTPGAMAGMQYPQQQMPPQYGQQGVSGYCQQGQQPYYSQQPQPPHLPPQAQYLPSQSQQRYQPQQDMSQEGYGTRSQPPLAPGKPNHEDLNLIQQERPSSLPDLSGSIDDLPTGTEATLSSAVSASGSTSSQGDQSNPAQSPFSPHASPHLSSIPGGPSPSPVGSPVGSNQSRSGPISPASIPGSQMPPQPPGSQSESSSHPALSQSPMPQERGFMAGTQRNPQMAQYGPQQTGPSMSPHPSPGGQMHAGISSFQQSNSSGTYGPQMSQYGPQGNYSRPPAYSGVPSASYSGPGPGMGISANNQMHGQGPSQPCGAVPLGRMPSAGMQNRPFPGNMSSMTPSSPGMSQQGGPGMGPPMPTVNRKAQEAAAAVMQAAANSAQSRQGSFPGMNQSGLMASSSPYSQPMNNSSSLMNTQAPPYSMAPAMVNSSAASVGLADMMSPGESKLPLPLKADGKEEGTPQPESKSKKSSSSTTTGEKIT, 229.82, 98.31, 1.22, IDR_1, 1144, 1616, ERGEEPPPEVFSTGDTKKQPKLQPPSPANSGSLQGPQTPQSTGSNSMAEVPGDLKPPTPASTPHGQMTPMQGGRSSTISVHDPFSDVSDSSFPKRNSMTPNAPYQQGMSMPDVMGRMPYEPNKDPFGGMRKVPGSSEPFMTQGQMPNSSMQDMYNQSPSGAMSNLGMGQRQQFPYGASYDRRHEPYGQQYPGQGPPSGQPPYGGHQPGLYPQQPNYKRHMDGMYGPPAKRHEGDMYNMQYSSQQQEMYNQYGGSYSGPDRRPIQGQYPYPYSRERMQGPGQIQTHGIPPQMMGGPLQSSSSEGPQQNMWAARNDMPYPYQNRQGPGGPTQAPPYPGMNRTDDMMVPDQRINHESQWPSHVSQRQPYMSSSASMQPITRPPQPSYQTPPSLPNHISRAPSPASFQRSLENRMSPSKSPFLPSMKMQKVMPTVPTSQVTGPPPQPPPIRREITFPPGSVEASQPVLKQRRKITSK, 146.65, 59.03, 1.16, IDR_2, 1691, 1916, GDPSQKALDHNAARKDDSQSLADDSGKEEEDAECIDDDEEDEEDEEEDSEKTESDEKSSIALTAPDAAADPKEKPKQASKFDKLPIKIVKKNNLFVVDRSDKLGRVQEFNSGLLHWQLGGGDTTEHIQTHFESKMEIPPRRRPPPPLSSAGRKKEQEGKGDSEEQQEKSIIATIDDVLSARPGALPEDANPGPQTESSKFPFGIQQAKSHRNIKLLEDEPRSRDET, 111.61, 47.98, 1.27, IDR_3, 1973, 1995, PERKRAPQTYEKEEDEDKGVACS, 31.72, 12.49, 1.13
475, Q8N4S0, CCD82_HUMAN Coiled-coil domain-containing protein 82, 3346, IDR_0, 1, 320, MIHVRRHETRRNSKSHVPEQKSRVDWRRTKRSSISQLLDSDEELDSEEFDSDEELDSDESFENDEELDSNKGPDCNKTPGSERELNLSKIQSEGNDSKCLINSGNGSTYEEETNKIKHRNIDLQDQEKHLSQEDNDLNKQTGQIIEDDQEKHLSQEDNDLNKQTGQIIEDDLEEEDIKRGKRKRLSSVMCDSDESDDSDILVRKVGVKRPRRVVEDEGSSVEMEQKTPEKTLAAQKREKLQKLKELSKQRSRQRRSSGRDFEDSEKESCPSSDEVDEEEEEDNYESDEDGDDYIIDDFVVQDEEGDEENKNQQGEKLTTS, 126.17, 54.55, 1.21
476, Q9H2G4, TSYL2_HUMAN Testis-specific Y-encoded-like protein 2, 3280, IDR_0, 1, 201, MDRPDEGPPAKTRRLSSSESPQRDPPPPPPPPPLLRLPLPPPQQRPRLQEETEAAQVLADMRGVGLGPALPPPPPYVILEEGGIRAYFTLGAECPGWDSTIESGYGEAPPPTESLEALPTPEASGGSLEIDFQVVQSSSFGGEGALETCSAVGWAPQRLVDPKSKEEAIIIVEDEDEDERESMRSSRRRRRRRRRKQRKVK, 97.45, 40.96, 1.18, IDR_1, 338, 364, HSTPIRWHRGQEPQARRHGNQDASHSF, 32.52, 13.64, 1.08, IDR_2, 446, 693, TIHDIKISDFMETTDYFETTDNEITDINENICDSENPDHNEVPNNETTDNNESADDHETTDNNESADDNNENPEDNNKNTDDNEENPNNNENTYGNNFFKGGFWGSHGNNQDSSDSDNEADEASDDEDNDGNEGDNEGSDDDGNEGDNEGSDDDDRDIEYYEKVIEDFDKDQADYEDVIEIISDESVEEEGIEEGIQQDEDIYEEGNYEEEGSEDVWEEGEDSDDSDLEDVLQVPNGWANPGKRGKTG, 139.05, 58.68, 1.52
477, Q96PN7, TREF1_HUMAN Transcriptional-regulating factor 1, 3260, IDR_0, 1, 778, MGDQQLYKTNHVAHGSENLFYQQPPLGVHSGLNHNYGNAVTGGGMDAPQASPISPHFPQDTRDGLGLPVGSKNLGQMDTSRQGGWGSHAGPGNHVQLRGNLANSNMMWGAPAQAEPTDGYQYTYSQASEIRTQKLTSGVLHKLDSFTQVFANQNLRIQVNNMAQVLHTQSAVMDGAPDSALRQLLSQKPMEPPAPAIPSRYQQVPQQPHPGFTGGLSKPALQVGQHPTQGHLYYDYQQPLAQVPVQGGQPLQAPQMLSQHMQQMQQHQYYPPQQQQQAGQQRISMQEIQTQPQQIRPSQPQPPPQQQQPQQLQLQQRQGSMQIPQYYQPQPMMQHLQEQQQQQMHLQPPSYHRDPHQYTPEQAHTVQLIPLGSMSQYYYQEPQQPYSHPLYQQSHLSQHQQREDSQLKTYSSDRQAQAMLSSHGDLGPPDTGMGDPASSDLTRVSSTLPHRPLLSPSGIHLNNMGPQHQQLSPSAMWPQMHLPDGRAQPGSPESSGQPKGAFGEQFDAKNKLTCSICLKEFKNLPALNGHMRSHGGMRASPNLKQEEGEKVLPPQPQPPLPPPPPPPPPPQLPPEAESLTPMVMPVSVPVKLLPPKPSSQGFTNSTVAAPSARDKPASSMSDDEMPVLEIPRKHQPSVPKAEEPLKTVQEKKKFRHRPEPLFIPPPPSYNPNPAASYSGATLYQSQLRSPRVLGDHLLLDPTHELPPYTPPPMLSPVRQGSGLFSNVLISGHGPGAHPQLPLTPLTPTPRVLLCRSNSIDGSNVTVTPGPGEQTVDVE, 187.18, 77.99, 1.15, IDR_1, 954, 1085, TSEEEEELEEEEEEDPEEDRKSTKEEESEVPKSPEPPPVPVLAPTEGPPLQALGQPSGSFICEMPNCGAVFSSRQALNGHARIHGGTNQVTKARGAIPSGKQKPGGTQSGYCSVKSSPSHSTTSGETDPTTI, 86.5, 35.54, 1.3, IDR_2, 1133, 1200, ERTTGPVGAPGLLPLDQLSLIKPIKDVDILDDDVVQQLGGVMEEAEVVDTDLLLDDQDSVLLQGDAEL, 65.09, 26.35, 1.35
478, P51587, BRCA2_HUMAN Breast cancer type 2 susceptibility protein, 3190, IDR_0, 1, 2538, MPIGSKERPTFFEIFKTRCNKADLGPISLNWFEELSSEAPPYNSEPAEESEHKNNNYEPNLFKTPQRKPSYNQLASTPIIFKEQGLTLPLYQSPVKELDKFKLDLGRNVPNSRHKSLRTVKTKMDQADDVSCPLLNSCLSESPVVLQCTHVTPQRDKSVVCGSLFHTPKFVKGRQTPKHISESLGAEVDPDMSWSSSLATPPTLSSTVLIVRNEEASETVFPHDTTANVKSYFSNHDESLKKNDRFIASVTDSENTNQREAASHGFGKTSGNSFKVNSCKDHIGKSMPNVLEDEVYETVVDTSEEDSFSLCFSKCRTKNLQKVRTSKTRKKIFHEANADECEKSKNQVKEKYSFVSEVEPNDTDPLDSNVANQKPFESGSDKISKEVVPSLACEWSQLTLSGLNGAQMEKIPLLHISSCDQNISEKDLLDTENKRKKDFLTSENSLPRISSLPKSEKPLNEETVVNKRDEEQHLESHTDCILAVKQAISGTSPVASSFQGIKKSIFRIRESPKETFNASFSGHMTDPNFKKETEASESGLEIHTVCSQKEDSLCPNLIDNGSWPATTTQNSVALKNAGLISTLKKKTNKFIYAIHDETSYKGKKIPKDQKSELINCSAQFEANAFEAPLTFANADSGLLHSSVKRSCSQNDSEEPTLSLTSSFGTILRKCSRNETCSNNTVISQDLDYKEAKCNKEKLQLFITPEADSLSCLQEGQCENDPKSKKVSDIKEEVLAAACHPVQHSKVEYSDTDFQSQKSLLYDHENASTLILTPTSKDVLSNLVMISRGKESYKMSDKLKGNNYESDVELTKNIPMEKNQDVCALNENYKNVELLPPEKYMRVASPSRKVQFNQNTNLRVIQKNQEETTSISKITVNPDSEELFSDNENNFVFQVANERNNLALGNTKELHETDLTCVNEPIFKNSTMVLYGDTGDKQATQVSIKKDLVYVLAEENKNSVKQHIKMTLGQDLKSDISLNIDKIPEKNNDYMNKWAGLLGPISNHSFGGSFRTASNKEIKLSEHNIKKSKMFFKDIEEQYPTSLACVEIVNTLALDNQKKLSKPQSINTVSAHLQSSVVVSDCKNSHITPQMLFSKQDFNSNHNLTPSQKAEITELSTILEESGSQFEFTQFRKPSYILQKSTFEVPENQMTILKTTSEECRDADLHVIMNAPSIGQVDSSKQFEGTVEIKRKFAGLLKNDCNKSASGYLTDENEVGFRGFYSAHGTKLNVSTEALQKAVKLFSDIENISEETSAEVHPISLSSSKCHDSVVSMFKIENHNDKTVSEKNNKCQLILQNNIEMTTGTFVEEITENYKRNTENEDNKYTAASRNSHNLEFDGSDSSKNDTVCIHKDETDLLFTDQHNICLKLSGQFMKEGNTQIKEDLSDLTFLEVAKAQEACHGNTSNKEQLTATKTEQNIKDFETSDTFFQTASGKNISVAKESFNKIVNFFDQKPEELHNFSLNSELHSDIRKNKMDILSYEETDIVKHKILKESVPVGTGNQLVTFQGQPERDEKIKEPTLLGFHTASGKKVKIAKESLDKVKNLFDEKEQGTSEITSFSHQWAKTLKYREACKDLELACETIEITAAPKCKEMQNSLNNDKNLVSIETVVPPKLLSDNLCRQTENLKTSKSIFLKVKVHENVEKETAKSPATCYTNQSPYSVIENSALAFYTSCSRKTSVSQTSLLEAKKWLREGIFDGQPERINTADYVGNYLYENNSNSTIAENDKNHLSEKQDTYLSNSSMSNSYSYHSDEVYNDSGYLSKNKLDSGIEPVLKNVEDQKNTSFSKVISNVKDANAYPQTVNEDICVEELVTSSSPCKNKNAAIKLSISNSNNFEVGPPAFRIASGKIVCVSHETIKKVKDIFTDSFSKVIKENNENKSKICQTKIMAGCYEALDDSEDILHNSLDNDECSTHSHKVFADIQSEEILQHNQNMSGLEKVSKISPCDVSLETSDICKCSIGKLHKSVSSANTCGIFSTASGKSVQVSDASLQNARQVFSEIEDSTKQVFSKVLFKSNEHSDQLTREENTAIRTPEHLISQKGFSYNVVNSSAFSGFSTASGKQVSILESSLHKVKGVLEEFDLIRTEHSLHYSPTSRQNVSKILPRVDKRNPEHCVNSEMEKTCSKEFKLSNNLNVEGGSSENNHSIKVSPYLSQFQQDKQQLVLGTKVSLVENIHVLGKEQASPKNVKMEIGKTETFSDVPVKTNIEVCSTYSKDSENYFETEAVEIAKAFMEDDELTDSKLPSHATHSLFTCPENEEMVLSNSRIGKRRGEPLILVGEPSIKRNLLNEFDRIIENQEKSLKASKSTPDGTIKDRRLFMHHVSLEPITCVPFRTTKERQEIQNPNFTAPGQEFLSKSHLYEHLTLEKSSSNLAVSGHPFYQVSATRNEKMRHLITTGRPTKVFVPPFKTKSHFHRVEQCVRNINLEENRQKQNIDGHGSDDSKNKINDNEIHQFNKNNSNQAAAVTFTKCEEEPLDLITSLQNARDIQDMRIKKKQRQRVFPQPGSLYLAKTSTLPRISLKAAVGGQVPSACSHK, 412.14, 178.07, 1.41, IDR_1, 2700, 2713, ISETSSNKTSSADT, 23.6, 9.1, 1.08, IDR_2, 3014, 3026, SKSKSKSERANIQ, 22.74, 8.97, 1.08, IDR_3, 3187, 3418, NDPKWSTPTKDCTSGPYTAQIIPGTGNKLLMSSPNCEIYYQSPLSLCMAKRKSVSTPVSAQMTSKSCKGEKEIDDQKNCKKRRALDFLSRLPLPPPVSPICTFVSPAAQKAFQPPRSCGTKYETPIKKKELNSPQMTPFKKFNEISLLESNSIADEELALINTQALLSGSTGEKQFISVSESTRTAPTSSEDYLRLKRRCTTSLIKEQESSQASTEECEKNKQDTITTKKYI, 118.48, 50.44, 1.34
479, Q9UHJ3, SMBT1_HUMAN Scm-like with four MBT domains protein 1, 3164, IDR_0, 1, 17, MNGEQQLDADAGSGMEE, 26.22, 10.29, 1.09, IDR_1, 466, 488, VVQPEKQVPSSRTVHEGLRNQEL, 32.78, 12.86, 1.18, IDR_2, 639, 776, YGKKKNKRIGRPPGGHSNLACALKKASKRRKRRKNVFVHKKKRSSASVDNTPAGSPQGSGGEDEDDPDEGDDDSLSEGSTSEQQDELQEESEMSEKKSCSSSPTQSEISTSLPPDRQRRKRELRTFSFSDDENKPPSP, 73.29, 29.17, 1.07
480, Q1MSJ5, CSPP1_HUMAN Centrosome and spindle pole-associated protein 1, 3131, IDR_0, 1, 37, MLFPLQVAAVTSSVRDDPLEHCVSPRTRARSPEICKM, 44.0, 17.65, 1.24, IDR_1, 88, 244, KENIPPNSQQTRGSLGIDYGLSLPLGEDYERKKHKLKEELRQDYRRYLTQGITQGKRKKNFLSTSETDPSTLGVSLPIGERLSAKERLKLERNKEYNQFLRGKEESSEKFRQVEKSTEPKSQRNKKPIGQVKPDLTSQIQTSCENSEGPRKDVLTPS, 92.32, 38.09, 1.27, IDR_2, 283, 411, VGISNLKHQRFASKAGIPDRRFHRFNEDRVFDRRYHRPDQDPEVSEEMDERFRYESDFDRRLSRVYTNDRMHRNKRGNMPPMEHDGDVIEQSNIRISSAENKSAPDNETSKSANQDTCSPFAGMLFGGE, 73.49, 31.74, 1.11, IDR_3, 447, 629, RVAASGAQDPEKSPDRLKQFSVAPRHFEEMIPPERPRIAFQTPLPPLSAPSVPPIPSVHPVPSQNEDLRSGLSSALGEMVSPRIAPLPPPPLLPPLATNYRTPYDDAYYFYGSRNTFDPSLAYYGSGMMGVQPAAYVSAPVTHQLAQPVVNTVGQNELKITSDQVINSGLIFEDKPKPSKQSL, 100.32, 42.18, 1.27, IDR_4, 667, 760, TYNPWGKGGGGAPLRDAKGNLITDLNRMHRQNIDAYHNPDARTYEDKRAVVSLDPNLATSNAENLEDAANKSSGHMQTQSSPFARGNVFGEPPT, 65.57, 27.67, 1.16, IDR_5, 810, 829, IQQEYEEEQEKKREKEEEQR, 27.83, 10.69, 1.07, IDR_6, 868, 1022, DNLIGEETKHMRQPSPIVPALQNKIASKLQRPPSVDSIIRSFIHESSMSRAQSPPVPARKNQLRAEEEKKNVIMELSEMRKQLRSEERRLQERLLHMDSDDEIPIRKKERNPMDIFDMARHRLQAPVRRQSPKGLDAATFQNVHDFNELKDRDSE, 92.22, 39.22, 1.27, IDR_7, 1064, 1256, GAKVDLDAIPSAKVREQRMPRDDTSDFLKNSLLESDSAFIGAYGETYPAIEDDVLPPPSQLPSARERRRNKWKGLDIDSSRPNVAPDGLSLKSISSVNVDELRVRNEERMRRLNEFHNKPINTDDESSLVDPDDIMKHIGDDGSNSVATEPWLRPGTSETLKRFMAEQLNQEQQQIPGKPGTFTWQGLSTAHG, 99.43, 42.63, 1.23
481, Q5T5U3, RHG21_HUMAN Rho GTPase-activating protein 21, 3080, IDR_0, 1, 95, MMATRRTGLSEGDGDKLKACEVSKNKDGKEQSETVSLSEDETFSWPGPKTVTLKRTSQGFGFTLRHFIVYPPESAIQFSYKDEENGNRGGKQRNR, 65.57, 28.2, 1.16, IDR_1, 182, 936, YLKGNEAYSGNARNIPEPPPICYPWLPSAPSAMAQPVEISPPDSSLSKQQTSTPVLTQPGRAYRMEIQVPPSPTDVAKSNTAVCVCNESVRTVIVPSEKVVDLLSNRNNHTGPSHRTEEVRYGVSEQTSLKTVSRTTSPPLSIPTTHLIHQPAGSRSLEPSGILLKSGNYSGHSDGISSSRSQAVEAPSVSVNHYSPNSHQHIDWKNYKTYKEYIDNRRLHIGCRTIQERLDSLRAASQSTTDYNQVVPNRTTLQGRRRSTSHDRVPQSVQIRQRSVSQERLEDSVLMKYCPRSASQGALTSPSVSFSNHRTRSWDYIEGQDETLENVNSGTPIPDSNGEKKQTYKWSGFTEQDDRRGICERPRQQEIHKSFRGSNFTVAPSVVNSDNRRMSGRGVGSVSQFKKIPPDLKTLQSNRNFQTTCGMSLPRGISQDRSPLVKVRSNSLKAPSTHVTKPSFSQKSFVSIKDQRPVNHLHQNSLLNQQTWVRTDSAPDQQVETGKSPSLSGASAKPAPQSSENAGTSDLELPVSQRNQDLSLQEAETEQSDTLDNKEAVILREKPPSGRQTPQPLRHQSYILAVNDQETGSDTTCWLPNDARREVHIKRMEERKASSTSPPGDSLASIPFIDEPTSPSIDHDIAHIPASAVISASTSQVPSIATVPPCLTTSAPLIRRQLSHDHESVGPPSLDAQPNSKTERSKSYDEGLDDYREDAKLSFKHVSSLKGIKIADSQKSSEDSGSRKDSSSEVFSDAAKEG, 211.15, 88.7, 1.32, IDR_2, 975, 989, DKREQTTPSEEEQPI, 26.7, 10.45, 1.19, IDR_3, 1067, 1146, KAEQLPKTPRQSLSIRQTLLGAKSEPKTQSPHSPKEESERKLLSKDDTSPPKDKGTWRKGIPSIMRKTFEKKPTATGTFG, 69.52, 28.89, 1.34, IDR_4, 1339, 1958, FTEEGAEEPLTTVQEESTVDSQPVPNIDHLLTNIGRTGVSPGDVSDSATSDSTKSKGSWGSGKDQYSRELLVSSIFAAASRKRKKPKEKAQPSSSEDELDNVFFKKENVEQCHNDTKEESKKESETLGRKQKIIIAKENSTRKDPSTTKDEKISLGKESTPSEEPSPPHNSKHNKSPTLSCRFAILKESPRSLLAQKSSHLEETGSDSGTLLSTSSQASLARFSMKKSTSPETKHSEFLANVSTITSDYSTTSSATYLTSLDSSRLSPEVQSVAESKGDEADDERSELISEGRPVETDSESEFPVFPTALTSERLFRGKLQEVTKSSRRNSEGSELSCTEGSLTSSLDSRRQLFSSHKLIECDTLSRKKSARFKSDSGSLGDAKNEKEAPSLTKVFDVMKKGKSTGSLLTPTRGESEKQEPTWKTKIADRLKLRPRAPADDMFGVGNHKVNAETAKRKSIRRRHTLGGHRDATEISVLNFWKVHEQSGERESELSAVNRLKPKCSAQDLSISDWLARERLRTSTSDLSRGEIGDPQTENPSTREIATTDTPLSLHCNTGSSSSTLASTNRPLLSIPPQSPDQINGESFQNVSKNASSAANAQPHKLSETPGSKAEFHPCL, 203.12, 85.46, 1.4
482, A2AJT9, BCLA3_HUMAN BCLAF1 and THRAP3 family member 3, 3057, IDR_0, 1, 468, MARSRSRSPRWKHRSLSPVPRNAEHYKQRHSHGHYGCEYRKDPKRPVAWRMDSEKHGQSKPRIPSRGNIYYQSYEHRSPSPNIRNSLENVYMYKPHRGYSPGRGDSNRRAQYMPKYSEGIPYKEHERNSYPQKVQGGHSPDDHRVRGSGKGGKPPQRSIADSFRFEGKWHEDELRHQRIQEEKYSQSTRRGSEDFETRSSFQKRYPEDRDFRKYGHTSKRPKDVERYESREPARNPKWKPEHSLPPYQEDTDQWNLGPQTYRHAEREHPETSSATKVSYDYRHKRPKLLDGDQDFSDGRTQKYCKEEDRKYSFQKGPLNRELDCFNTGRGRETQDGQVKEPFKPSKKDSIACTYSNKNDVDLRSSNDKWKEKIKKEGDCRKESNSSSNQLDKSQKLPDVKPSPINLRKKSLTVKVDVKKTVDTFRVASSYSTERQMSHDLVAVGRKSENFHPVFEHLDSTQNTENKPT, 139.6, 59.98, 1.11, IDR_1, 579, 711, AAERDDQNSSFSKVKNVHTDGFQKPTHFIKSNFRKCIEKPYMNYTTQRKDIITHKPFEVEGNHRNTRVRPFKSNFRGGRCQPNYKSGLVQKSLYIQAKYQRLRFTGPRGFITHKFRERLMRKKKEYTDVATGI, 80.99, 34.74, 1.21
483, Q09472, EP300_HUMAN Histone acetyltransferase p300, 3027, IDR_0, 1, 334, MAENVVEPGPPSAKRPKLSSPALSASASDGTDFGSLFDLEHDLPDELINSTELGLTNGGDINQLQTSLGMVQDAASKHKQLSELLRSGSSPNLNMGVGGPGQVMASQAQQSSPGLGLINSMVKSPMTQAGLTSPNMGMGTSGPNQGPTQSTGMMNSPVNQPAMGMNTGMNAGMNPGMLAAGNGQGIMPNQVMNGSIGAGRGRQNMQYPNPGMGSAGNLLTEPLQQGSPQMGGQTGLRGPQPLKMGMMNNPNPYGSPYTQNPGQQIGASGLGLQIQTKTVLSNNLSPFAMDKKAVPGGGMPNMGQQPAPQVQQPGLVTPVAQGMGSGAHTADPEK, 148.67, 62.16, 1.4, IDR_1, 417, 569, LKNAGDKRNQQPILTGAPVGLGNPSSLGVGQQSAPNLSTVSQIDPSSIERAYAALGLPYQVNQMPTQPQVQAKNQQNQQPGQSPQGMRPMSNMSASPMGVNGGVGVQTPSLLSDSMLHSAINSQNPMMSENASVPSLGPMPTAAQPSTTGIRK, 96.57, 40.0, 1.34, IDR_2, 655, 1049, QNMLPNAAGMVPVSMNPGPNMGQPQPGMTSNGPLPDPSMIRGSVPNQMMPRITPQSGLNQFGQMSMAQPPIVPRQTPPLQHHGQLAQPGALNPPMGYGPRMQQPSNQGQFLPQTQFPSQGMNVTNIPLAPSSGQAPVSQAQMSSSSCPVNSPIMPPGSQGSHIHCPQLPQPALHQNSPSPVPSRTPTPHHTPPSIGAQQPPATTIPAPVPTPPAMPPGPQSQALHPPPRQTPTPPTTQLPQQVQPSLPAAPSADQPQQQPRSQQSTAASVPTPTAPLLPPQPATPLSQPAVSIEGQVSNPPSTSSTEVNSQAIAEKQPSQEVKMEAKMEVDQPEPADTQPEDISESKVEDCKMESTETEERSTELKTEIKEEEDQPSTSATQSSPAPGQSKKKIF, 166.91, 71.51, 1.44, IDR_3, 1213, 1237, VSLGDDPSQPQTTINKEQFSKRKND, 33.65, 13.73, 1.16, IDR_4, 1523, 1578, EEEERKREENTSNESTDVTKGDSKNAKKKNNKKTSKNKSSLSRGNKKKPGMPNVSN, 51.13, 22.18, 1.18, IDR_5, 1708, 1731, LGLGLDDESNNQQAAATQSPGDSR, 30.68, 12.7, 1.08, IDR_6, 1837, 2414, RTGVVGQQQGLPSPTPATPTTPTGQQPTTPQTPQPTSQPQPTPPNSMPPYLPRTQAAGPVSQGKAAGQVTPPTPPQTAQPPLPGPPPAAVEMAMQIQRAAETQRQMAHVQIFQRPIQHQMPPMTPMAPMGMNPPPMTRGPSGHLEPGMGPTGMQQQPPWSQGGLPQPQQLQSGMPRPAMMSVAQHGQPLNMAPQPGLGQVGISPLKPGTVSQQALQNLLRTLRSPSSPLQQQQVLSILHANPQLLAAFIKQRAAKYANSNPQPIPGQPGMPQGQPGLQPPTMPGQQGVHSNPAMQNMNPMQAGVQRAGLPQQQPQQQLQPPMGGMSPQAQQMNMNHNTMPSQFRDILRRQQMMQQQQQQGAGPGIGPGMANHNQFQQPQGVGYPPQQQQRMQHHMQQMQQGNMGQIGQLPQALGAEAGASLQAYQQRLLQQQMGSPVQPNPMSPQQHMLPNQAQSPHLQGQQIPNSLSNQVRSPQPVPSPRPQSQPPHSSPSPRMQPQPSPHHVSPQTSSPHPGLVAAQANPMEQGHFASPDQNSMLSQLASNPGMANLHGASATDLGLSTDNSDLNSNLSQSTLDIH, 185.51, 76.57, 1.32
484, Q92570, NR4A3_HUMAN Nuclear receptor subfamily 4 group A member 3, 3016, IDR_0, 1, 292, MPCVQAQYSPSPPGSSYAAQTYSSEYTTEIMNPDYTKLTMDLGSTEITATATTSLPSISTFVEGYSSNYELKPSCVYQMQRPLIKVEEGRAPSYHHHHHHHHHHHHHHQQQHQQPSIPPASSPEDEVLPSTSMYFKQSPPSTPTTPAFPPQAGALWDEALPSAPGCIAPGPLLDPPMKAVPTVAGARFPLFHFKPSPPHPPAPSPAGGHHLGYDPTAAAALSLPLGAAAAAGSQAAALESHPYGLPLAKRAAPLAFPPLGLTPSPTASSLLGESPSLPSPPSRSSSSGEGTC, 108.49, 49.93, 1.09, IDR_1, 367, 397, LKGRRGRLPSKPKSPLQQEPSQPSPPSPPIC, 43.7, 17.74, 1.35
485, Q96EX2, RNFT2_HUMAN RING finger and transmembrane domain-containing protein 2, 2915, IDR_0, 1, 152, MWLFTVNQVLRKMQRRHSSNTDNIPPERNRSQALSSEASVDEGGVFESLKAEAASPPALFSGLSGSLPTSSFPSSLVLGSSAGGGDVFIQMPASREEGGGRGEGGAYHHRQPHHHFHHGGHRGGSLLQHVGGDHRGHSEEGGDEQPGTPAPA, 81.12, 34.96, 1.13
486, Q96FS4, SIPA1_HUMAN Signal-induced proliferation-associated protein 1, 2892, IDR_0, 1, 258, MPMWAGGVGSPRRGMAPASTDDLFARKLRQPARPPLTPHTFEPRPVRGPLLRSGSDAGEARPPTPASPRARAHSHEEASRPAATSTRLFTDPLALLGLPAEEPEPAFPPVLEPRWFAHYDVQSLLFDWAPRSQGMGSHSEASSGTLASAEDQAASSDLLHGAPGFVCELGGEGELGLGGPASPPVPPALPNAAVSILEEPQNRTSAYSLEHADLGAGYYRKYFYGKEHQNFFGMDESLGPVAVSLRREEKEGSGGGTL, 113.67, 48.38, 1.21, IDR_1, 544, 603, VTTTSLDSASRFGLPSLGGRRRAAPRGPGAELQAAGSLVWGVRAAPGARVAAGAQASGPE, 53.74, 22.32, 1.19, IDR_2, 761, 978, PDESGRPRRSFSELYTLSLQEPSRRGAPDPVQDEVQGVTLLPTTKQLLHLCLQDGGSPPGPGDLAEERTEFLHSQNSLSPRSSLSDEAPVLPNTTPDLLLATTAKPSVPSADSETPLTQDRPGSPSGSEDKGNPAPELRASFLPRTLSLRNSISRIMSEAGSGTLEDEWQAISEIASTCNTILESLSREGQPIPESGDPKGTPKSDAEPEPGNLSEKV, 119.57, 50.65, 1.39
487, P35869, AHR_HUMAN Aryl hydrocarbon receptor, 2856, IDR_0, 1, 40, MNSSSANITYASRKRRKPVQKTVKPIPAEGIKSNPSKRHR, 47.29, 19.28, 1.28, IDR_1, 183, 195, CTESGQGIEEATG, 21.49, 8.36, 1.03, IDR_2, 388, 848, DEEGTEHLRKRNTKLPFMFTTGEAVLYEATNPFPAIMDPLPLRTKNGTSGKDSATTSTLSKDSLNPSSLLAAMMQQDESIYLYPASSTSSTAPFENNFFNESMNECRNWQDNTAPMGNDTILKHEQIDQPQDVNSFAGGHPGLFQDSKNSDLYSIMKNLGIDFEDIRHMQNEKFFRNDFSGEVDFRDIDLTDEILTYVQDSLSKSPFIPSDYQQQQSLALNSSCMVQEHLHLEQQQQHHQKQVVVEPQQQLCQKMKHMQVNGMFENWNSNQFVPFNCPQQDPQQYNVFTDLHGISQEFPYKSEMDSMPYTQNFISCNQPVLPQHSKCTELDYPMGSFEPSPYPTTSSLEDFVTCLQLPENQKHGLNPQSAIITPQTCYAGAVSMYQCQPEPQHTHVGQMQYNPVLPGQQAFLNKFQNGVLNETYPAELNNINNTQTTTHLQPLHHPSEARPFPDLTSSGFL, 136.5, 59.05, 1.09
488, Q4V348, Z658B_HUMAN Zinc finger protein 658B, 2749, IDR_0, 1, 276, MMNLEKNFDKTTLFNHMRTDKRGKCSDLNEYGTSCDKTTAVEYNKVHMAMTHYECNERGINFSRKSPLTQSQRTITGWSAFESNKCEENFSQSSAHIVHQKTQAGDKFGEHNECTDALYQKLDFTAHQRIHTDFTAHQKFYLSDEHGKCRKSFYWKAHLIQHERPHSGEKTYQYEECAKSFCSSSHPIQHPGTYVGFKLYECNECGKAFCQNSNLSKHLRIHTKEKPCDNNGCGRSYKSPLIGHQKTDAEMELCGGSEYGKTSHLKGHQRILMGEK, 108.7, 44.79, 1.13
489, P52740, ZN132_HUMAN Zinc finger protein 132, 2749, IDR_0, 1, 37, MALPSPQVLMGLPALLMGPAQHTSWPCGSAVPTLKSM, 44.52, 17.81, 1.25, IDR_1, 74, 285, VTSLGSWHGVEGEGAHPKQNVSVEVLQVRIPNADPSTKKANSCDMCGPFLKDILHLAEHQGTQSEEKPYTCGACGRDFWLNANLHQHQKEHSGGKPFRWYKDRDALMKSSKVHLSENPFTCREGGKVILGSCDLLQLQAVDSGQKPYSNLGQLPEVCTTQKLFECSNCGKAFLKSSTLPNHLRTHSEEIPFTCPTGGNFLEEKSILGNKKFH, 102.28, 43.73, 1.21
490, Q5TYW1, ZN658_HUMAN Zinc finger protein 658, 2749, IDR_0, 1, 516, MNMSQASVSFQDVTVEFTREEWQHLGPVERTLYRDVMLENYSHLISVGYCITKPKVISKLEKGEEPWSLEDEFLNQRYPGYFKVDHIKGIREKQEKPLWQEIFISDADKTLSKEGQKVLEKPFNLEIAPELSEKISCKCDSHRMNLPVASQLIISERKYSRKKTEYMNVCEKLQLDIKHEKAHAEEKSYEHGENAKAFSYKKDQHWKFQTLEESFECDGSGQGLYDKTICITPQSFLTGEKSCKDDEFRKNFDKITLFNHMRTDTRGKCSDLNEYGTSCDKTTAVEYNKVHMAMTHYECNERGINFSRKSPLTQSQRTITGWSAFESNKCEENFSQSSAHIVHQKTQAGDKFGEHNECTDALYQKLDFTAHQRIHTEDKFYLSDEHGKCRKSFYRKAHLIQHQRPHSGEKTYQYEECAKSFCSSSHPIQHPGTYVGFKLYECNECGKAFCQNSNLSKHLRIHTKEKPCDNNGCGRSYKSPLIGHQKTDAEMELCGGSEYGKTSHLKGHQRILMGEK, 149.27, 64.12, 1.13
491, Q9HCX3, ZN304_HUMAN Zinc finger protein 304, 2749, IDR_0, 57, 263, CEAEHEAPSEQSVSVEGVSQVRTAESGLFQKAHPCEMCDPLLKDILHLAEHQGSHLTQKLCTRGLCRRRFSFSANFYQHQKQHNGENCFRGDDGGASFVKSCTVHMLGRSFTCREEGMDLPDSSGLFQHQTTYNRVSPCRRTECMESFPHSSSLRQHQGDYDGQMLFSCGDEGKAFLDTFTLLDSQMTHAEVRPFRCLPCGNVFKEK, 93.12, 38.89, 1.12
492, Q9UHF7, TRPS1_HUMAN Zinc finger transcription factor Trps1, 2721, IDR_0, 1, 214, MVRKKNPPLRNVASEGEGQILEPIGTESKVSGKNKEFSADQMSENTDQSDAAELNHKEEHSLHVQDPSSSSKKDLKSAVLSEKAGFNYESPSKGGNFPSFPHDEVTDRNMLAFSSPAAGGVCEPLKSPQRAEADDPQDMACTPSGDSLETKEDQKMSPKATEETGQAQSGQANCQGLSPVSVASKNPQVPSDGGVRLNKSKTDLLVNDNPDPAP, 116.71, 48.43, 1.37, IDR_1, 359, 518, PNKIKASLPSSEVAKPSEKNSNKSIPALQSSDSGDLGKWQDKITVKAGDDTPVGYSVPIKPLDSSRQNGTEATSYYWCKFCSFSCESSSSLKLLEHYGKQHGAVQSGGLNPELNDKLSRGSVINQNDLAKSSEGETMTKTDKSSSGAKKKDFSSKGAEDN, 93.37, 38.44, 1.27, IDR_2, 637, 667, HESQASDVKQEANHLQGSDGQQSVKESKEHS, 34.86, 14.42, 1.08, IDR_3, 714, 893, VHCQEQDITTANGEEDGHAISTIKEEPKIDFRVYNLLTPDSKMGEPVSESVVKREKLEEKDGLKEKVWTESSSDDLRNVTWRGADILRGSPSYTQASLGLLTPVSGTQEQTKTLRDSPNVEAAHLARPIYGLAVETKGFLQGAPAGGEKSGALPQQYPASGENKSKDESQSLLRRRRGSG, 97.98, 42.26, 1.26, IDR_4, 931, 1213, RPLNIIKQNNGEQIIRRRTRKRLNPEALQAEQLNKQQRGSNEEQVNGSPLERRSEDHLTESHQREIPLPSLSKYEAQGSLTKSHSAQQPVLVSQTLDIHKRMQPLHIQIKSPQESTGDPGNSSSVSEGKGSSERGSPIEKYMRPAKHPNYSPPGSPIEKYQYPLFGLPFVHNDFQSEADWLRFWSKYKLSVPGNPHYLSHVPGLPNPCQNYVPYPTFNLPPHFSAVGSDNDIPLDLAIKHSRPGPTANGASKEKTKAPPNVKNEGPLNVVKTEKVDRSTQDEL, 120.23, 50.8, 1.23, IDR_5, 1268, 1281, RNNAQVEKNGKPKE, 23.73, 9.53, 1.09
493, Q01196, RUNX1_HUMAN Runt-related transcription factor 1, 2718, IDR_0, 1, 41, MRIPVDASTSRRFTPPSTALSPGKMSEALPLGAPDAGAALA, 46.81, 19.23, 1.25, IDR_1, 173, 453, PREPRRHRQKLDDQTKPGSLSFSERLSELEQLRRTAMRVSPHHPAPTPNPRASLNHSTAFNPQPQSQMQDTRQIQPSPPWSYDQSYQYLGSIASPSVHPATPISPGRASGMTTLSAELSSRLSTAPDLTAFSDPRQFPALPSISDPRMHYPGAFTYSPTPVTSGIGIGMSAMGSATRYHTYLPPPYPGSSQAQGGPFQASSPSYHLYYGASAGSYQFSMVGGERSPPRILPPCTNASTGSALLNPSLPNQSDVVEAEGSHSNSPTNMAPSARLEEAVWRPY, 116.07, 48.42, 1.19
494, Q92545, TM131_HUMAN Transmembrane protein 131, 2701, IDR_0, 1, 60, MGKRAGGGATGATTAAVSTSAGAGLEPAAARSGGPRSAAAGLLGALHLVMTLVVAAARAE, 54.71, 22.65, 1.21, IDR_1, 1150, 1883, FRRRLSFEASNPPFDVGRPFDLRRIVGISSEGNLNTLSCDPGHSRGFCGAGGSSSRPSAGSHKQCGPSVHPHSSHSNRNSADVENVRAKNSSSTSSRTSAQAASSQSANKTSPLVLDSNTVTQGHTAGRKSKGAKQSQHGSQHHAHSPLEQHPQPPLPPPVPQPQEPQPERLSPAPLAHPSHPERASSARHSSEDSDITSLIEAMDKDFDHHDSPALEVFTEQPPSPLPKSKGKGKPLQRKVKPPKKQEEKEKKGKGKPQEDELKDSLADDDSSSTTTETSNPDTEPLLKEDTEKQKGKQAMPEKHESEMSQVKQKSKKLLNIKKEIPTDVKPSSLELPYTPPLESKQRRNLPSKIPLPTAMTSGSKSRNAQKTKGTSKLVDNRPPALAKFLPNSQELGNTSSSEGEKDSPPPEWDSVPVHKPGSSTDSLYKLSLQTLNADIFLKQRQTSPTPASPSPPAAPCPFVARGSYSSIVNSSSSSDPKIKQPNGSKHKLTKAASLPGKNGNPTFAAVTAGYDKSPGGNGFAKVSSNKTGFSSSLGISHAPVDSDGSDSSGLWSPVSNPSSPDFTPLNSFSAFGNSFNLTGEVFSKLGLSRSCNQASQRSWNEFNSGPSYLWESPATDPSPSWPASSGSPTHTATSVLGNTSGLWSTTPFSSSIWSSNLSSALPFTTPANTLASIGLMGTENSPAPHAPSTSSPADDLGQTYNPWRIWSPTIGRRSSDPWSNSHFPHEN, 208.52, 95.03, 1.32
495, Q9UPU7, TBD2B_HUMAN TBC1 domain family member 2B, 2691, IDR_0, 1, 34, MPGAGARAEEGGGGGEGAAQGAAAEPGAGPAREP, 39.96, 15.49, 1.18, IDR_1, 151, 343, DSRTSPTPGDFPKGLVARDNTDLIYPHPNASAEKARNVLAVETVPGELVGEQAANQPAPGHPNSINFYSLKQWGNELKNSMSSFRPGRGHNDSRRTVFYTNEEWELLDPTPKDLEESIVQEEKKKLTPEGNKGVTGSGFPFDFGRNPYKGKRPLKDIIGSYKNRHSSGDPSSEGTSGSGSVSIRKPASEMQLQ, 98.34, 41.57, 1.22, IDR_2, 458, 480, SEGEGNGPPPTVAPSSPSVVPVA, 35.15, 14.31, 1.25, IDR_3, 946, 963, RDTSPDKGELVSDEEEDT, 27.73, 10.82, 1.12
496, Q5VTE6, ANGE2_HUMAN Protein angel homolog 2, 2625, IDR_0, 1, 165, MEAWRCVRKGYGHCVVGRGRYPMFPHHSRSLGRDWTTPWENLQRCCWNRHISSCMRWPGHYSRAPYPYFSSRHFSLNWRPPCLFESRTQFQYCNWRPDNLSQTSLIHLSSYVMNAEGDEPSSKRRKHQGVIKRNWEYICSHDKEKTKILGDKNVDPKCEDSENKF, 71.16, 31.06, 0.95
497, P02538, K2C6A_HUMAN Keratin; type II cytoskeletal 6A, 2593, IDR_0, 1, 142, MASTSTTIRSHSSSRRGFSANSARLPGVSRSGFSSVSVSRSRGSGGLGGACGGAGFGSRSLYGLGGSKRISIGGGSCAISGGYGSRAGGSYGFGGAGSGFGFGGGAGIGFGLGGGAGLAGGFGGPGFPVCPPGGIQEVTVNQ, 80.24, 33.14, 1.17, IDR_1, 477, 564, NGEGVGQVNISVVQSTVSSGYGGASGVGSGLGLGGGSSYSYGSGLGVGGGFSSSSGRAIGGGLSSVGGGSSTIKYTTTSSSSRKSYKH, 62.22, 25.73, 1.15
498, Q70EL1, UBP54_HUMAN Inactive ubiquitin carboxyl-terminal hydrolase 54, 2563, IDR_0, 1, 44, MSWKRNYFSGGRGSVQGMFAPRSSTSIAPSKGLSNEPGQNSCFL, 42.83, 18.19, 1.11, IDR_1, 351, 796, DPQGTPVSTQDLPPQAEFQSYSRTCYDSEDSGREPSISSDTRTDSSTESYPYKHSHHESVVSHFSSDSQGTVIYNVENDSMSQSSRDTGHLTDSECNQKHTSKKGSLIERKRSSGRVRRKGDEPQASGYHSEGETLKEKQAPRNASKPSSSTNRLRDFKETVSNMIHNRPSLASQTNVGSHCRGRGGDQPDKKPPRTLPLHSRDWEIESTSSESKSSSSSKYRPTWRPKRESLNIDSIFSKDKRKHCGYTQLSPFSEDSAKEFIPDEPSKPPSYDIKFGGPSPQYKRWGPARPGSHLLEQHPRLIQRMESGYESSERNSSSPVSLDAALPESSNVYRDPSAKRSAGLVPSWRHIPKSHSSSILEVDSTASMGGWTKSQPFSGEEISSKSELDELQEEVARRAQEQELRRKREKELEAAKGFNPHPSRFMDLDELQNQGRSDGFERS, 148.8, 65.62, 1.21, IDR_2, 863, 1684, DRMQQQQSPQQPSQPSACLPTQAGTLSQPTSEQPIPLQVLLSQEAQLESGMDTEFGASSFFHSPASCHESHSSLSPESSAPQHSSPSRSALKLLTSVEVDNIEPSAFHRQGLPKAPGWTEKNSHHSWEPLDAPEGKLQGSRCDNSSCSKLPPQEGRGIAQEQLFQEKKDPANPSPVMPGIATSERGDEHSLGCSPSNSSAQPSLPLYRTCHPIMPVASSFVLHCPDPVQKTNQCLQGQSLKTSLTLKVDRGSEETYRPEFPSTKGLVRSLAEQFQRMQGVSMRDSTGFKDRSLSGSLRKNSSPSDSKPPFSQGQEKGHWPWAKQQSSLEGGDRPLSWEESTEHSSLALNSGLPNGETSSGGQPRLAEPDIYQEKLSQVRDVRSKDLGSSTDLGTSLPLDSWVNITRFCDSQLKHGAPRPGMKSSPHDSHTCVTYPERNHILLHPHWNQDTEQETSELESLYQASLQASQAGCSGWGQQDTAWHPLSQTGSADGMGRRLHSAHDPGLSKTSTAEMEHGLHEARTVRTSQATPCRGLSRECGEDEQYSAENLRRISRSLSGTVVSEREEAPVSSHSFDSSNVRKPLETGHRCSSSSSLPVIHDPSVFLLGPQLYLPQPQFLSPDVLMPTMAGEPNRLPGTSRSVQQFLAMCDRGETSQGAKYTGRTLNYQSLPHRSRTDNSWAPWSETNQHIGTRFLTTPGCNPQLTYTATLPERSKGLQVPHTQSWSDLFHSPSHPPIVHPVYPPSSSLHVPLRSAWNSDPVPGSRTPGPRRVDMPPDDDWRQSSYASHSGHRRTVGEGFLFVLSDAPRREQIRARVLQHSQW, 198.58, 88.96, 1.19
499, Q9C0A1, ZFHX2_HUMAN Zinc finger homeobox protein 2, 2544, IDR_0, 1, 444, MATLNSASTTGTTPSPGHNAPSLPSDTFSSSTPSDPVTKDPPAASSTSENMRSSEPGGQLLESGCGLVPPKEIGEPQEGPDCGHFPPNDPGVEKDKEQEEEEEGLPPMDLSNHLFFTAGGEAYLVAKLSLPGGSELLLPKGFPWGEAGIKEEPSLPFLAYPPPSHLTALHIQHGFDPIQGFSSSDQILSHDTSAPSPAACEERHGAFWSYQLAPNPPGDPKDGPMGNSGGNHVAVFWLCLLCRLGFSKPQAFMDHTQSHGVKLTPAQYQGLSGSPAVLQEGDEGCKALISFLEPKLPARPSSDIPLDNSSTVNMEANVAQTEDGPPEAEVQALILLDEEVMALSPPSPPTATWDPSPTQAKESPVAAGEAGPDWFPEGQEEDGGLCPPLNQSSPTSKEGGTLPAPVGSPEDPSDPPQPYRLADDYTPAPAAFQGLSLSSHMSLL, 172.25, 71.65, 1.4, IDR_1, 525, 712, IHMQSDKHLANLQGFQAGPGGQGSPPEASLPPSAGDKEPKTKSSWQCKVCSYETNISRNLRIHMTSEKHMQNVLMLHQGLPLGLPPGLMGPGPPPPPGATPTSPPELFQYFGPQALGQPQTPLAGPGLRPDKPLEAQLLLNGFHHVGAPARKFPTSAPGSLSPDAHLPPSQLLGSSSDSLPTSPPPDD, 104.39, 44.66, 1.31, IDR_2, 795, 814, GGGAMGTPSPASLGDGAPYG, 28.67, 11.87, 1.1, IDR_3, 927, 978, HGQLRTPGKAPVTPLAEPPTPEKDAQNKTEQLASEETENKTGPSRDSANQTT, 53.01, 22.15, 1.26, IDR_4, 1053, 1173, FTTKVLSAPTLSPLDNGQEPPTHGPEPTPSRDQAAEGPNLTPEASPDPLPEPPLASVEVPDKPSGSPGQPPSPAPSPVPEPDAQAEDVAPPPTMAEEEEGTTGELRSAEPAPADSRHPLTY, 90.62, 38.84, 1.41, IDR_5, 1219, 1477, MKKAAIDPSAPARGEAGAPPTTTAATDKPFKCTVCRVSYNQSSTLEIHMRSVLHQTRSRGTKTDSKIEGPERSQEEPKEGETEGEVGTEKKGPDTSGFISGLPFLSPPPPPLDLHRFPAPLFTPPVLPPFPLVPESLLKLQQQQLLLPFYLHDLKVGPKLTLAGPAPVLSLPAATPPPPPQPPKAELAEREWERPPMAKEGNEAGPSSPPDPLPNEAARTAAKALLENFGFELVIQYNEGKQAVPPPPTPPPPEALGGG, 128.52, 55.07, 1.37, IDR_6, 1527, 1598, YPPLAEPPKPPDGSLDSPVPHLGPPFLVPEPEAGGTRAPEERSRAGGHWPIEEEESSRGNLPPLVPAGRRFS, 64.08, 26.59, 1.3, IDR_7, 1651, 1861, RKNACEGGSMPTGGGTGGASGCRRCHATFSCVFELVRHLKKCYDDQTLEEEEEEAERGEEEEEVEEEEVEEEQGLEPPAGPEGPLPEPPDGEELSQAEATKAGGKEPEEKATPSPSPAHTCDQCAISFSSQDLLTSHRRLHFLPSLQPSAPPQLLDLPLLVFGERNPLVAATSPMPGPPLKRKHEDGSLSPTGSEAGGGGEGEPPRDKRLR, 111.87, 48.58, 1.33, IDR_8, 1910, 2068, ARERKGQFRSTPGGVPSPAVKPPATATPASLPKFNLLLGKVDDGTGREAPKREAPAFPYPTATLASGPQPFLPPGKEATTPTPEPPLPLLPPPPPSEEEGPEEPPKASPESEACSLSAGDLSDSSASSLAEPESPGAGGTSGGPGGGTGVPDGMGQRRY, 100.74, 43.94, 1.37, IDR_9, 2122, 2145, KAKLQGTAAGSTGGSSEGLLAAQR, 31.23, 12.45, 1.1, IDR_10, 2188, 2572, CYDLAPAPEAPPALKAPPATTPASMPLGAAPTLPRLAPVLLSGPALAQPPLGNLAPFNSGPAASSGLLGLATSVLPTTTVVQTAGPGRPLPQRPMPDQTNTSTAGTTDPVPGPPTEPLGDKVSSERKPVAGPTSSSNDALKNLKALKTTVPALLGGQFLPFPLPPAGGTAPPAVFGPQLQGAYFQQLYGMKKGLFPMNPMIPQTLIGLLPNALLQPPPQPPEPTATAPPKPPELPAPGEGEAGEVDELLTGSTGISTVDVTHRYLCRQCKMAFDGEAPATAHQRSFCFFGRGSGGSMPPPLRVPICTYHCLACEVLLSGREALASHLRSSAHRRKAAPPQGGPPISITNAATAASAAVAFAKEEARLPHTDSNPKTTTTSTLLAL, 162.61, 68.19, 1.42
500, P55201, BRPF1_HUMAN Peregrin, 2477, IDR_0, 45, 213, YDHDNPPPPQQTPLRKHKKKGRQSRPANKQSPSPSEVSQSPGREVMSYAQAQRMVEVDLHGRVHRISIFDNLDVVSEDEEAPEEAPENGSNKENTETPAATPKSGKHKNKEKRKDSNHHHHHNVSASTTPKLPEVVYRELEQDTPDAPPRPTSYYRYIEKSAEELDEEV, 88.19, 38.86, 1.16, IDR_1, 429, 578, TGANGTSFSVRKTAYCDIHTPPGSARRLPALSHSEGEEDEDEEEDEGKGWSSEKVKKAKAKSRIKMKKARKILAEKRAAAPVVSVPCIPPHRLSKITNRLTIQRKSQFMQRLHSYWTLKRQSRNGVPLLRRLQTHLQSQRNCDQVGRDSE, 86.28, 37.21, 1.21, IDR_2, 749, 764, IPHSLAGDEATHHTED, 25.35, 9.72, 1.09, IDR_3, 823, 1082, LAHQRETGRDGPERHGPSSRGSLTPHPAACDKDGQTDSAAEESSSQETSKGLGPNMSSTPAHEVGRRTSVLFSKKNPKTAGPPKRPGRPPKNRESQMTPSHGGSPVGPPQLPIMSSLRQRKRGRSPRPSSSSDSDSDKSTEDPPMDLPANGFSGGNQPVKKSFLVYRNDCSLPRSSSDSESSSSSSSSAASDRTSTTPSKQGRGKPSFSRGTFPEDSSEDTSGTENEAYSVGTGRGVGHSMVRKSLGRGAGWLSEDEDSP, 123.22, 53.24, 1.31, IDR_4, 1198, 1214, HRSKVQGEQSSETSDSD, 23.93, 9.99, 1.0
501, Q15011, HERP1_HUMAN Homocysteine-responsive endoplasmic reticulum-resident ubiquitin-like domain member 1 protein, 2465, IDR_0, 91, 260, PSKMPEINAKVAESTEEPAGSNRGQYPEDSSSDGLRQREVLRNLSSPGWENISRPEAAQQAFQGLGPGFSGYTPYGWLQLSWFQQIYARQYYMQYLAATAASGAFVPPPSAQEIPVVSAPAPAPIHNQFPAENQPANQNAAPQVVVNPGANQNLRMNAQGGPIVEEDDEI, 85.79, 36.37, 1.13, IDR_1, 312, 391, PRPVQNFPNDGPPPDVVNQDPNNNLQEGTDPETEDPNHLPPDRDVLDGEQTSPSFMSTAWLVFKTFFASLLPEGPPAIAN, 67.08, 28.19, 1.29
502, Q9NWQ4, GPT2L_HUMAN G patch domain-containing protein 2-like, 2401, IDR_0, 1, 482, MDELVHDLASALEQTSEQNKLGELWEEMALSPRQQRRQLRKRRGRKRRSDFTHLAEHTCCYSEASESSLDEATKDCREVAPVTNFSDSDDTMVAKRHPALNAIVKSKQHSWHESDSFTENAPCRPLRRRRKVKRVTSEVAASLQQKLKVSDWSYERGCRFKSAKKQRLSRWKENTPWTSSGHGLCESAENRTFLSKTGRKERMECETDEQKQGSDENMSECETSSVCSSSDTGLFTNDEGRQGDDEQSDWFYEGECVPGFTVPNLLPKWAPDHCSEVERMDSGLDKFSDSTFLLPSRPAQRGYHTRLNRLPGAAARCLRKGRRRLVGKETSINTLGTERISHIISDPRQKEKNKALASDFPHISACAHEFNPLSPLYSLDVLADASHRRCSPAHCSARQANVHWGPPCSRDIKRKRKPVATASLSSPSAVHMDAVEPTTPASQAPKSPSSEWLVRTSAAEKATDATTATFFKMPQEKSPGYS, 144.32, 63.3, 1.13
503, O75140, DEPD5_HUMAN GATOR complex protein DEPDC5, 2397, IDR_0, 292, 304, GFPQGDNSTSAQG, 21.93, 8.63, 1.05, IDR_1, 383, 850, HNRSAPRDSRLGDDYNIPHWINHSFYTSKSQLFCNSFTPRIKLAGKKPASEKAKNGRDTSLGSPKESENALPIQVDYDAYDAQVFRLPGPSRAQCLTTCRSVRERESHSRKSASSCDVSSSPSLPSRTLPTEEVRSQASDDSSLGKSANILMIPHPHLHQYEVSSSLGYTSTRDVLENMMEPPQRDSSAPGRFHVGSAESMLHVRPGGYTPQRALINPFAPSRMPMKLTSNRRRWMHTFPVGPSGEAIQIHHQTRQNMAELQGSGQRDPTHSSAELLELAYHEAAGRHSNSRQPGDGMSFLNFSGTEELSVGLLSNSGAGMNPRTQNKDSLEDSVSTSPDPILTLSAPPVVPGFCCTVGVDWKSLTTPACLPLTTDYFPDRQGLQNDYTEGCYDLLPEADIDRRDEDGVQMTAQQVFEEFICQRLMQGYQIIVQPKTQKPNPAVPPPLSSSPLYSRGLVSRNRPEEED, 152.76, 66.37, 1.21, IDR_2, 959, 1175, ITEGEAHCDIYGDRPRADEDEWQLLDGFVRFVEGLNRIRRRHRSDRMMRKGTAMKGLQMTGPISTHSLESTAPPVGKKGTSALSALLEMEASQKCLGEQQAAVHGGKSSAQSAESSSVAMTPTYMDSPRKDGAFFMEFVRSPRTASSAFYPQVSVDQTATPMLDGTSLGICTGQSMDRGNSQTFGNSQNIGEQGYSSTNSSDSSSQQLVASSLTSSS, 103.94, 44.97, 1.21, IDR_3, 1315, 1345, WLPSRPASYASRHSSFSRSFGGRSQAAALLA, 35.44, 14.54, 1.09, IDR_4, 1517, 1540, KRKFSGQQRRRRNSTSSTNQNMFC, 30.09, 12.32, 1.06
504, Q2KHR2, RFX7_HUMAN DNA-binding protein RFX7, 2389, IDR_0, 1, 28, MSSSRAQQMHAFSWIRNTLEEHPETSLP, 34.28, 14.02, 1.11, IDR_1, 97, 112, DFHKTGDGLEGAEPSG, 24.24, 9.46, 1.05, IDR_2, 170, 1363, AAPAGMKGITQPSAFIPTAESNSFQPQVKTLPSPIDAKQQLQRKIQKKQQEQKLQSPLPGESAAKKSESATSNGVTNLPNGNPSILSPQPIGIVVAAVPSPIPVQRTRQLVTSPSPMSSSDGKVLPLNVQVVTQHMQSVKQAPKTPQNVPASPGGDRSARHRYPQILPKPANTSALTIRSPTTVLFTSSPIKTAVVPASHMSSLNVVKMTTISLTPSNSNTPLKHSASVSSATGTTEESRSVPQIKNGSVVSLQSPGSRSSSAGGTSAVEVKVEPETSSDEHPVQCQENSDEAKAPQTPSALLGQKSNTDGALQKPSNEGVIEIKATKVCDQRTKCKSRCNEMLPGTSTGNNQSTITLSVASQNLTFTSSSSPPNGDSINKDPKLCTKSPRKRLSSTLQETQVPPVKKPIVEQLSAATIEGQKQGSVKKDQKVPHSGKTEGSTAGAQIPSKVSVNVSSHIGANQPLNSSALVISDSALEQQTTPSSSPDIKVKLEGSVFLLDSDSKSVGSFNPNGWQQITKDSEFISASCEQQQDISVMTIPEHSDINDLEKSVWELEGMPQDTYSQQLHSQIQESSLNQIQAHSSDQLPLQSELKEFEPSVSQTNESYFPFDDELTQDSIVEELVLMEQQMSMNNSHSYGNCLGMTLQSQSVTPGAPMSSHTSSTHFYHPIHSNGTPIHTPTPTPTPTPTPTPTPTPTSEMIAGSQSLSRESPCSRLAQTTPVDSALGSSRHTPIGTPHSNCSSSVPPSPVECRNPFAFTPISSSMAYHDASIVSSSPVKPMQRPMATHPDKTKLEWMNNGYSGVGNSSVSGHGILPSYQELVEDRFRKPHAFAVPGQSYQSQSRHHDTHFGRLTPVSPVQHQGATVNNTNKQEGFAVPAPLDNKGTNSSASSNFRCRSVSPAVHRQRNLSGSTLYPVSNIPRSNVTPFGSPVTPEVHVFTNVHTDACANNIAQRSQSVPLTVMMQTAFPNALQKQANSKKITNVLLSKLDSDNDDAVRGLGMNNLPSNYTARMNLTQILEPSTVFPSANPQNMIDSSTSVYEFQTPSYLTKSNSTGQINFSPGDNQAQSEIGEQQLDFNSTVKDLLSGDSLQTNQQLVGQGASDLTNTASDFSSDIRLSSELSGSINDLNTLDPNLLFDPGRQQGQDDEATLEELKNDPLFQQICSESMNSMTSSGFEWIESKDHPTVEMLG, 287.6, 121.64, 1.43
505, Q9HBT8, Z286A_HUMAN Zinc finger protein 286A, 2334, IDR_0, 1, 246, METDLAEMPEKGALSSQDSPHFQEKSTEEGEVAALRLTARSQETVTFKDVAMDFTPEEWGKLDPAQRDVMLENYRNLVSLWLPVSKPESYNLENGKEPLKLERKAPKSSYSDMETRPQSKDSTSVQDFSKAESCKVAIIDRLTRNSVYDSNLEAALECENWLENQQGNQERHLREMFTHMNSLSEETDHKHDVYWKSFNQKSVLITEDRVPKGSYAFHTLEKSLKQKSNLMKKQRTYKEKKPHKCN, 111.09, 46.94, 1.22
506, Q8NB42, ZN527_HUMAN Zinc finger protein 527, 2334, IDR_0, 1, 17, MAVGLCKAMSQGLVTFR, 25.93, 10.51, 1.08, IDR_1, 62, 297, MISLLEQGKEPWMVERKMSQGHCADWESWCEIEELSPKWFIDEDEISQEMVMERLASHGLECSSFREAWKYKGEFELHQGNAERHFMQVTAVKEISTGKRDNEFSNSGRSIPLKSVFLTQQKVPTIQQVHKFDIYDKLFPQNSVIIEYKRLHAEKESLIGNECEEFNQSTYLSKDIGIPPGEKPYESHDFSKLLSFHSLFTQHQTTHFGKLPHGYDECGDAFSCYSFFTQPQRIHS, 91.5, 42.25, 1.03
507, Q9UPS6, SET1B_HUMAN Histone-lysine N-methyltransferase SETD1B, 2262, IDR_0, 1, 28, MENSHPPHHHHQQPPPQPGPSGERRNHH, 37.8, 16.27, 1.23, IDR_1, 228, 857, KDGGLSAGCGSGSSSVTPNSGGTPFSQDTAYSSCRLDTPNSYGQGTPLTPRLGTPFSQDSSYSSRQPTPSYLFSQDPAVTFKARRHESKFTDAYNRRHEHHYVHNSPAVTAVAGATAAFRGSSDLPFGAVGGTGGSSGPPFKAQPQDSATFAHTPPPAQATPAPGFKSAFSPYQTPVAHFPPPPEEPTATAAFGARDSGEFRRAPAPPPLPPAEPLAKEKPGTPPGPPPPDTNSMELGGRPTFGWSPEPCDSPGTPTLESSPAGPEKPHDSLDSRIEMLLKEQRTKLLFLREPDSDTELQMEGSPISSSSSQLSPLAPFGTNSQPGFRGPTPPSSRPSSTGLEDISPTPLPDSDEDEELDLGLGPRPPPEPGPPDPAGLLSQTAEVALDLVGDRTPTSEKMDEGQQSSGEDMEISDDEMPSAPITSADCPKPMVVTPGAAAVAAPSVLAPTLPLPPPPGFPPLPPPPPPPPPQPGFPMPPPLPPPPPPPPPAHPAVTVPPPPLPAPPGVPPPPILPPLPPFPPGLFPVMQVDMSHVLGGQWGGMPMSFQMQTQVLSRLMTGQGACPYPPFMAAAAAAASAGLQFVNLPPYRGPFSLSNSGPGRGQHWPPLPKFDPSVPPPGYMPRQEDPH, 198.94, 88.88, 1.36, IDR_2, 907, 1670, SLTPVKSGEHKDEDRPKPKDRIASCLLESWGKGEGLGYEGLGLGIGLRGAIRLPSFKVKRKEPPDTTSSGDQKRLRPSTSVDEEDEESERERDRDMADTPCELAKRDPKGVGVRRRPARPLELDSGGEEDEKESLSASSSSSASSSSGSSTTSPSSSASDKEEEQESTEEEEEAEEEEEEEVPRSQLSSSSTSSTSDKDDDDDDSDDRDESENDDEDTALSEASEKDEGDSDEEETVSIVTSKAEATSSSESSESSEFESSSESSPSSSEDEEEVVAREEEEEEEEEEMVAEESMASAGPEDFEQDGEEAALAPGAPAVDSLGMEEEVDIETEAVAPEERPSMLDEPPLPVGVEEPADSREPPEEPGLSQEGAMLLSPEPPAKEVEARPPLSPERAPEHDLEVEPEPPMMLPLPLQPPLPPPRPPRPPSPPPEPETTDASHPSVPPEPLAEDHPPHTPGLCGSLAKSQSTETVPATPGGEPPLSGGSSGLSLSSPQVPGSPFSYPAPSPSLSSGGLPRTPGRDFSFTPTFSEPSGPLLLPVCPLPTGRRDERSGPLASPVLLETGLPLPLPLPLPLPLALPAVLRAQARAPTPLPPLLPAPLASCPPPMKRKPGRPRRSPPSMLSLDGPLVRPPAGAALGRELLLLPGQPQTPVFPSTHDPRTVTLDFRNAGIPAPPPPLPPQPPPPPPPPPVEPTKLPFKELDNQWPSEAIPPGPRGRDEVTEEYMELAKSRGPWRRPPKKRHEDLVPPAGSPELSPPQPLFR, 253.97, 111.33, 1.57, IDR_3, 1724, 1812, STSLSSAKKKKRDDGIREHVTGCARSEGFYTIDKKDKLRYLNSSRASTDEPPADTQGMSIPAQPHASTRAGSERRSEQRRLLSSFTGSC, 66.59, 27.85, 1.21
508, Q8TCN5, ZN507_HUMAN Zinc finger protein 507, 2260, IDR_0, 1, 638, MEESSSVAMLVPDIGEQEAILTAESIISPSLEIDEQRKTKPDPLIHVIQKLSKIVENEKSQKCLLIGKKRPRSSAATHSLETQELCEIPAKVIQSPAADTRRAEMSQTNFTPDTLAQNEGKAMSYQCSLCKFLSSSFSVLKDHIKQHGQQNEVILMCSECHITSRSQEELEAHVVNDHDNDANIHTQSKAQQCVSPSSSLCRKTTERNETIPDIPVSVDNLQTHTVQTASVAEMGRRKWYAYEQYGMYRCLFCSYTCGQQRMLKTHAWKHAGEVDCSYPIFENENEPLGLLDSSAAAAPGGVDAVVIAIGESELSIHNGPSVQVQICSSEQLSSSSPLEQSAERGVHLSQSVTLDPNEEEMLEVISDAEENLIPDSLLTSAQKIISSSPNKKGHVNVIVERLPSAEETLSQKRFLMNTEMEEGKDLSLTEAQIGREGMDDVYRADKCTVDIGGLIIGWSSSEKKDELMNKGLATDENAPPGRRRTNSESLRLHSLAAEALVTMPIRAAELTRANLGHYGDINLLDPDTSQRQVDSTLAAYSKMMSPLKNSSDGLTSLNQSNSTLVALPEGRQELSDGQVKTGISMSLLTVIEKLRERTDQNASDDDILKELQDNAQCQPNSDTSLSGNNVVEYIPNAE, 206.43, 85.23, 1.4, IDR_1, 717, 758, REQHSLPDTLSIATSNEPRISSDTADGKCVQEGNKSSVQKQY, 43.34, 18.14, 1.15, IDR_2, 818, 902, QVNKAINDAISQSGRVLGKSPGKTQLKSSEESADPVTGSSENAVSSSELMSQTPSEVLGTNENEKLSPTSNTSYSLEKISSLAPP, 69.91, 28.84, 1.3
509, O43734, CIKS_HUMAN E3 ubiquitin ligase TRAF3IP2, 2210, IDR_0, 1, 403, MPPQLQETRMNRSIPVEVDESEPYPSQLLKPIPEYSPEEESEPPAPNIRNMAPNSLSAPTMLHNSSGDFSQAHSTLKLANHQRPVSRQVTCLRTQVLEDSEDSFCRRHPGLGKAFPSGCSAVSEPASESVVGALPAEHQFSFMEKRNQWLVSQLSAASPDTGHDSDKSDQSLPNASADSLGGSQEMVQRPQPHRNRAGLDLPTIDTGYDSQPQDVLGIRQLERPLPLTSVCYPQDLPRPLRSREFPQFEPQRYPACAQMLPPNLSPHAPWNYHYHCPGSPDHQVPYGHDYPRAAYQQVIQPALPGQPLPGASVRGLHPVQKVILNYPSPWDHEERPAQRDCSFPGLPRHQDQPHHQPPNRAGAPGESLECPAELRPQVPQPPSPAAVPRPPSNPPARGTLKTS, 138.18, 58.59, 1.18
510, Q8TCU4, ALMS1_HUMAN Alstrom syndrome protein 1, 2198, IDR_0, 1, 2481, MEPEDLPWPGELEEEEEEEEEEEEEEEEAAAAAAANVDDVVVVEEVEEEAGRELDSDSHYGPQHLESIDDEEDEEAKAWLQAHPGRILPPLSPPQHRYSEGERTSLEKIVPLTCHVWQQIVYQGNSRTQISDTNVVCLETTAQRGSGDDQKTESWHCLPQEMDSSQTLDTSQTRFNVRTEDTEVTDFPSLEEGILTQSENQVKEPNRDLFCSPLLVIQDSFASPDLPLLTCLTQDQEFAPDSLFHQSELSFAPLRGIPDKSEDTEWSSRPSEVSEALFQATAEVASDLASSRFSVSQHPLIGSTAVGSQCPFLPSEQGNNEETISSVDELKIPKDCDRYDDLCSYMSWKTRKDTQWPENNLADKDQVSVATSFDITDENIATKRSDHFDAARSYGQYWTQEDSSKQAETYLTKGLQGKVESDVITLDGLNENAVVCSERVAELQRKPTRESEYHSSDLRMLRMSPDTVPKAPKHLKAGDTSKGGIAKVTQSNLKSGITTTPVDSDIGSHLSLSLEDLSQLAVSSPLETTTGQHTDTLNQKTLADTHLTEETLKVTAIPEPADQKTATPTVLSSSHSHRGKPSIFYQQGLPDSHLTEEALKVSAAPGLADQTTGMSTLTSTSYSHREKPGTFYQQELPESNLTEEPLEVSAAPGPVEQKTGIPTVSSTSHSHVEDLLFFYRQTLPDGHLTDQALKVSAVSGPADQKTGTATVLSTPHSHREKPGIFYQQEFADSHQTEETLTKVSATPGPADQKTEIPAVQSSSYSQREKPSILYPQDLADSHLPEEGLKVSAVAGPADQKTGLPTVPSSAYSHREKLLVFYQQALLDSHLPEEALKVSAVSGPADGKTGTPAVTSTSSASSSLGEKPSAFYQQTLPNSHLTEEALKVSIVPGPGDQKTGIPSAPSSFYSHREKPIIFSQQTLPDFLFPEEALKVSAVSVLAAQKTGTPTVSSNSHSHSEKSSVFYQQELPDSDLPRESLKMSAIPGLTDQKTVPTPTVPSGSFSHREKPSIFYQQEWPDSYATEKALKVSTGPGPADQKTEIPAVQSSSYPQREKPSVLYPQVLSDSHLPEESLKVSAFPGPADQMTDTPAVPSTFYSQREKPGIFYQQTLPESHLPKEALKISVAPGLADQKTGTPTVTSTSYSQHREKPSIFHQQALPGTHIPEEAQKVSAVTGPGNQKTWIPRVLSTFYSQREKPGIFYQQTLPGSHIPEEAQKVSPVLGPADQKTGTPTPTSASYSHTEKPGIFYQQVLPDNHPTEEALKISVASEPVDQTTGTPAVTSTSYSQYREKPSIFYQQSLPSSHLTEEAKNVSAVPGPADQKTVIPILPSTFYSHTEKPGVFYQQVLPHSHPTEEALKISVASEPVDQTTGTPTVTSTSYSQHTEKPSIFYQQSLPGSHLTEEAKNVSAVPGPGDRKTGIPTLPSTFYSHTEKPGSFYQQVLPHSHLPEEALEVSVAPGPVDQTIGTPTVTSPSSSFGEKPIVIYKQAFPEGHLPEESLKVSVAPGPVGQTTGAPTITSPSYSQHRAKSGSFYQLALLGSQIPEEALRVSSAPGPADQTTGIPTITSTSYSFGEKPIVNYKQAFPDGHLPEEALKVSIVSGPTEKKTDIPAGPLGSSALGEKPITFYRQALLDSPLNKEVVKVSAAPGPADQKTETLPVHSTSYSNRGKPVIFYQQTLSDSHLPEEALKVPPVPGPDAQKTETPSVSSSLYSYREKPIVFYQQALPDSELTQEALKVSAVPQPADQKTGLSTVTSSFYSHTEKPNISYQQELPDSHLTEEALKVSNVPGPADQKTGVSTVTSTSYSHREKPIVSYQRELPHFTEAGLKILRVPGPADQKTGINILPSNSYPQREHSVISYEQELPDLTEVTLKAIGVPGPADQKTGIQIASSSSYSNREKASIFHQQELPDVTEEALNVFVVPGQGDRKTEIPTVPLSYYSRREKPSVISQQELPDSHLTEEALKVSPVSIPAEQKTGIPIGLSSSYSHSHKEKLKISTVHIPDDQKTEFPAATLSSYSQIEKPKISTVIGPNDQKTPSQTAFHSSYSQTVKPNILFQQQLPDRDQSKGILKISAVPELTDVNTGKPVSLSSSYFHREKSNIFSPQELPGSHVTEDVLKVSTIPGPAGQKTVLPTALPSSFSHREKPDIFYQKDLPDRHLTEDALKISSALGQADQITGLQTVPSGTYSHGENHKLVSEHVQRLIDNLNSSDSSVSSNNVLLNSQADDRVVINKPESAGFRDVGSEEIQDAENSAKTLKEIRTLLMEAENMALKRCNFPAPLARFRDISDISFIQSKKVVCFKEPSSTGVSNGDLLHRQPFTEESPSSRCIQKDIGTQTNLKCRRGIENWEFISSTTVRSPLQEAESKVSMALEETLRQYQAAKSVMRSEPEGCSGTIGNKIIIPMMTVIKSDSSSDASDGNGSCSWDSNLPESLESVSDVLLNFFPYVSPKTSITDSREEEGVSESEDGGGSSVDSLAA, 431.34, 178.94, 1.49, IDR_1, 2522, 4032, AHDCGYSISELNEDDRRKVEEIKAELFGHGRTTDLSKGLQSPRGMGCKPEAVCSHIIIESHEKGCFRTLTSEHPQLDRHPCAFRSAGPSEMTRGRQNPSSCRAKHVNLSASLDQNNSHFKVWNSLQLKSHSPFQNFIPDEFKISKGLRMPFDEKMDPWLSELVEPAFVPPKEVDFHSSSQMPSPEPMKKFTTSITFSSHRHSKCISNSSVVKVGVTEGSQCTGASVGVFNSHFTEEQNPPRDLKQKTSSPSSFKMHSNSQDKEVTILAEGRRQSQKLPVDFERSFQEEKPLERSDFTGSHSEPSTRANCSNFKEIQISDNHTLISMGRPSSTLGVNRSSSRLGVKEKNVTITPDLPSCIFLEQRELFEQSKAPRADDHVRKHHSPSPQHQDYVAPDLPSCIFLEQRELFEQCKAPYVDHQMRENHSPLPQGQDSIASDLPSPISLEQCQSKAPGVDDQMNKHHFPLPQGQDCVVEKNNQHKPKSHISNINVEAKFNTVVSQSAPNHCTLAASASTPPSNRKALSCVHITLCPKTSSKLDSGTLDERFHSLDAASKARMNSEFNFDLHTVSSRSLEPTSKLLTSKPVAQDQESLGFLGPKSSLDFQVVQPSLPDSNTITQDLKTIPSQNSQIVTSRQIQVNISDFEGHSNPEGTPVFADRLPEKMKTPLSAFSEKLSSDAVTQITTESPEKTLFSSEIFINAEDRGHEIIEPGNQKLRKAPVKFASSSSVQQVTFSRGTDGQPLLLPYKPSGSTKMYYVPQLRQIPPSPDSKSDTTVESSHSGSNDAIAPDFPAQVLGTRDDDLSATVNIKHKEGIYSKRVVTKASLPVGEKPLQNENADASVQVLITGDENLSDKKQQEIHSTRAVTEAAQAKEKESLQKDTADSSAAAAAEHSAQVGDPEMKNLPDTKAITQKEEIHRKKTVPEEAWPNNKESLQINIEESECHSEFENTTRSVFRSAKFYIHHPVHLPSDQDICHESLGKSVFMRHSWKDFFQHHPDKHREHMCLPLPYQNMDKTKTDYTRIKSLSINVNLGNKEVMDTTKSQVRDYPKHNGQISDPQRDQKVTPEQTTQHTVSLNELWNKYRERQRQQRQPELGDRKELSLVDRLDRLAKILQNPITHSLQVSESTHDDSRGERSVKEWSGRQQQRNKLQKKKRFKSLEKSHKNTGELKKSKVLSHHRAGRSNQIKIEQIKFDKYILSKQPGFNYISNTSSDCRPSEESELLTDTTTNILSGTTSTVESDILTQTDREVALHERSSSVSTIDTARLIQAFGHERVCLSPRRIKLYSSITNQQRRYLEKRSKHSKKVLNTGHPLVTSEHTRRRHIQVANHVISSDSISSSASSFLSSNSTFCNKQNVHMLNKGIQAGNLEIVNGAKKHTRDVGITFPTPSSSEAKLEENSDVTSWSEEKREEKMLFTGYPEDRKLKKNKKNSHEGVSWFVPVENVESRSKKENVPNTCGPGISWFEPITKTRPWREPLREQNCQGQHLDGRGYLAGPGREAGRDLLRPF, 282.53, 129.16, 1.25, IDR_2, 4084, 4116, RERQGHQNRMCPLPKRVFLAIQKNKPISKKEMI, 42.73, 17.23, 1.28
511, Q9BZ72, PITM2_HUMAN Membrane-associated phosphatidylinositol transfer protein 2, 2160, IDR_0, 262, 416, EDGEEATELVKHEAVSDQTSGEPPEPSSSNGEPLVGRGLKKQWSTSSKSSRSSKRGASPSRHSISEWRMQSIARDSDESSDDEFFDAHEDLSDTEEMFPKDITKWSSNDLMDKIESPEPEDTQDGLYRQGAPEFRVASSVEQLNIIEDEVSQPLA, 89.57, 37.76, 1.23, IDR_1, 574, 713, SNQPVSESQSSSRRGSVVSMQDNDLLSPGILMNAAHCCGGGGGGGGGGGSSGGGGSSGGSSLESSRHLSRSNVDIPRSNGTEDPKRQLPRKRSDSSTYELDTIQQHQAFLSSLHASVLRTEPCSRHSSSSTMLDGTGALG, 84.46, 35.47, 1.23, IDR_2, 811, 903, AFQEHGAPSSPGTAPASRGFRRASEISIASQVSGMAESYTASSIAQKAPDALSHTPSVRRLSLLALPAPSPTTPGPHPPARKASPGLERAPGL, 72.4, 30.39, 1.28, IDR_3, 1262, 1349, RPARNTATRMALRKGSFGLPGQGDFLRSRNHLLRTISAQPSGPSHRHERTQSQADGEQRGQRSMSVAAGCWGRAMTGRLEPGAAAGPK, 65.67, 27.01, 1.2
512, Q5T011, SZT2_HUMAN KICSTOR complex protein SZT2, 2118, IDR_0, 205, 224, YDPQSQAEDQSPDSGDLLGR, 28.58, 11.6, 1.1, IDR_1, 377, 397, ASSNPALALRRKKHTEKEVPA, 31.98, 12.55, 1.19, IDR_2, 540, 555, TTPVLSLQPSGSDSSH, 25.88, 10.4, 1.11, IDR_3, 693, 734, FPHRVQSKEPTPKVKRKGLGGAGGGSSPSKSPPVLGPQQALS, 48.29, 19.71, 1.28, IDR_4, 873, 901, PPHSTSTKDSFSTDDDNDVEVEALEGDSE, 37.88, 14.62, 1.21, IDR_5, 966, 985, GPLPPEPRVSDGLDQGGDTC, 31.4, 11.82, 1.21, IDR_6, 1069, 1283, HVPGAEGPLLGVHGIPKEQAVGSTQATGDSAFTSLSVGLPETLKPLISAQPPQWRCYARLVNPQHVFLTFLPATFSDVQRLAACGLEGPPQEETKPKFGDWSGAPSLKDLGGTGIKATKSHVPVLSVTLASDNAQNQGELSPPFRRDLQAYAGRQASQTESADGPRTRCPVYIYSCSLEALREQMVGMQPPQAPRDLIFRTQFLDHPSPSSAWME, 106.41, 45.46, 1.25, IDR_7, 1349, 1913, HTWGLPHAPPSPGPLSPGPFSSSMEEGAEPRERAILASESSIETEDLSEPEFQSTRVPGIPDPGPEISLTDVCQLRGEAHGALHSVIQEKFLEISRLHFRTVPSNPHYFFYCPPSSRREDEGPRDTVDRKISDLEFSEAELMGEEGDTSACCVVTESDPELEVEYRESRESDLGPAGLDSASLSDVDTVNPDEDSFSILGGDSPTGPESFLHDLPPLFLHLTCSVRLRGQHSSVPVCSLPTCLGQVLSSLEGPPVGGRVPLRDLSVTLDVFMLTLPLEVELPTASDPQHHRSTSESSASFPRSPGQPSSLRSDDGLGPPLPPPEEERHPGLSNLATPHRLAIETTMNEIRWLLEDEMVGALRRGGIPQSPALHRAAAHIHSSPGRSTCLRQTLPLSFVFGPERSLTQFKEEFRRLHLPGHVLLEDPDSGFFFVAAGQQPGGSHGEPSSAAWAWHSHEDRAEGIEGETLTASPQAPGSPEDSEGVPLISLPRVPQGGSQPGPSRGLSLMSSQGSVDSDHLGYDGGSSGSDSEGPNDTLGEKAPFTLRTPPGPAPPQPSLSGLPGPC, 190.04, 78.8, 1.37, IDR_8, 1976, 2024, HDSHVCNSLLVAESEEDLWRSETPFHSRQRAPLPSDDYAADESCAPRGY, 46.73, 19.62, 1.14, IDR_9, 2103, 2154, CSDRPWKGDALPPSLALSRSQEPIYSEEASGPRSPLDMVSSRSSDAARPVGQ, 52.53, 21.61, 1.25, IDR_10, 2254, 2355, YTDSNSRNHFQHPLPPQGGLPDLDIYLYNKPGGQGTGGKGVACITLAFVDEGGAPLSLALWPPSSPGPPDPLREEEFEQLTQVIRCPVVVDSSSAQNGAPRL, 72.76, 31.02, 1.24, IDR_11, 2393, 2519, PASLCTEDTPTGSLRNGSLETKSSAGRASTFPPAPVPGEPVTPPSKAGRRSFWDMLSKTECGDLGSPKTTDDIVLDRPEDTRGRRRHKTESVRTPGGAERAPGSDSGAQRQKRRTTQLEEGEVGTLH, 82.66, 35.0, 1.26, IDR_12, 2576, 2646, IFEQHLGSEPEIFGPCSPGQLGPSPRPAAERHLLLLGRNFLQWRRPTQQAAKAMQRFEPGGDGSSGRNAPR, 56.3, 24.09, 1.15, IDR_13, 2705, 2906, HYGQLDFPVRDEKEPNPFLLPTMEVETLIRSASPPLSREQGRLSGSSRGGGPLPLDTFPFDEALRDITAARPSSVLGPVPRPPDPVTYHGQQFLEIKMAERRELERQMKMENLFVTWQQRSTPATMPISAGELETLKQSSRLVHYCATAMLFDPAAWLHGPPETSGPPDGQRRHRPESGSGSREAPTSCESLDVSPPGAREE, 104.57, 43.86, 1.26, IDR_14, 2933, 2981, PLRPPSPARSTSRPRAMAILGTEGRGSFSCPKTKTDGSPKSTSSPVTTY, 52.79, 20.9, 1.29, IDR_15, 3209, 3249, MRRFRKPPRLPPEPEAPGSSAGSPGEASGLILAPGPAPLFP, 50.74, 20.21, 1.35, IDR_16, 3396, 3432, PVQPQDSESPPAQLVSTYHHLESVINTACFTLWTRLL, 40.89, 16.37, 1.15
513, O43166, SI1L1_HUMAN Signal-induced proliferation-associated 1-like protein 1, 2113, IDR_0, 1, 455, MTSLKRSQTERPLATDRASVVGTDGTPKVHTDDFYMRRFRSQNGSLGSSVMAPVGPPRSEGSHHITSTPGVPKMGVRARIADWPPRKENIKESSRSSQEIETSSCLDSLSSKSSPVSQGSSVSLNSNDSAMLKSIQNTLKNKTRPSENMDSRFLMPEAYPSSPRKALRRIRQRSNSDITISELDVDSFDECISPTYKTGPSLHREYGSTSSIDKQGTSGESFFDLLKGYKDDKSDRGPTPTKLSDFLITGGGKGSGFSLDVIDGPISQRENLRLFKEREKPLKRRSKSETGDSSIFRKLRNAKGEELGKSSDLEDNRSEDSVRPWTCPKCFAHYDVQSILFDLNEAIMNRHNVIKRRNTTTGASAAAVASLVSGPLSHSASFSSPMGSTEDLNSKGSLSMDQGDDKSNELVMSCPYFRNEIGGEGERKISLSKSNSGSFSGCESASFESTLSSHC, 159.7, 69.03, 1.29, IDR_1, 1058, 1739, FKFPFRNNNKWQRNASKGPHSPQVPSQVQSPMTSRLNAGKGDGKMPPPERAANIPRSISSDGRPLERRLSPGSDIYVTVSSMALARSQCRNSPSNLSSSSDTGSVGGTYRQKSMPEGFGVSRRSPASIDRQNTQSDIGGSGKSTPSWQRSEDSIADQMAYSYRGPQDFNSFVLEQHEYTEPTCHLPAVSKVLPAFRESPSGRLMRQDPVVHLSPNKQGHSDSHYSSHSSSNTLSSNASSAHSDEKWYDGDRTESELNSYNYLQGTSADSGIDTTSYGPSHGSTASLGAATSSPRSGPGKEKVAPLWHSSSEVISMADRTLETESHGLDRKTESSLSLDIHSKSQAGSTPLTRENSTFSINDAASHTSTMSSRHSASPVVFTSARSSPKEELHPAAPSQLAPSFSSSSSSSSGPRSFYPRQGATSKYLIGWKKPEGTINSVGFMDTRKRHQSDGNEIAHTRLRASTRDLRASPKPTSKSTIEEDLKKLIDLESPTPESQKSFKFHALSSPQSPFPSTPTSRRALHRTLSDESIYNSQREHFFTSRASLLDQALPNDVLFSSTYPSLPKSLPLRRPSYTLGMKSLHGEFSASDSSLTDIQETRRQPMPDPGLMPLPDTAADLDWSNLVDAAKAYEVQRASFFAASDENHRPLSAASNSDQLEDQALAQMKPYSSSKDSSPTLAS, 187.71, 81.33, 1.23
514, Q5VUG0, SMBT2_HUMAN Scm-like with four MBT domains protein 2, 2096, IDR_0, 1, 62, MESTLSASNMQDPSSSPLEKCLGSANGNGDLDSEEGSSLEETGFNWGEYLEETGASAAPHTS, 55.79, 22.9, 1.22, IDR_1, 476, 502, APHKTVSQKKRKIAVVQPEKQLPPTVP, 40.24, 16.36, 1.32, IDR_2, 668, 817, RKKISKPPIGESNPDSGHPKPARRRKRRKSIFVQKKRRSSAVDFTAGSGEESEEEDADAMDDDTASEETGSELRDDQTDTSSAEVPSARPRRAVTLRSGSEPVRRPPPERTRRGRGAPAASSAEEGEKCPPTKPEGTEDTKQEEEERLVL, 84.04, 34.93, 1.18
515, P49760, CLK2_HUMAN Dual specificity protein kinase CLK2, 2082, IDR_0, 1, 147, MPHPRRYHSSERGSRGSYREHYRSRKHKRRRSRSWSSSSDRTRRRRREDSYHVRSRSSYDDRSSDRRVYDRRYCGSYRRNDYSRDRGDAYYDTDYRHSYEYQRENSSYRSQRSSRRKHRRRRRRSRTFSRSSSQHSSRRAKSVEDDA, 76.68, 32.58, 1.09, IDR_1, 486, 499, PPNKLWDSSRDISR, 23.77, 9.42, 1.09
516, Q99666, RGPD5_HUMAN RANBP2-like and GRIP domain-containing protein 5/6, 2051, IDR_0, 756, 1049, YSEGGPLYKNGSLRNADSEIKHSTPSPTKYSLSPSKSYKYSPETPPRWTEDRNSLLNMICQQVEAIKKEMQELKLNSSKSASRHRWPTENYGPDSVPDGYQGSQTFHGAPLTVATTGPSVYYSQSPAYNSQYLLRPAANVTPTKGSSNTEFKSTKEGFSIPVSADGFKFGISEPGNQEKKREKPLENDTGFQAQDISGRKKGRGVIFGQTSSTFTFADVAKSTSGEGFQFGKKDLNFKGFSGAGEKLFSSRYGKMANKANTSGDFEKDDDAYKTEDSDDIHFEPVVQMPEKVEL, 119.32, 50.14, 1.2, IDR_1, 1209, 1353, TNDQTKVTEEENKGSGTGAAGASDTTIKPNAENTGPTLEWDNYDLREDALDDSVSSSSVHASPLASSPVRKNLFRFDESTTGSNFSFKSALSLSKSPAKLNQSGTSVGTDEESVVTQEEERDGQYFEPVVPLPDLVEVSSGEENE, 91.96, 37.19, 1.31, IDR_2, 1466, 1644, AQEKDSLITPHVSRSSTPRESPCGKIAVAILEETTRERTDVIQGDDVADAASEVEVSSTSETTTKAVVSPPKFVFVSESVKRIFSSEKSKPFVFGNSSATGSLFGFSFNAPLKSNNSETSSVAQSGSESKVEPKKCELSKNSDIEQSSDSKVKNLSASFPTEESSINYTFKTPEKEPPL, 102.67, 42.14, 1.32, IDR_3, 1741, 1765, LSPEEKGKLAAVAQDEEENASRSSG, 32.19, 12.83, 1.1
517, O14715, RGPD8_HUMAN RANBP2-like and GRIP domain-containing protein 8, 2051, IDR_0, 756, 1049, YSEGGPLYKNGSLRNADSEIKHSTPSPTKYSLSPSKSYKYSPETPPRWTEDRNSLLNMICQQVEAIKKEMQELKLNSSKSASRHRWPTENYGPDSVPDGYQGSQTFHGAPLTVATTGPSVYYSQSPAYNSQYLLRPAANVTPTKGSSNTEFKSTKEGFSIPVSADGFKFGISEPGNQEKKREKPLENDTGLQAQDIRGRKKGRGVIFGQTSSTFTFADVAKSTSGEGFQFGKKDLNFKGFSGAGEKLFSSRYGKMANKANTSGDFEKDDDAYKTEDSDDIHFEPVVQMPEKVEL, 119.82, 50.34, 1.2, IDR_1, 1209, 1353, TNDQTKVTEEENKGSGTGVAGASDTTIKPNAENTGPTLEWDNYDLREDALDDSVSSSSVHASPLASSPVRKNLFRFDESTTGSNFSFKSALSLSKSPAKLNQSGTSVGTDEESVVTQEEERDGQYFEPVVPLPDLVEVSSGEENE, 92.02, 37.21, 1.31, IDR_2, 1467, 1644, QEKDSLITPHVSRSSTPRESPCGKIAVAVLEEITRERTDVIQGDDVADAASEVEVSSTSETTTKAVVSPPKFVFVSESVKRIFSSEKSKPFAFGNSSATGSLFGFSFNAPLKSNNSETSSVAQSGSESKVEPKKCELSKNSDIEQSSDSKVKNLSASFPTEESSINYTFKTPEKEPPL, 101.64, 42.02, 1.31, IDR_3, 1741, 1765, LSPEEKGKLAAVAQDEEENPSRSSG, 33.11, 13.1, 1.14
518, Q9P2G1, AKIB1_HUMAN Ankyrin repeat and IBR domain-containing protein 1, 2015, IDR_0, 278, 327, ENCCQRSGVQMPTPPPSGYNAWDTLPSPRTPRTTRSSVTSPDEISLSPGD, 51.64, 21.35, 1.25, IDR_1, 732, 1089, VAPADSPEAPRRSFAGGTWDWEYLGFASPEEYAEFQYRRRHRQRRRGDVHSLLSNPPDPDEPSESTLDIPEGGSSSRRPGTSVVSSASMSVLHSSSLRDYTPASRSENQDSLQALSSLDEDDPNILLAIQLSLQESGLALDEETRDFLSNEASLGAIGTSLPSRLDSVPRNTDSPRAALSSSELLELGDSLMRLGAENDPFSTDTLSSHPLSEARSDFCPSSSDPDSAGQDPNINDNLLGNIMAWFHDMNPQSIALIPPATTEISADSQLPCIKDGSEGVKDVELVLPEDSMFEDASVSEGRGTQIEENPLEENILAGEAASQAGDSGNEAANRGDGSDVSSQTPQTSSDWLEQVHLV, 148.29, 64.89, 1.34
519, Q15906, VPS72_HUMAN Vacuolar protein sorting-associated protein 72 homolog, 1994, IDR_0, 1, 165, MSLAGGRAPRKTAGNRLSGLLEAEEEDEFYQTTYGGFTEESGDDEYQGDQSDTEDEVDSDFDIDEGDEPSSDGEAEEPRRKRRVVTKAYKEPLKSLRPRKVNTPAGSSQKAREEKALLPLELQDDGSDSRKSMRQSTAEHTRQTFLRVQERQGQSRRRKGPHCER, 77.19, 34.53, 1.03, IDR_1, 219, 257, VPLVGEPGPKEENVDIEGLDPAPSVSALTPHAGTGPVNP, 46.89, 18.89, 1.29, IDR_2, 334, 364, PTASALGPGPPPPEPLPGSGPRALRQKIVIK, 42.37, 17.23, 1.3
520, Q9H6A9, PCX3_HUMAN Pecanex-like protein 3, 1985, IDR_0, 88, 760, GEIVEKRSSTMGELEEEPAQGDSNPPRDPGVEMTVFRKVSSTPPVRCSSQHSVFGFNQVSELLPRMEDSGPLRDIKELVREQGSNNVIVTSADREMLKLSSQEKLIGDLPQTPPGAVPDPSLASTDSSEPSPLAGDGAPWSGSSMADTPMSPLLKGSLSQELSKSFLTLTQPDRALVRTSSRREQRRGAGGYQPLDRRGSGEPTPQKAGSSDSCFSGTDRETLSSFKSEKTNSTHLDSPPGGPAPEGSDTDPPSEAELPASPDAGVPSDDTLRSFDTVIGAGTPPGLAEPLLVVRPKDLALLRPSKRQPPLRRHSPPGRAPRRPLLEGGGFFEDEDTSEGSELSPASSLRSQRRYSTDSSSSTSCYSPESSRGAAGGPRKRRAPHGAEEGTAVPPKRPYGTQRTPSTASAKTHARVLSMDGAGGDVLRPPLAGCKAELEAQVGVEQAASEPVVLPAEARRGPAANQPGWRGELQEEGAVGGAAEETGRRDRSSSVRRTQAIRRRHNAGSNPTPPASVMGSPPSSLQEAQRGRAASHSRALTLPSALHFASSLLLTRAGANVHEACTFDDTSEGAVHYFYDESGVRRSYTFGLAGGGYENPVGQQGEQTANGAWDRHSHSSSFHSADVPEATGGLNLLQPRPVVLQGMQVRRVPLEIPEEQTLMEEAPPRAQHS, 201.26, 86.37, 1.33, IDR_1, 1024, 1039, RSLETARAEPPDPLPD, 28.29, 12.13, 1.21, IDR_2, 1823, 2034, KGCGAGCNSGGNVDDSDCSGGGGLTSLSNNPPVAHPTPENTAGNGDQPLPPGPGWGPRSSLSGSGDGRPPPLLQWPPPRLPGPPPASPIPTEGPRTSRPPGPGLLSSEGPSGKWSLGGRKGLGGSDGEPASGSPKGGTPKSQAPLDLSLSLSLSLSPDVSTEASPPRASQDIPCLDSSAPESGTPMGALGDWPAPIEERESPAAQPLLEHQY, 117.58, 49.93, 1.39
521, A2RRD8, ZN320_HUMAN Zinc finger protein 320, 1985, IDR_0, 1, 157, MALSQGLLTFRDVAIEFSQEEWKCLDPAQRTLYRDVMLENYRNLVSLDISSKCMMNTLSSTGQGNTEVIHTGTLQRQASYHIGAFCSQEIEKDIHDFVFQWQEDETNDHEAPMTEIKKLTSSTDRYDQRHAGNKPIKGQLESRFHLHLRRHRRIHTG, 75.79, 34.41, 1.04
522, Q9BX84, TRPM6_HUMAN Transient receptor potential cation channel subfamily M member 6, 1963, IDR_0, 79, 92, EQWSVEKHTTKSPT, 23.9, 9.05, 1.1, IDR_1, 547, 604, HQRHSSGNRNESAESTLHSQFIRTAQPYKFKEKSIVLHKSRKKSKEQNVSDDPESTGF, 49.67, 21.65, 1.12, IDR_2, 767, 825, EMSHVPQSQDFQFMWYYSDQNASSSKESASVKEYDLERGHDEKLDENQHFGLESGHQHL, 45.76, 20.01, 1.03, IDR_3, 1242, 1757, KHSTCKKLPHSWSNVICAEVLGSMEIAGEKKYQYYSMPSSLLRSLAGGRHPPRVQRGALLEITNSKREATNVRNDQERQETQSSIVVSGVSPNRQAHSKYGQFLLVPSNLKRVPFSAETVLPLSRPSVPDVLATEQDIQTEVLVHLTGQTPVVSDWASVDEPKEKHEPIAHLLDGQDKAEQVLPTLSCTPEPMTMSSPLSQAKIMQTGGGYVNWAFSEGDETGVFSIKKKWQTCLPSTCDSDSSRSEQHQKQAQDSSLSDNSTRSAQSSECSEVGPWLQPNTSFWINPLRRYRPFARSHSFRFHKEEKLMKICKIKNLSGSSEIGQGAWVKAKMLTKDRRLSKKKKNTQGLQVPIITVNACSQSDQLNPEPGENSISEEEYSKNWFTVSKFSHTGVEPYIHQKMKTKEIGQCAIQISDYLKQSQEDLSKNSLWNSRSTNLNRNSLLKSSIGVDKISASLKSPQEPHHHYSAIERNNLMRLSQTIPFTPVQLFAGEEITVYRLEESSPLNLDKSMSS, 161.58, 69.3, 1.22, IDR_4, 1977, 2022, LPDLKRNDYSPERINSTFGLEIKIESAEEPPARETGRNSPEDDMQL, 48.45, 20.28, 1.23
523, Q9HCL3, ZFP14_HUMAN Zinc finger protein 14 homolog, 1946, IDR_0, 1, 156, MAHGSVTFRDVAIDFSQEEWEFLDPAQRDLYRDVMWENYSNFISLGPSISKPDVITLLDEERKEPGMVVREGTRRYCPDLESRYRTNTLSPEKDIYEIYSFQWDIMERIKSYSLQGSIFRNDWECKSKIEGEKEQQEGYFGQVKITSEKMTTYKRH, 74.74, 34.81, 1.03
524, Q8NC26, ZN114_HUMAN Zinc finger protein 114, 1946, IDR_0, 1, 305, MSQDSVTFADVAVNFTKEEWTLLDPAQRNLYRDVMLENSRNLAFIDWATPCKTKDATPQPDILPKRTFPEANRVCLTSISSQHSTLREDWRCPKTEEPHRQGVNNVKPPAVAPEKDESPVSICEDHEMRNHSKPTCRLVPSQGDSIRQCILTRDSSIFKYNPVLNDSQKTHENNEDDGVLGWNIQWVPCGRKTELKSSTWTGSQNTVHHIRDEIDTGANRHQRNPFGKAFREDGSLRAHNTHGREKMYDFTQCENTSRNNSIHAMQMQLYTAETNKKDCQTGATSANAPNSGSHKSHCTGEKTHK, 121.72, 51.88, 1.2
525, Q6PG37, ZN790_HUMAN Zinc finger protein 790, 1946, IDR_0, 1, 215, MAHLMMFRDVAVDFSQEEWECLDLEQRDLYRDVMLENYSNMVSLGFCIYQPEAFSLLEKGKEPWKILRDETRGPCPDMQSRCQTKKLLPKNGIFEREIAQLEIMRICKNHSLDCLCFRGDWEGNTQFQTLQDNQEECFKQVIRTCEKRPTFNQHTVFNLHQRLNTGDKLNEFKELGKAFISGSDHTQHQLIHTSEKFCGDKECGNTFLPDSEVIQ, 95.35, 41.57, 1.12, IDR_1, 580, 636, QKIHNSANLCEWTDYGNTFSHESNFAQHQNIYTFEKSYEFKDFEKAFSSSSHFISLL, 43.21, 18.71, 0.99
526, Q5JNZ3, ZN311_HUMAN Zinc finger protein 311, 1946, IDR_0, 1, 256, MQEVVLLDESSGPPSQLLWTRQDTQLPQESALLPAPYPAFTKDGSQGNLPQADITLMSQAQESVTFEDVAVNFTNREWQCLTYAQRHLYKDVMLENYGNMVSLGFPFPKPPLISHLEREVDPCVQDPQDRESLSCSYPVSADKMWPENEKASSQQEIFENGEAYWMKFNSLLKVDSRDPKVREVCVQDVKLENQWETSIREKLREEKEGSEEVTCKKGKNQKVLSKNLNPNSKHSQCNKVLIAQKLHECARCGKNF, 114.12, 47.73, 1.23, IDR_1, 629, 666, HKKRKHQVWSTHELDGSRKSLSPVTVSQTSVVSILTSA, 41.93, 17.15, 1.17
527, Q9NRM7, LATS2_HUMAN Serine/threonine-protein kinase LATS2, 1940, IDR_0, 1, 70, MRPKTFPATTYSGNSRQRLQEIREGLKQPSKSSVQGLPAGPNSDTSLDAKVLGSKDATRQQQQMRATPKF, 60.57, 25.09, 1.24, IDR_1, 155, 596, QTSPGKGLMPTPVTRRPSFEGTGDSFASYHQLSGTPYEGPSFGADGPTALEEMPRPYVDYLFPGVGPHGPGHQHQHPPKGYGASVEAAGAHFPLQGAHYGRPHLLVPGEPLGYGVQRSPSFQSKTPPETGGYASLPTKGQGGPPGAGLAFPPPAAGLYVPHPHHKQAGPAAHQLHVLGSRSQVFASDSPPQSLLTPSRNSLNVDLYELGSTSVQQWPAATLARRDSLQKPGLEAPPRAHVAFRPDCPVPSRTNSFNSHQPRPGPPGKAEPSLPAPNTVTAVTAAHILHPVKSVRVLRPEPQTAVGPSHPAWVPAPAPAPAPAPAPAAEGLDAKEEHALALGGAGAFPLDVEYGGPDRRCPPPPYPKHLLLRSKSEQYDLDSLCAGMEQSLRAGPNEPEGGDKSRKSAKGDKGGKDKKQIQTSPVPVRKNSRDEEKRESRIKS, 157.92, 67.68, 1.29, IDR_2, 982, 1088, IRKQPAPYVPTISHPMDTSNFDPVDEESPWNDASEGSTKAWDTLTSPNNKHPEHAFYEFTFRRFFDDNGYPFRCPKPSGAEASQAESSDLESSDLVDQTEGCQPVYV, 68.38, 29.12, 1.13
528, Q9P0K8, FOXJ2_HUMAN Forkhead box protein J2, 1932, IDR_0, 1, 63, MASDLESSLTSIDWLPQLTLRATIEKLGSASQAGPPGSSRKCSPGSPTDPNATLSKDEAAVHQ, 58.53, 24.3, 1.26, IDR_1, 148, 414, ISRKRRHPPDDDLSQDSPEQEASKSPRGGVAGSGEASLPPEGNPQMSLQSPTSIASYSQGTGSVDGGAVAAGASGRESAEGPPPLYNTNHDFKFSYSEINFQDLSWSFRNLYKSMLEKSSSSSQHGFSSLLGDIPPSNNYYMYQQQQPPPPQQQQQQQQPPQPPPQQSQPQQQQAPAQGPSAVGGAPPLHTPSTDGCTPPGGKQAGAEGYGPPPVMAMHPPPLQHGGYHPHQHHPHSHPAQQPPPPQPQAQGQAPINNTGFAFPSDW, 102.06, 45.97, 1.07, IDR_2, 476, 574, QTGHVPPQGGTHRPPAPARIADSCALTSGKQESAMSQVNSYGHPQAPHLYPGPSPMYPIPTQDSAGYNRPAHHMVPRPSVPPPGANEEIPDDFDWDLIT, 70.76, 29.86, 1.22
529, Q5T6S3, PHF19_HUMAN PHD finger protein 19, 1902, IDR_0, 1, 23, MENRALDPGTRDSYGATSHLPNK, 31.67, 12.6, 1.13, IDR_1, 345, 540, PNPPGKLLPDKGLLPNENSASSELRKRGKSKPGLLPHEFQQQKRRVYRRKRSKFLLEDAIPSSDFTSAWSTNHHLASIFDFTLDEIQSLKSASSGQTFFSDVDSTDAASTSGSASTSLSYDSRWTVGSRKRKLAAKAYMPLRAKRWAAELDGRCPSDSSAEGASVPERPDEGIDSHTFESISEDDSSLSHLKSSIT, 96.24, 39.87, 1.18
530, Q9H7U1, CCSE2_HUMAN Serine-rich coiled-coil domain-containing protein 2, 1881, IDR_0, 1, 649, MEEKTQIKTFLGSKLPKYGTKSVRSTLQPMPNGTPVNLLGTSKNSNVKSYIKNNGSDCPSSHSFNWRKANKYQLCAQGVEEPNNTQNSHDKIIDPEKRVPTQGMFDKNGIKGGLKSVSLFTSKLAKPSTMFVSSTEELNQKSFSGPSNLGKFTKGTLLGRTSYSSINTPKSQLNGFYGNRSAGSMQRPRANSCATRSSSGESLAQSPDSSKSINCEKMVRSQSFSHSIQNSFLPPSSITRSHSFNRAVDLTKPYQNQQLSIRVPLRSSMLTRNSRQPEVLNGNEHLGYGFNRPYAAGGKKLALPNGPGVTSTLGYRMVHPSLLKSSRSPFSGTMTVDGNKNSPADTCVEEDATVLAKDRAANKDQELIENESYRTKNNQTMKHDAKMRYLSDDVDDISLSSLSSSDKNDLSEDFSDDFIDIEDSNRTRITPEEMSLKEEKHENGPPQDMFDSPKENEKAFSKTDEWIDISVSDRSECTKHTSGNNLVSPDTDYRAGSSFELSPSDSSDGTYMWDEEGLEPIGNVHPVGSYESSEMNSIDILNNLESCDLEDDDLMLDVDLPEDAPLENVECDNMNRFDRPDRNVRQPQEGFWKRPPQRWSGQEHYHLSHPDHYHHHGKSDLSRGSPYRESPLGHFESYGGMPFFQAQKM, 173.48, 76.12, 1.17, IDR_1, 691, 714, GSGSLHDIQLSLPSSPEPEDGDKV, 34.6, 14.04, 1.21, IDR_2, 764, 834, DKYTQTPWRRIPGGYSAPSFSPWQGSFQGIPRTVPPHRRQTSSTTAFQQPSQTHRSHPGKTNKATTYRGPQ, 57.08, 23.9, 1.17
531, Q14574, DSC3_HUMAN Desmocollin-3, 1860, IDR_0, 1, 31, MAAAGPRRSVRGAVCLHLLLTLVIFSRAGEA, 37.43, 15.3, 1.15, IDR_1, 715, 896, FGATKGKRFPEDLAQQNLIISNTEAPGDDRVCSANGFMTQTTNNSSQGFCGTMGSGMKNGGQETIEMMKGGNQTLESCRGAGHHHTLDSCRGGHTEVDNCRYTYSEWHSFTQPRLGEKLHRCNQNEDRMPSQDYVLTYNYEGRGSPAGSVGCCSEKQEEDGLDFLNNLEPKFITLAEACTKR, 88.8, 37.47, 1.14
532, Q5SYE7, NHSL1_HUMAN NHS-like protein 1, 1849, IDR_0, 1, 1610, MKKEGSSGSFRLQPNTGSLSRAVSWINFSSLSRQTKRLFRSDGELSVCGQQVEVDDENWIYRAQPRKAVSNLDEESRWTVHYTAPWHQQENVFLPTTRPPCVEDLHRQAKLNLKSVLRECDKLRHDGYRSSQYYSQGPTFAANASPFCDDYQDEDEETDQKCSLSSSEEERFISIRRPKTPASSDFSDLNTQTNWTKSLPLPTPEEKMRQQAQTVQADVVPINITASGTGQDDADGHSVYTPDHYSTLGRFNSCRSAGQRSETRDSSCQTEDVKVVPPSMRRIRAQKGQGIAAQMGHFSGSSGNMSVLSDSAGIVFPSRLDSDAGFHSLPRSGARANIQSLEPRLGALGPAGDMNGTFLYQRGHPQADENLGHLGGASGTGTLLRPKSQELRHFESENIMSPACVVSPHATYSTSIIPNATLSSSSEVIAIPTAQSAGQRESKSSGSSHARIKSRDHLISRHAVKGDPQSPGRHWNEGHATILSQDLDPHSPGEPALLSLCDSAVPLNAPANRENGSQAMPYNCRNNLAFPAHPQDVDGKSESSYSGGGGHSSSEPWEYKSSGNGRASPLKPHLATPGYSTPTSNMSSCSLDQTSNKEDAGSLYSEDHDGYCASVHTDSGHGSGNLCNSSDGFGNPRHSVINVFVGRAQKNQGDRSNYQDKSLSRNISLKKAKKPPLPPSRTDSLRRIPKKSSQCNGQVLNESLIATLQHSLQLSLPGKSGSSPSQSPCSDLEEPWLPRSRSQSTVSAGSSMTSATTPNVYSLCGATPSQSDTSSVKSEYTDPWGYYIDYTGMQEDPGNPAGGCSTSSGVPTGNGPVRHVQEGSRATMPQVPGGSVKPKIMSPEKSHRVISPSSGYSSQSNTPTALTPVPVFLKSVSPANGKGKPKPKVPERKSSLISSVSISSSSTSLSSSTSTEGSGTMKKLDPAVGSPPAPPPPPVPSPPFPCPADRSPFLPPPPPVTDCSQGSPLPHSPVFPPPPPEALIPFCSPPDWCLSPPRPALSPILPDSPVSLPLPPPLLPSSEPPPAPPLDPKFMKDTRPPFTNSGQPESSRGSLRPPSTKEETSRPPMPLITTEALQMVQLRPVRKNSGAEAAQLSERTAQEQRTPVAPQYHLKPSAFLKSRNSTNEMESESQPASVTSSLPTPAKSSSQGDHGSAAERGGPVSRSPGAPSAGEAEARPSPSTTPLPDSSPSRKPPPISKKPKLFLVVPPPQKDFAVEPAENVSEALRAVPSPTTGEEGSVHSREAKESSAAQAGSHATHPGTSVLEGGAAGSMSPSRVEANVPMVQPDVSPAPKQEEPAENSADTGGDGESCLSQQDGAAGVPETNAAGSSSEACDFLKEDGNDEVMTPSRPRTTEDLFAAIHRSKRKVLGRRDSDDDHSRNHSPSPPVTPTGAAPSLASPKQVGSIQRSIRKSSTSSDNFKALLLKKGSRSDTSARMSAAEMLKNTDPRFQRSRSEPSPDAPESPSSCSPSKNRRAQEEWAKNEGLMPRSLSFSGPRYGRSRTPPSAASSRYSMRNRIQSSPMTVISEGEGEAVEPVDSIARGALGAAEGCSLDGLAREEMDEGGLLCGEGPAASLQPQAPGPVDGTASAEGREPSPQCGGSLSEES, 314.49, 141.02, 1.34
533, Q9UKA4, AKA11_HUMAN A-kinase anchor protein 11, 1841, IDR_0, 1, 59, MATFRNNHMKTKASVRKSFSEDVFQSVKSLLQSQKELCSVTAEDCLQQDEHANLTEVTF, 50.91, 21.36, 1.14, IDR_1, 104, 544, INKPLDISSDPLNQSHPSGMLCVMRVSPTSPRLRIDFIFSLLSKYATGIRYTLDTFLHQKHQLETTDEDDDDTNQSVSSIEDDFVTAFEHLEEEETSKPYNDGMNITVLRSQCDAASQTVTGHHLETHDLKILISSGQQKSLAKPSTSSVNVLGHKELPSVKTSVTTSISEPWTQRSFYRSSNASDKDSDLQKTFFSSSPAYSSESECSSPSPVIFLDEEGYQKSLKAKLELPKIPVMKDDIEDSDSEVSEFFDSFDQFDELEQTLETCLFNKDPVIGKSSQRKGHKHGKSCMNPQKFKFDRPALPANVRKPTPRKPESPYGNLCDAPDSPRPVKASREDSGLFSPIRSSAFSPLGGCTPAECFCQTDIGGDRIHENHDSVYYTYEDYAKSISCEVLGSVLRTHHTNTLSNINSIKHGENKTVTFKHGNLDQKNKSKNKSL, 153.12, 65.22, 1.25, IDR_2, 710, 1334, VTFTTKAAVSVSTDNIKYVSAESVVPSTQAVTFSPSFHNQAIMVTKPVQEYKKEYTVQQALFCTSGIVTSIPVPLAGSALLPYHISSTACQAKAHLSSDDSNSNGDSAQVHIATKNREEKAACLRNICLPSEHNPGNQNDFKPTNDDIEMQSSSKLPNDPAIISNFSAAVVHTIVNETLESMTSLEVTKMVDERTDYLTKSLKEKTPPFSHCDQAVLQCSEASSNKDMFADRLSKSIIKHSIDKSKSVIPNIDKNAVYKESLPVSGEESQLTPEKSPKFPDSQNQLTHCSLSAAKDCVPECKVSMVHGSSLETLPSCPAVTGQKSDLKESAKDQPLKKHNLNSTSLEALSFGQENPFPHSHTFSSTALTCVDGLHVEDKQKVRDRNVIPDTPPSTPLVPSRASSEWDIKKLTKKLKGELAKEFAPATPPSTPHNSSVGSLSENEQNTIEKEEFMLKLMRSLSEEVESSESGELPEVDVKSEHSGKKVQFAEALATHILSLATEMAASHLDNKIIQEPKVKNPCLNVQSQRSVSPTFLNPSDENLKTLCNFAGDLAAEVITEAEKIAKVRNCMLFKQKKNSCYADGDEDYKVEEKLDIEAVVHPREVDPFILSLPPSSCMSGLMYK, 210.74, 89.45, 1.45, IDR_3, 1374, 1816, RSVKSGLQEAAKTTKVQCNSRMFPVPSSQVKTNKELLMFSNKEHHQEADKKRQSKRNEGYFCKNQTCERTLDPYRNEVSQLYSFSTSLVHSITKDAKEELTASLVGLPKSLTDSCLFEKSGYEEDNECHVTPELPKSLQPSSQNHRFYHSTGSLNGYGCGDNVVQAVEQYAKKVVDDTLELTLGSTVFRVSETTKSADRVTYAEKLSPLTGQACRYCDLKELHNCTGNSSQHFFRQGSLASSKPASNPKFSSRYQKSRIFHLSVPQIHVNLDKKAVLAEKIVAEAIEKAERELSSTSLAADSGIGQEGASFAESLATETMTAAVTNVGHAVSSSKEIEDFQSTESVSSQQMNLSIGDDSTGSWSNLSFEDEHQDESSSFHHLSESNGNSSSWSSLGLEGDLYEDNLSFPTSDSDGPDDKDEEHEDEVEGLGQDGKTLLITNID, 152.72, 62.84, 1.25
534, Q4KWH8, PLCH1_HUMAN 1-phosphatidylinositol 4;5-bisphosphate phosphodiesterase eta-1, 1772, IDR_0, 424, 471, GECKQLPSPQSLKGKILVKGKKLPYHLGDDAEEGEVSDEDSADEIEDE, 47.47, 19.54, 1.18, IDR_1, 527, 590, NAHLKQSPDVKESGKKSHGRSLMTNFGKHKKTTKSRSKSYSTDDEEDTQQSTGKEGGQLYRLGR, 53.9, 22.18, 1.16, IDR_2, 891, 1693, LFNKNPRHSSSENNSHYVRKRSIGDRILRRTASAPAKGRKKSKMGFQEMVEIKDSVSEATRDQDGVLRRTTRSLQARPVSMPVDRNLLGALSLPVSETAKDIEGKENSLAEDKDGRRKGKASIKDPHFLNFNKKLSSSSSALLHKDTSQGDTIVSTAHMSVTGEQLGMSSPRGGRTTSNATSNCQENPCPSKSLSPKQHLAPDPVVNPTQDLHGVKIKEKGNPEDFVEGKSILSGSVLSHSNLEIKNLEGNRGKGRAATSFSLSDVSMLCSDIPDLHSTAILQESVISHLIDNVTLTNENEPGSSISALIGQFDETNNQALTVVSHLHNTSVMSGHCPLPSLGLKMPIKHGFCKGKSKSSFLCSSPELIALSSSETTKHATNTVYETTCTPISKTKPDDDLSSKAKTAALESNLPGSPNTSRGWLPKSPTKGEDWETLKSCSPASSPDLTLEDVIADPTLCFNSGESSLVEIDGESENLSLTTCEYRREGTSQLASPLKLKYNQGVVEHFQRGLRNGYCKETLRPSVPEIFNNIQDVKTQSISYLAYQGAGFVHNHFSDSDAKMFQTCVPQQSSAQDMHVPVPKQLAHLPLPALKLPSPCKSKSLGDLTSEDIACNFESKYQCISKSFVTTGIRDKKGVTVKTKSLEPIDALTEQLRKLVSFDQEDNCQVLYSKQDANQLPRALVRKLSSRSQSRVRNIASRAKEKQEANKQKVPNPSNGAGVVLRNKPSAPTPAVNRHSTGSYIAGYLKNTKGGGLEGRGIPEGACTALHYGHVDQFCSDNSVLQTEPSSDDKPEIYFLLRL, 227.54, 97.7, 1.38
535, O60303, KATIP_HUMAN Katanin-interacting protein, 1771, IDR_0, 1, 27, MDGQTLRKAERSWSCSREKKEGYAKDM, 33.69, 13.59, 1.11, IDR_1, 67, 465, QGFSVYVNGANSELKSSPRKAIHSDFSRSASHTEGTHDYGRRTLFREAEEALRRSSRTAPSKVQRRGWHQKSVQIRTEAGPRLHIEPPVDYSDDFELCGDVTLQANNTSEDRPQELRRSLELSVNLQRKQKDCSSDEYDSIEEDILSEPEPEDPALVGHPRHDRPPSSGDWTQKDVHGEQETEGRSSPGPDTLVVLEFNPASKSHKRERNLSAKRKDNAEVFVPTKPEPNLTPQAPAVFPDQERMCSRPGSRRERPLSATRKTLCEAEYPEEDASAVLQAIQVENAALQRALLSRKAEQPASPLQDAEGPPAKPWTSLLEEKEETLELLPITTATTTQEPAGAAGGARAINQAMDRIGLLGSRQQQKLLKVLQAVESDSAHLGRVVSPTKEQVSDTEDK, 150.26, 64.26, 1.29, IDR_2, 603, 965, KLDKGDREAPADHSILVDQKNEKSEQLEEAMNAHSEESKGTHEMAGASGDKELGLGCSPPAETLADAKLSSQGNVSGKRKNSTNCRKDSLSQLEEYLRLSAVPTSMGDMPSAPATSPPVKCPPVHEEPSLIQQLENLMGRKICEPPGKTPSWLQPSPTGKDRKQGGRKPKPLWLSPEKPLAWKGRLPSDDVIGEGPGETEARDKGLRHEPGWGTSRSVNTKERPQRATTKVHSDDSDIFNQPPNRERPASGRRGSRKDAGSSSHGDDQPASREDTWSSRTPSRSRWRSEQEHTLHESWSSLSAFDRSHRGRISNTELPGDILDELLQQKSSRHSDLPPSKKGEQPGLSRGQDGYSGETDAGGD, 145.93, 62.04, 1.32, IDR_3, 1150, 1201, LDSLQDEEAMRRPSTADGEGDERPFTQAGLGADERIPELELPSSSPVPQVTT, 53.37, 22.12, 1.27, IDR_4, 1560, 1618, DIRHQEKHTTISNQAEDQDVQMMNENQIITNAKRKQSVVDPALRPKTCISEKETRRRRC, 52.37, 21.96, 1.17
536, P78312, F193A_HUMAN Protein FAM193A, 1738, IDR_0, 1, 21, MKVRLLRQLSAAAKVKAPSGL, 32.21, 12.52, 1.2, IDR_1, 233, 786, DDIHIHQLPLQVDPAPDYLAERSPPSVSSASSGSGSSSPITIQQHPRLILTDSGSAPTFCSDDEDVAPLSAKFADIYPLSNYDDTEVVANMNGIHSELNGGGENMALKDESPQISSTSSSSSEADDEEADGESSGEPPGAPKEDGVLGSRSPRTEESKADSPPPSYPTQQAEQAPNTCECHVCKQEASGLTPSAMTAGALPPGHQFLSPEKPTHPALHLYPHIHGHVPLHTVPHLPRPLIHPTLYATPPFTHSKALPPAPVQNHTNKHQVFNASLQDHIYPSCFGNTPEWNSSKFISLWGSEVMNDKNWNPGTFLPDTISGSEILGPTLSETRPEALPPPSSNETPAVSDSKEKKNAAKKKCLYNFQDAFMEANKVVMATSSATSSVSCTATTVQSSNSQFRVSSKRPPSVGDVFHGISKEDHRHSAPAAPRNSPTGLAPLPALSPAALSPAALSPASTPHLANLAAPSFPKTATTTPGFVDTRKSFCPAPLPPATDGSISAPPSVCSDPDCEGHRCENGVYDPQQDDGDESADEDSCSEHSSSTSTSTNQKEG, 188.11, 80.43, 1.37, IDR_2, 826, 1205, KEEQPKKMDQISERESVVDHRRVEDLLQFINSSETKPVSSTRAAKRARHKQRKLEEKARLEAEARAREHLHLQEEQRRREEEEDEEEEEDRFKEEFQRLQELQKLRAVKKKKKERPSKDCPKLDMLTRNFQAATESVPNSGNIHNGSLEQTEEPETSSHSPSRHMNHSEPRPGLGADGDAADPVDTRDSKFLLPKEVNGKQHEPLSFFFDIMQHHKEGNGKQKLRQTSKASSEPARRPTEPPKATEGQSKPRAQTESKAKVVDLMSITEQKREERKVNSNNNNKKQLNHIKDEKSNPTPMEPTSPGEHQQNSKLVLAESPQPKGKNKKNKKKKGDRVNNSIDGVSLLLPSLGYNGAILAHCNLRLPGSSDCAASASQVVG, 145.48, 62.84, 1.28
537, Q9UBC1, IKBL1_HUMAN NF-kappa-B inhibitor-like protein 1, 1710, IDR_0, 1, 32, MSNPSPQVPEEEASTSVCRPKSSMASTSRRQR, 38.23, 16.09, 1.16, IDR_1, 123, 295, RCPSAMGIKNKDGETPGQILGWGPPWDSAEEEEEDDASKEREWRQKLQGELEDEWQEVMGRFEGDASHETQEPESFSAWSDRLAREHAQKCQQQQREAEGSCRPPRAEGSSQSWRQQEEEQRLFRERARAKEEELRESRARRAQEALGDREPKPTRAGPREEHPRGAGRGSLW, 84.63, 36.47, 1.11
538, Q9NVW2, RNF12_HUMAN E3 ubiquitin-protein ligase RLIM, 1706, IDR_0, 1, 377, MENSDSNDKGSGDQSAAQRRSQMDRLDREEAFYQFVNNLSEEDYRLMRDNNLLGTPGESTEEELLRRLQQIKEGPPPQNSDENRGGDSSDDVSNGDSIIDWLNSVRQTGNTTRSGQRGNQSWRAVSRTNPNSGDFRFSLEINVNRNNGSQNSENENEPSARRSSGENVENNSQRQVENPRSESTSARPSRSERNSTEALTEVPPTRGQRRARSRSPDHRRTRARAERSRSPLHPMSEIPRRSHHSISSQTFEHPLVNETEGSSRTRHHVTLRQQISGPELLSRGLFAASGTRNASQGAGSSDTAASGESTGSGQRPPTIVLDLQVRRVRPGEYRQRDSIASRTRSRSQTPNNTVTYESERGGFRRTFSRSERAGVRT, 124.22, 55.88, 1.1, IDR_1, 419, 548, FMYSDSDSEPTGSVSNRNMERAESRSGRGGSGGGSSSGSSSSSSSSSSSSSSSSSSSSPSSSSGGESSETSSDLFEGSNEGSSSSGSSGARREGRHRAPVTFDESGSLPFLSLAQFFLLNEDDDDQPRGL, 79.16, 33.14, 1.2
539, Q8TF72, SHRM3_HUMAN Protein Shroom3, 1694, IDR_0, 1, 20, MMRTTEDFHKPSATLNSNTA, 28.97, 11.68, 1.11, IDR_1, 110, 1777, VCTDPGHADTGASNFVSPEHLTSGPQHRKAAWSGGVKLRLKHRRSEPAGRPHSWHTTKSGEKQPDASMMQISQGMIGPPWHQSYHSSSSTSDLSNYDHAYLRRSPDQCSSQGSMESLEPSGAYPPCHLSPAKSTGSIDQLSHFHNKRDSAYSSFSTSSSILEYPHPGISGRERSGSMDNTSARGGLLEGMRQADIRYVKTVYDTRRGVSAEYEVNSSALLLQGREARASANGQGYDKWSNIPRGKGVPPPSWSQQCPSSLETATDNLPPKVGAPLPPARSDSYAAFRHRERPSSWSSLDQKRLCRPQANSLGSLKSPFIEEQLHTVLEKSPENSPPVKPKHNYTQKAQPGQPLLPTSIYPVPSLEPHFAQVPQPSVSSNGMLYPALAKESGYIAPQGACNKMATIDENGNQNGSGRPGFAFCQPLEHDLLSPVEKKPEATAKYVPSKVHFCSVPENEEDASLKRHLTPPQGNSPHSNERKSTHSNKPSSHPHSLKCPQAQAWQAGEDKRSSRLSEPWEGDFQEDHNANLWRRLEREGLGQSLSGNFGKTKSAFSSLQNIPESLRRHSSLELGRGTQEGYPGGRPTCAVNTKAEDPGRKAAPDLGSHLDRQVSYPRPEGRTGASASFNSTDPSPEEPPAPSHPHTSSLGRRGPGPGSASALQGFQYGKPHCSVLEKVSKFEQREQGSQRPSVGGSGFGHNYRPHRTVSTSSTSGNDFEETKAHIRFSESAEPLGNGEQHFKNGELKLEEASRQPCGQQLSGGASDSGRGPQRPDARLLRSQSTFQLSSEPEREPEWRDRPGSPESPLLDAPFSRAYRNSIKDAQSRVLGATSFRRRDLELGAPVASRSWRPRPSSAHVGLRSPEASASASPHTPRERHSVTPAEGDLARPVPPAARRGARRRLTPEQKKRSYSEPEKMNEVGIVEEAEPAPLGPQRNGMRFPESSVADRRRLFERDGKACSTLSLSGPELKQFQQSALADYIQRKTGKRPTSAAGCSLQEPGPLRERAQSAYLQPGPAALEGSGLASASSLSSLREPSLQPRREATLLPATVAETQQAPRDRSSSFAGGRRLGERRRGDLLSGANGGTRGTQRGDETPREPSSWGARAGKSMSAEDLLERSDVLAGPVHVRSRSSPATADKRQDVLLGQDSGFGLVKDPCYLAGPGSRSLSCSERGQEEMLPLFHHLTPRWGGSGCKAIGDSSVPSECPGTLDHQRQASRTPCPRPPLAGTQGLVTDTRAAPLTPIGTPLPSAIPSGYCSQDGQTGRQPLPPYTPAMMHRSNGHTLTQPPGPRGCEGDGPEHGVEEGTRKRVSLPQWPPPSRAKWAHAAREDSLPEESSAPDFANLKHYQKQQSLPSLCSTSDPDTPLGAPSTPGRISLRISESVLRDSPPPHEDYEDEVFVRDPHPKATSSPTFEPLPPPPPPPPSQETPVYSMDDFPPPPPHTVCEAQLDSEDPEGPRPSFNKLSKVTIARERHMPGAAHVVGSQTLASRLQTSIKGSEAESTPPSFMSVHAQLAGSLGGQPAPIQTQSLSHDPVSGTQGLEKKVSPDPQKSSEDIRTEALAKEIVHQDKSLADILDPDSRLKTTMDLMEGLFPRDVNLLKENSVKRKAIQRTVSSSGCEGKRNEDKEAVSMLVNCPAYYSVSAPKAELLNKIKEMPAEVNEEEEQA, 304.69, 134.18, 1.28, IDR_2, 1961, 1996, IPKAGALALPPNLTSEPIPAGGCTFSGIFPTLTSPL, 43.96, 17.57, 1.26
540, Q86VP3, PACS2_HUMAN Phosphofurin acidic cluster sorting protein 2, 1689, IDR_0, 1, 21, MAERGRLGLPGAPGALNTPVP, 32.45, 13.11, 1.22, IDR_1, 174, 466, LSSQPIDHEDSTMQAGPKAKSTDNYSEEEYESFSSEQEASDDAVQGQDLDEDDFDVGKPKKQRRSIVRTTSMTRQQNFKQKVVALLRRFKVSDEVLDSEQDPAEHIPEAEEDLDLLYDTLDMEHPSDSGPDMEDDDSVLSTPKPKLRPYFEGLSHSSSQTEIGSIHSARSHKEPPSPADVPEKTRSLGGRQPSDSVSDTVALGVPGPREHPGQPEDSPEAEASTLDVFTERLPPSGRITKTESLVIPSTRSEGKQAGRRGRSTSLKERQAARPQNERANSLDNERCPDARSQL, 128.71, 55.51, 1.29, IDR_2, 662, 830, KSPDEESSQKFIPFVGVVKVGIVEPSSATSGDSDDAAPSGSGTLSSTPPSASPAAKEASPTPPSSPSVSGGLSSPSQGVGAELMGLQVDYWTAAQPADRKRDAEKKDLPVTKNTLKCTFRSLQVSRLPSSGEAAATPTMSMTVVTKEKNKKVMFLPKKAKDKDVESKSQ, 104.12, 43.23, 1.37
541, O94986, CE152_HUMAN Centrosomal protein of 152 kDa, 1649, IDR_0, 1, 231, MSLDFGSVALPVQNEDEEYDEEDYEREKELQQLLTDLPHDMLDDDLSSPELQYSDCSEDGTDGQPHHPEQLEMSWNEQMLPKSQSVNGYNEIQSLYAGEKCGNVWEENRSKTEDRHPVYHPEEGGDEGGSGYSPPSKCEQTDLYHLPENFRPYTNGQKQEFNNQATNVIKFSDPQWNHFQGPSCQGLEPYNKVTYKPYQSSAQNNGSPAQEITGSDTFEGLQQQFLGANEN, 100.46, 44.78, 1.14, IDR_1, 520, 535, KKSKVTSIVQEEDPNE, 24.7, 10.25, 1.06, IDR_2, 584, 616, VKKDEKSIEVETKTDTSEKPKNQLWPESSTSDV, 41.0, 16.46, 1.23, IDR_3, 788, 802, TLDCGSQTDQVTTSD, 24.58, 9.77, 1.1, IDR_4, 1113, 1157, WKKRNMAELSKDSASQGTGQGDPGPAAGHHAQPLALQATEAEADK, 45.29, 18.63, 1.16, IDR_5, 1239, 1259, CKTPPRSLSAGAIENACLPCS, 32.58, 12.52, 1.22, IDR_6, 1349, 1710, LETPISSKSQSKTTQSALPLTSEMLIAVKKSKRNDVNQKIPCCIESKSNSVNTITRTLCEQAPKRRAACNLQRLLENSEHQSIKHVGSKETHLEFQFGDGSCKHLNSLPRNVSPEFVPCEGEGGFGLHKKKDLLSDNGSESLPHSAAYPFLGTLGNKPSPRCTPGPSESGCMHITFRDSNERLGLKVYKCNPLMESENAASEKSQGLDVQEPPVKDGGDLSDCLGWPSSSATLSFDSREASFVHGRPQGTLEIPSESVKSKQFSPSGYLSDTEESNMICQTMKCQRYQTPYLSEETTYLEPGKISVNCGHPSRHKADRLKSDFKKLSSTLPSSVCQQPSRKLIVPLSSQQDSGFDSPFVNLD, 146.89, 61.87, 1.33
542, Q9H792, PEAK1_HUMAN Inactive tyrosine-protein kinase PEAK1, 1647, IDR_0, 1, 1274, MSACNTFTEHVWKPGECKNCFKPKSLHQLPPDPEKAPITHGNVKTNANHSNNHRIRNTGNFRPPVAKKPTIAVKPTMIVADGQSICGELSIQEHCENKPVIIGWNRNRAALSQKPLNNNNEDDEGISHVPKPYGNNDSAKKMSDNNNGLTEVLKEIAGLDTAPQIRGNETNSRETFLGRINDCYKRSLERKLPPSCMIGGIKETQGKHVILSGSTEVISNEGGRFCYPEFSSGEESEEDVLFSNMEEEHESWDESDEELLAMEIRMRGQPRFANFRANTLSPVRFFVDKKWNTIPLRNKSLQRICAVDYDDSYDEILNGYEENSVVSYGQGSIQSMVSSDSTSPDSSLTEESRSETASSLSQKICNGGLSPGNPGDSKDMKEIEPNYESPSSNNQDKDSSQASKSSIKVPETHKAVLALRLEEKDGKIAVQTEKEESKASTDVAGQAVTINLVPTEEQAKPYRVVNLEQPLCKPYTVVDVSAAMASEHLEGPVNSPKTKSSSSTPNSPVTSSSLTPGQISAHFQKSSAIRYQEVWTSSTSPRQKIPKVELITSGTGPNVPPRKNCHKSAPTSPTATNISSKTIPVKSPNLSEIKFNSYNNAGMPPFPIIIHDEPTYARSSKNAIKVPIVINPNAYDNLAIYKSFLGTSGELSVKEKTTSVISHTYEEIETESKVPDNTTSKTTDCLQTKGFSNSTEHKRGSVAQKVQEFNNCLNRGQSSPQRSYSSSHSSPAKIQRATQEPVAKIEGTQESQMVGSSSTREKASTVLSQIVASIQPPQSPPETPQSGPKACSVEELYAIPPDADVAKSTPKSTPVRPKSLFTSQPSGEAEAPQTTDSPTTKVQKDPSIKPVTPSPSKLVTSPQSEPPAPFPPPRSTSSPYHAGNLLQRHFTNWTKPTSPTRSTEAESVLHSEGSRRAADAKPKRWISFKSFFRRRKTDEEDDKEKEREKGKLVGLDGTVIHMLPPPPVQRHHWFTEAKGESSEKPAIVFMYRCDPAQGQLSVDQSKARTDQAAVMEKGRAENALLQDSEKKRSHSSPSQIPKKILSHMTHEVTEDFSPRDPRTVVGKQDGRGCTSVTTALSLPELEREDGKEDISDPMDPNPCSATYSNLGQSRAAMIPPKQPRQPKGAVDDAIAFGGKTDQEAPNASQPTPPPLPKKMIIRANTEPISKDLQKSMESSLCVMANPTYDIDPNWDASSAGSSISYELKGLDIESYDSLERPLRKERPVPSAANSISSLTTLSIKDRFSNSMESLSSRRGPSCRQGRGIQKPQRQ, 282.77, 124.54, 1.36, IDR_1, 1403, 1458, LPWEDPDDPEKDEDDMEETEEDAKGETDGKNPKPCSEAASSQKENQGVMSKKQRSH, 51.27, 22.03, 1.18, IDR_2, 1530, 1552, GGTAQGFGPAEPSPTSSYPTRLI, 32.78, 13.36, 1.18
543, Q8WYQ9, ZCH14_HUMAN Zinc finger CCHC domain-containing protein 14, 1642, IDR_0, 1, 115, MASNHPAFSFHQKQVLRQELTQIQSSLNGGGGHGGKGAPGPGGALPTCPACHKITPRTEAPVSSVSNSLENALHTSAHSTEESLPKRPLGKHSKVSVEKIDLKGLSHTKNDRNVE, 80.26, 33.85, 1.29, IDR_1, 197, 298, RFLSTSSPPQQLQSPSPGNPSLSKVGTVMGVSGRPVCGVAGIPSSQSGAQHHGQHPAGSAAPLPHCSHAGSAGSALAYRTQMDTSPAILMPSSLQTPQTQEQ, 75.19, 31.05, 1.28, IDR_2, 356, 949, EKSERRCLNPSAPPLVTSSGVARVPPTSHVGPVQSGRGSHAAELRVEVEQPHHQLPREGSSSEYSSSSSSPMGVQAREESSDSAEENDRRVEIHLESSDKEKPVMLLNHFTSSSARPTAQVLPVQNEASSNPSGHHPLPPQMLSAASHITPIRMLNSVHKPERGSADMKLLSSSVHSLLSLEERNKGSGPRSSMKVDKSFGSAMMDVLPASAPHQPVQVLSGLSESSSMSPTVSFGPRTKVVHASTLDRVLKTAQQPALVVETSTAATGTPSTVLHAARPPIKLLLSSSVPADSAISGQTSCPNNVQISVPPAIINPRTALYTANTKVAFSAMSSMPVGPLQGGFCANSNTASPSSHPSTSFANMATLPSCPAPSSSPALSSVPESSFYSSSGGGGSTGNIPASNPNHHHHHHHQQPPAPPQPAPPPPGCIVCTSCGCSGSCGSSGLTVSYANYFQHPFSGPSVFTFPFLPFSPMCSSGYVSAQQYGGGSTFPVVHAPYSSSGTPDPVLSGQSTFAVPPMQNFMAGTAGVYQTQGLVGSSNGSSHKKSGNLSCYNCGATGHRAQDCKQPSMDFNRPGTFRLKYAPPAESLDSTD, 190.9, 82.87, 1.34
544, Q14CW9, AT7L3_HUMAN Ataxin-7-like protein 3, 1628, IDR_0, 107, 194, GMGRNSSRIANRRIANSNNMNKSESDQEDNDDINDNDWSYGSEKKAKKRKSDKNPNSPRRSKSLKHKNGELSNSDPFKYNNSTGISYE, 60.4, 25.7, 1.11, IDR_1, 246, 347, AVLPEVESSLDNDSFDMTDSQALISRLQWDGSSDLSPSDSGSSKTSENQGWGLGTNSSESRKTKKKKSHLSLVGTASGLGSNKKKKPKPPAPPTPSIYDDIN, 72.85, 29.99, 1.24
545, Q76N89, HECW1_HUMAN E3 ubiquitin-protein ligase HECW1, 1604, IDR_0, 1, 83, MLLHLCSVKNLYQNRFLGLAAMASPSRNSQSRRRCKEPLRYSYNPDQFHNMDLRGGPHDGVTIPRSTSDTDLVTSDSRSTLMV, 62.48, 26.57, 1.18, IDR_1, 175, 198, PSVTVKNSAAPIFKSIGADETVQG, 32.78, 13.29, 1.15, IDR_2, 340, 943, FEITSSIHPDDEEISLSTEPESAQIQDSPMNNLMESGSGEPRSEAPESSESWKPEQLGEGSVPDGPGNQSIELSRPAEEAAVITEAGDQGMVSVGPEGAGELLAQVQKDIQPAPSAEELAEQLDLGEEASALLLEDGEAPASTKEEPLEEEATTQSRAGREEEEKEQEEEGDVSTLEQGEGRLQLRASVKRKSRPCSLPVSELETVIASACGDPETPRTHYIRIHTLLHSMPSAQGGSAAEEEDGAEEESTLKDSSEKDGLSEVDTVAADPSALEEDREEPEGATPGTAHPGHSGGHFPSLANGAAQDGDTHPSTGSESDSSPRQGGDHSCEGCDASCCSPSCYSSSCYSTSCYSSSCYSASCYSPSCYNGNRFASHTRFSSVDSAKISESTVFSSQDDEEEENSAFESVPDSMQSPELDPESTNGAGPWQDELAAPSGHVERSPEGLESPVAGPSNRREGECPILHNSQPVSQLPSLRPEHHHYPTIDEPLPPNWEARIDSHGRVFYVDHVNRTTTWQRPTAAATPDGMRRSGSIQQMEQLNRRYQNIQRTIATERSEEDSGSQSCEQAPAGGGGGGGSDSEAESSQSSLDLRREGSLSPVNS, 199.3, 83.14, 1.39, IDR_3, 1075, 1092, SAGEASEVSRNRGASLLA, 26.4, 10.34, 1.07, IDR_4, 1189, 1223, AFHPGYSFSPRCSPCSSPQNSPGLQRASARAPSPY, 40.31, 16.9, 1.17
546, Q13563, PKD2_HUMAN Polycystin-2, 1527, IDR_0, 1, 185, MVNSSRVQPQQPGDAKRPPAPRAPDPGRLMAGCAAVGASLAAPGGLCEQRGLEIEMQRIRQAAARDPPAGAAASPSPPLSSCSRQAWSRDNPGFEAEEEEEEVEGEEGGMVVEMDVEWRPGSRRSAASSAVSSVGARSRGLGGYHGAGHPSGRRRRREDQGPPCPSPVGGGDPLHRHLPLEGQPP, 97.36, 40.66, 1.23, IDR_1, 763, 834, DQDGDQELTEHEHQQMRDDLEKEREDLDLDHSSLPRPMSSRSFPRSLDDSEEDDDEDSGHSSRRRGSISSGV, 59.03, 25.11, 1.2, IDR_2, 918, 968, SDDAASQISHGLGTPVGLNGQPRPRSSRPSSSQSTEGMEGAGGNGSSNVHV, 48.9, 20.57, 1.18
547, P61129, ZC3H6_HUMAN Zinc finger CCCH domain-containing protein 6, 1512, IDR_0, 1, 243, MTDSEHAGHDREDGELEDGEIDDAGFEEIQEKEAKENEKQKSEKAYRKSRKKHKKEREKKKSKRRKREKHKHNSPSSDDSSDYSLDSDVEHTESSHKKRTGFYRDYDIPFTQRGHISGSYITSKKGQHNKKFKSKEYDEYSTYSDDNFGNYSDDNFGNYGQETEEDFANQLKQYRQAKETSNIALGSSFSKESGKKQRMKGVQQGIEQRVKSFNVGRGRGLPKKIKRKERGGRTNKGPNVFSV, 93.44, 39.68, 1.03, IDR_1, 385, 1189, GITPLPKPPPGVGLLPTPPEHFPFSDPEDDFQTDFSDDFRKIPSLFEIVVKPTVDLAHKIGRKPPAFYTSASPPGPQFQGSSPHPQHIYSSGSSPGPGPNMSQGHSSPVMHPGSPGHHPCAGPPGLPVPQSPPLPPGPPEIVGPQNQAGVLVQPDTSLTPPSMGGAYHSPGFPGHVMKVPRENHCSPGSSYQQSPGEMQLNTNYESLQNPAEFYDNYYAQHSIHNFQPPNNSGDGMWHGEFAQQQPPVVQDSPNHGSGSDGSSTRTGHGPLPVPGLLPAVQRALFVRLTQRYQEDEEQTSTQPHRAPSKEEDDTVNWYSSSEEEEGSSVKSILKTLQKQTETLRNQQQPSTELSTPTDPRLAKEKSKGNQVVDPRLRTIPRQDIRKPSESAPLDLRLAWDPRKLRGNGSGHIGSSVGGAKFDLHHANAGTNVKHKRGDDDDEDTERELREKAFLIPLDASPGIMLQDPRSQLRQFSHIKMDITLTKPNFAKHIVWAPEDLLPVPLPKPDPVSSINLPLPPLIADQRLNRLWNTKSDLHQNTVSIDPKLAAKAKINTTNREGYLEQFGDSHGSGAKLGDPRLQKNFDPRLHRLPNTESHQVVMKDSHASKGAPHLPRSNPGSSQPSGAGTSNSGSGALPPYAPKLSSSAGLPLGTSTSVLSGISLYDPRDHGSSSTSELATASSGENSKNQKKSGGLKSSDKTEPSPGEAILPQKPSPNVGVTLEGPADPQADVPRSSGKVQVPAVHSLPVQALTGLIRPQYSDPRQARQPGQGSPTPDNDPGRETDDKSLKEVFKTFDPTASPFC, 220.26, 91.82, 1.33
548, Q9BX69, CARD6_HUMAN Caspase recruitment domain-containing protein 6, 1501, IDR_0, 95, 276, EVLKHENTVPPQSMGASSNSEDAFSPGIKQPEAPEITVFFSEKEHLDLETSEFFRDKKTSYRETALSARKNEKEYDTPEVTLSYSVEKVGCEVPATITYIKDGQRYEELDDSLYLGKEEYLGSVDTPEDAEATVEEEVYDDPEHVGYDGEEDFENSETTEFSGEEPSYEGSETSLSLEEEQE, 110.31, 44.83, 1.41, IDR_1, 659, 1037, EDFENTQRIQVSSGENMAGTAEGEGQQRHSQLKSSSKSQALMPIQEPGTQCELSQNLQNLYGTPVFRPVLENSWLFPTRIGGNFNHVSLKASWVMGRPFGSEQRPKWFHPLPFQNAGAQGRGKSFGIQSFHPQIFYSGERFMKFSRVARGCHSNGTFGRLPRPICQHVQACPERPQMMGTLERSRAVASKIGHSYSLDSQPARAVGKPWPQQACTRVTELTEATGKLIRTSHIGKPHPQSFQPAAATQKLRPASQQGVQMKTQGGASNPALQIGSHPMCKSSQFKSDQSNPSTVKHSQPKPFHSVPSQPKSSQTKSCQSQPSQTKPSPCKSTQPKPSQPWPPQSKPSQPRPPQPKSSSTNPSQAKAHHSKAGQKRGGKH, 144.02, 61.12, 1.27
549, O15021, MAST4_HUMAN Microtubule-associated serine/threonine-protein kinase 4, 1494, IDR_0, 1, 366, MGEKVSEAPEPVPRGCSGHGSRTPASALVAASSPGASSAESSSGSETLSEEGEPGGFSREHQPPPPPPLGGTLGARAPAAWAPASVLLERGVLALPPPLPGGAVPPAPRGSSASQEEQDEELDHILSPPPMPFRKCSNPDVASGPGKSLKYKRQLSEDGRQLRRGSLGGALTGRYLLPNPVAGQAWPASAETSNLVRMRSQALGQSAPSLTASLKELSLPRRGSFCRTSNRKSLIGNGQSPALPRPHSPLSAHAGNSPQDSPRNFSPSASAHFSFARRTDGRRWSLASLPSSGYGTNTPSSTVSSSCSSQEKLHQLPYQPTPDELHFLSKHFCTTESIATENRCRNTPMRPRSRSLSPGRSPACCD, 145.49, 61.4, 1.31, IDR_1, 530, 567, EEMAHLGNYDSGTAETPETDESVSSSNASLKLRRKPRE, 41.23, 16.88, 1.15, IDR_2, 860, 1145, PQLESEDDTSYFDTRSEKYHHMETEEEDDTNDEDFNVEIRQFSSCSHRFSKVFSSIDRITQNSAEEKEDSVDKTKSTTLPSTETLSWSSEYSEMQQLSTSNSSDTESNRHKLSSGLLPKLAISTEGEQDEAASCPGDPHEEPGKPALPPEECAQEEPEVTTPASTISSSTLSVGSFSEHLDQINGRSECVDSTDNSSKPSSEPASHMARQRLESTEKKKISGKVTKSLSASALSLMIPGDMFAVSPLGSPMSPHSLSSDPSSSRDSSPSRDSSAASASPHQPIVIH, 132.56, 57.05, 1.35, IDR_3, 1221, 2623, VSITTTPFENTSIKTGPARRNSYKSRMVRRSKKSKKKESLERRRSLFKKLAKQPSPLLHTSRSFSCLNRSLSSGESLPGSPTHSLSPRSPTPSYRSTPDFPSGTNSSQSSSPSSSAPNSPAGSGHIRPSTLHGLAPKLGGQRYRSGRRKSAGNIPLSPLARTPSPTPQPTSPQRSPSPLLGHSLGNSKIAQAFPSKMHSPPTIVRHIVRPKSAEPPRSPLLKRVQSEEKLSPSYGSDKKHLCSRKHSLEVTQEEVQREQSQREAPLQSLDENVCDVPPLSRARPVEQGCLKRPVSRKVGRQESVDDLDRDKLKAKVVVKKADGFPEKQESHQKSHGPGSDLENFALFKLEEREKKVYPKAVERSSTFENKASMQEAPPLGSLLKDALHKQASVRASEGAMSDGRVPAEHRQGGGDFRRAPAPGTLQDGLCHSLDRGISGKGEGTEKSSQAKELLRCEKLDSKLANIDYLRKKMSLEDKEDNLCPVLKPKMTAGSHECLPGNPVRPTGGQQEPPPASESRAFVSSTHAAQMSAVSFVPLKALTGRVDSGTEKPGLVAPESPVRKSPSEYKLEGRSVSCLKPIEGTLDIALLSGPQASKTELPSPESAQSPSPSGDVRASVPPVLPSSSGKKNDTTSARELSPSSLKMNKSYLLEPWFLPPSRGLQNSPAVSLPDPEFKRDRKGPHPTARSPGTVMESNPQQREGSSPKHQDHTTDPKLLTCLGQNLHSPDLARPRCPLPPEASPSREKPGLRESSERGPPTARSERSAARADTCREPSMELCFPETAKTSDNSKNLLSVGRTHPDFYTQTQAMEKAWAPGGKTNHKDGPGEARPPPRDNSSLHSAGIPCEKELGKVRRGVEPKPEALLARRSLQPPGIESEKSEKLSSFPSLQKDGAKEPERKEQPLQRHPSSIPPPPLTAKDLSSPAARQHCSSPSHASGREPGAKPSTAEPSSSPQDPPKPVAAHSESSSHKPRPGPDPGPPKTKHPDRSLSSQKPSVGATKGKEPATQSLGGSSREGKGHSKSGPDVFPATPGSQNKASDGIGQGEGGPSVPLHTDRAPLDAKPQPTSGGRPLEVLEKPVHLPRPGHPGPSEPADQKLSAVGEKQTLSPKHPKPSTVKDCPTLCKQTDNRQTDKSPSQPAANTDRRAEGKKCTEALYAPAEGDKLEAGLSFVHSENRLKGAERPAAGVGKGFPEARGKGPGPQKPPTEADKPNGMKRSPSATGQSSFRSTALPEKSLSCSSSFPETRAGVREASAASSDTSSAKAAGGMLELPAPSNRDHRKAQPAGEGRTHMTKSDSLPSFRVSTLPLESHHPDPNTMGGASHRDRALSVTATVGETKGKDPAPAQPPPARKQNVGRDVTKPSPAPNTDRPISLSNEKDFVVRQRRGKESLRSSPHKKAL, 336.36, 140.95, 1.54
550, Q9UIF8, BAZ2B_HUMAN Bromodomain adjacent to zinc finger domain protein 2B, 1423, IDR_0, 1, 743, MESGERLPSSAASSTTPTSSSTPSVASVVSKGGLSTGVASLSSTINPCGHLFRTAGDQPFNLSTVSSAFPMVSHPVFGLHSASSGHSEFGGLGTLGTPTALAAHPQLASFPGAEWWRTTDAHTRTGATFFPPLLGIPPLFAPPAQNHDSSSFHSRTSGKSNRNGPEKGVNGSINGSNTSSVIGINTSVLSTTASSSMGQTKSTSSGGGNRKCNQEQSKNQPLDARVDKIKDKKPRKKAMESSSNSDSDSGTSSDTSSEGISSSDSDDLEEDEEEEDQSIEESEDDDSDSESEAQHKSNNQVLLHGISDPKADGQKATEKAQEKRIHQPLPLASESQTHSFQSQQKQPQVLSQQLPFIFQSSQAKEESVNKHTSVIQSTGLVSNVKPLSLVNQAKKETYMKLIVPSPDVLKAGNKNTSEESSLLTSELRSKREQYKQAFPSQLKKQESSKSLKKVIAALSNPKATSSSPAHPKQTLENNHPNPFLTNALLGNHQPNGVIQSVIQEAPLALTTKTKMQSKINENIAAASSTPFSSPVNLSTSGRRTPGNQTPVMPSASPILHSQGKEKAVSNNVNPVKTQHHSHPAKSLVEQFRGTDSDIPSSKDSEDSNEDEEEDDEEEDEEDDEDDESDDSQSESDSNSESDTEGSEEEDDDDKDQDESDSDTEGEKTSMKLNKTTSSVKSPSMSLTGHSTPRNLHIAKAPGSAPAALCSESQSPAFLGTSSSTLTSSPHSGTSKRRRVTDER, 216.55, 91.64, 1.36, IDR_1, 840, 876, AMEGRRGRPPNPDRQRAREESRMRRRKGRPPNVGNAE, 43.87, 18.13, 1.24, IDR_2, 1021, 1071, RKKAEEKERLKQEKRDEKRLNKERKLEQRRLELEMAKELKKPNEDMCLADQ, 49.22, 20.89, 1.18, IDR_3, 1260, 1345, AKKTGKRDTSGGIDLGEEQHPLGTPTPGRKRRRKGGDSDYDDDDDDDSDDQGDEDDEDEEDKEDKKGKKTDICEDEDEGDQAASVE, 61.91, 26.26, 1.15, IDR_4, 1418, 1711, KAESVQIKEEMFETSGDSLNCSNTDHCEQKEDLKEKDNTNLFLQKPGSFSKLSKLLEVAKMPPESEVMTPKPNAGANGCTLSYQNSGKHSLGSVQSTATQSNVEKADSNNLFNTGSSGPGKFYSPLPNDQLLKTLTEKNRQWFSLLPRTPCDDTSLTHADMSTASLVTPQSQPPSKSPSPTPAPLGSSAQNPVGLNPFALSPLQVKGGVSMMGLQFCGWPTGVVTSNIPFTSSVPSLGSGLGLSEGNGNSFLTSNVASSKSESPVPQNEKATSAQPAAVEVAKPVDFPSPKPIP, 138.03, 57.72, 1.38, IDR_5, 1849, 1868, GEFTGEDESSAHALERKSDN, 27.3, 10.99, 1.05, IDR_6, 1993, 2064, HVKGKKTNESKKGKKVTLTGDTEDEDSASTSSSLKRGNKDLKKRKMEENTSINLSKQESFTSVKKPKRDDSK, 61.0, 24.87, 1.24
551, P78364, PHC1_HUMAN Polyhomeotic-like protein 1, 1409, IDR_0, 1, 26, METESEQNSNSTNGSSSSGGSSRPQI, 33.27, 13.29, 1.13, IDR_1, 75, 793, QATIAASRQASSPNTSTTQQQTTTTQASINLATTSAAQLISRSQSVSSPSATTLTQSVLLGNTTSPPLNQSQAQMYLRPQLGNLLQVNRTLGRNVPLASQLILMPNGAVAAVQQEVPSAQSPGVHADADQVQNLAVRNQQASAQGPQMQGSTQKAIPPGASPVSSLSQASSQALAVAQASSGATNQSLNLSQAGGGSGNSIPGSMGPGGGGQAHGGLGQLPSSGMGGGSCPRKGTGVVQPLPAAQTVTVSQGSQTEAESAAAKKAEADGSGQQNVGMNLTRTATPAPSQTLISSATYTQIQPHSLIQQQQQIHLQQKQVVIQQQIAIHHQQQFQHRQSQLLHTATHLQLAQQQQQQQQQQQQQQQPQATTLTAPQPPQVPPTQQVPPSQSQQQAQTLVVQPMLQSSPLSLPPDAAPKPPIPIQSKPPVAPIKPPQLGAAKMSAAQQPPPHIPVQVVGTRQPGTAQAQALGLAQLAAAVPTSRGMPGTVQSGQAHLASSPPSSQAPGALQECPPTLAPGMTLAPVQGTAHVVKGGATTSSPVVAQVPAAFYMQSVHLPGKPQTLAVKRKADSEEERDDVSTLGSMLPAKASPVAESPKVMDEKSSLGEKAESVANVNANTPSSELVALTPAPSVPPPTLAMVSRQMGDSKPPQAIVKPQILTHIIEGFVIQEGAEPFPVGCSQLLKESEKPLQTGLPTGLTENQSGGPLGVDSPSAELDK, 229.27, 95.19, 1.47, IDR_2, 853, 932, VRRRGPRRSSSDIARAKIQGKCHRGQEDSSRGSDNSSYDEALSPTSPGPLSVRAGHGERDLGNPNTAPPTPELHGINPVF, 62.61, 26.33, 1.2
552, Q5H9F3, BCORL_HUMAN BCL-6 corepressor-like protein 1, 1356, IDR_0, 1, 1430, MISTAPLYSGVHNWTSSDRIRMCGINEERRAPLSDEESTTGDCQHFGSQEFCVSSSFSKVELTAVGSGSNARGADPDGSATEKLGHKSEDKPDDPQPKMDYAGNVAEAEGFLVPLSSPGDGLKLPASDSAEASNSRADCSWTPLNTQMSKQVDCSPAGVKALDSRQGVGEKNTFILATLGTGVPVEGTLPLVTTNFSPLPAPICPPAPGSASVPHSVPDAFQVPLSVPAPVPHSGLVPVQVATSVPAPSPPLAPVPALAPAPPSVPTLISDSNPLSVSASVLVPVPASAPPSGPVPLSAPAPAPLSVPVSAPPLALIQAPVPPSAPTLVLAPVPTPVLAPMPASTPPAAPAPPSVPMPTPTPSSGPPSTPTLIPAFAPTPVPAPTPAPIFTPAPTPMPAATPAAIPTSAPIPASFSLSRVCFPAAQAPAMQKVPLSFQPGTVLTPSQPLVYIPPPSCGQPLSVATLPTTLGVSSTLTLPVLPSYLQDRCLPGVLASPELRSYPYAFSVARPLTSDSKLVSLEVNRLPCTSPSGSTTTQPAPDGVPGPLADTSLVTASAKVLPTPQPLLPAPSGSSAPPHPAKMPSGTEQQTEGTSVTFSPLKSPPQLEREMASPPECSEMPLDLSSKSNRQKLPLPNQRKTPPMPVLTPVHTSSKALLSTVLSRSQRTTQAAGGNVTSCLGSTSSPFVIFPEIVRNGDPSTWVKNSTALISTIPGTYVGVANPVPASLLLNKDPNLGLNRDPRHLPKQEPISIIDQGEPKGTGATCGKKGSQAGAEGQPSTVKRYTPARIAPGLPGCQTKELSLWKPTGPANIYPRCSVNGKPTSTQVLPVGWSPYHQASLLSIGISSAGQLTPSQGAPIRPTSVVSEFSGVPSLSSSEAVHGLPEGQPRPGGSFVPEQDPVTKNKTCRIAAKPYEEQVNPVLLTLSPQTGTLALSVQPSGGDIRMNQGPEESESHLCSDSTPKMEGPQGACGLKLAGDTKPKNQVLATYMSHELVLATPQNLPKMPELPLLPHDSHPKELILDVVPSSRRGSSTERPQLGSQVDLGRVKMEKVDGDVVFNLATCFRADGLPVAPQRGQAEVRAKAGQARVKQESVGVFACKNKWQPDDVTESLPPKKMKCGKEKDSEEQQLQPQAKAVVRSSHRPKCRKLPSDPQESTKKSPRGASDSGKEHNGVRGKHKHRKPTKPESQSPGKRADSHEEGSLEKKAKSSFRDFIPVVLSTRTRSQSGSICSSFAGMADSDMGSQEVFPTEEEEEVTPTPAKRRKVRKTQRDTQYRSHHAQDKSLLSQGRRHLWRAREMPWRTEAARQMWDTNEEEEEEEEEGLLKRKKRRRQKSRKYQTGEYLTEQEDEQRRKGRADLKARKQKTSSSQSLEHRLRNRNLLLPNKVQGISDSPNGFLPNNLEEPACLENSEKPSGKRKCKTKHMATV, 337.9, 145.83, 1.53, IDR_1, 1571, 1597, FACDLLHNPPGSSDQEGDDPMEEDDFM, 38.02, 15.09, 1.25, IDR_2, 1665, 1711, LLTPAERPGGLDDRSPPGSSETVELVRYEPDLLRLLGSEVEFQSCNS, 49.45, 20.61, 1.24
553, Q14686, NCOA6_HUMAN Nuclear receptor coactivator 6, 1347, IDR_0, 1, 42, MVLDDLPNLEDIYTSLCSSTMEDSEMDFDSGLEDDDTKSDSI, 47.45, 19.4, 1.25, IDR_1, 144, 2063, SQDVRMNGPMGAGNSVRMEAGFPMASGPGIIRMNNPATVMIPPGGNVSSSMMAPGPNPELQPRTPRPASQSDAMDPLLSGLHIQQQSHPSGSLAPPHHPMQPVSVNRQMNPANFPQLQQQQQQQQQQQQQQQQQQQQQQQQQLQARPPQQHQQQQPQGIRPQFTAPTQVPVPPGWNQLPSGALQPPPAQGSLGTMTANQGWKKAPLPGPMQQQLQARPSLATVQTPSHPPPPYPFGSQQASQAHTNFPQMSNPGQFTAPQMKSLQGGPSRVPTPLQQPHLTNKSPASSPSSFQQGSPASSPTVNQTQQQMGPRPPQNNPLPQGFQQPVSSPGRNPMVQQGNVPPNFMVMQQQPPNQGPQSLHPGLGGMPKRLPPGFSAGQANPNFMQGQVPSTTATTPGNSGAPQLQANQNVQHAGGQGAGPPQNQMQVSHGPPNMMQPSLMGIHGNMNNQQAGTSGVPQVNLSNMQGQPQQGPPSQLMGMHQQIVPSQGQMVQQQGTLNPQNPMILSRAQLMPQGQMMVNPPSQNLGPSPQRMTPPKQMLSQQGPQMMAPHNQMMGPQGQVLLQQNPMIEQIMTNQMQGNKQQFNTQNQSNVMPGPAQIMRGPTPNMQGNMVQFTGQMSGQMLPQQGPVNNSPSQVMGIQGQVLRPPGPSPHMAQQHGDPATTANNDVSLSQMMPDVSIQQTNMVPPHVQAMQGNSASGNHFSGHGMSFNAPFSGAPNGNQMSCGQNPGFPVNKDVTLTSPLLVNLLQSDISAGHFGVNNKQNNTNANKPKKKKPPRKKKNSQQDLNTPDTRPAGLEEADQPPLPGEQGINLDNSGPKLPEFSNRPPGYPSQPVEQRPLQQMPPQLMQHVAPPPQPPQQQPQPQLPQQQQPPPPSQPQSQQQQQQQQQMMMMLMMQQDPKSVRLPVSQNVHPPRGPLNPDSQRMPMQQSGSVPVMVSLQGPASVPPSPDKQRMPMPVNTPLGSNSRKMVYQESPQNPSSSPLAEMASLPEASGSEAPSVPGGPNNMPSHVVLPQNQLMMTGPKPGPSPLSATQGATPQQPPVNSLPSSHGHHFPNVAAPTQTSRPKTPNRASPRPYYPQTPNNRPPSTEPSEISLSPERLNASIAGLFPPQINIPLPPRPNLNRGFDQQGLNPTTLKAIGQAPSNLTMNPSNFATPQTHKLDSVVVNSGKQSNSGATKRASPSNSRRSSPGSSRKTTPSPGRQNSKAPKLTLASQTNAALLQNVELPRNVLVSPTPLANPPVPGSFPNNSGLNPQNSTVSVAAVGGVVEDNKESLNVPQDSDCQNSQSRKEQVNIELKAVPAQEVKMVVPEDQSKKDGQPSDPNKLPSVEENKNLVSPAMREAPTSLSQLLDNSGAPNVTIKPPGLTDLEVTPPVVSGEDLKKASVIPTLQDLSSSKEPSNSLNLPHSNELCSSLVHPELSEVSSNVAPSIPPVMSRPVSSSSISTPLPPNQITVFVTSNPITTSANTSAALPTHLQSALMSTVVTMPNAGSKVMVSEGQSAAQSNARPQFITPVFINSSSIIQVMKGSQPSTIPAAPLTTNSGLMPPSVAVVGPLHIPQNIKFSSAPVPPNALSSSPAPNIQTGRPLVLSSRATPVQLPSPPCTSSPVVPSHPPVQQVKELNPDEASPQVNTSADQNTLPSSQSTTMVSPLLTNSPGSSGNRRSPVSSSKGKGKVDKIGQILLTKACKKVTGSLEKGEEQYGADGETEGQGLDTTAPGLMGTEQLSTELDSKTPTPPAPTLLKMTSSPVGPGTASAGPSLPGGALPTSVRSIVTTLVPSELISAVPTTKSNHGGIASESLAGGLVEEKVGSHPELLPSIAPSQNLVSKETSTTALQASVARPELEVNAAIVSGQSSEPKEIVEKSKIPGRRNSRTEEPTVASESVENGHRKRSSRPASASSSTKDITSAVQSKRRKSK, 362.43, 155.48, 1.42
554, Q8TF40, FNIP1_HUMAN Folliculin-interacting protein 1, 1333, IDR_0, 1, 326, MAPTLFQKLFSKRTGLGAPGRDARDPDCGFSWPLPEFDPSQIRLIVYQDCERRGRNVLFDSSVKRRNEDISVSKLGSDAQVKVFGKCCQLKPGGDSSSSLDSSVTSSSDIKDQCLKYQGSRCSSDANMLGEMMFGSVAMSYKGSTLKIHQIRSPPQLMLSKVFTARTGSSICGSLNTLQDSLEFINQDNNTLKADNNTVINGLLGNIGLSQFCSPRRAFSEQGPLRLIRSASFFAVHSNPMDMPGRELNEDRDSGIARSASLSSLLITPFPSPNSSLTRSCASSYQRRWRRSQTTSLENGVFPRWSIEESFNLSDESCGPNPGIVR, 127.84, 55.67, 1.22, IDR_1, 596, 980, LFKESEEIRTPNCNCKYCSHPLLGQNVENISQQEREDIQNSSKELLGISDECQMISPSDCQEENAVDVKQYRDKLRTCFDAKLETVVCTGSVPVDKCALSESGLESTEETWQSEKLLDSDSHTGKAMRSTGMVVEKKPPDKIVPASFSCEAAQTKVTFLIGDSMSPDSDTELRSQAVVDQITRHHTKPLKEERGAIDQHQETKQTTKDQSGESDTQNMVSEEPCELPCWNHSDPESMSLFDEYFNDDSIETRTIDDVPFKTSTDSKDHCCMLEFSKILCTKNNKQNNEFCKCIETVPQDSCKTCFPQQDQRDTLSILVPHGDKESSDKKIAVGTEWDIPRNESSDSALGDSESEDTGHDMTRQVSSYYGGEQEDWAEEDEIPFPG, 154.16, 65.76, 1.35
555, Q9Y2K2, SIK3_HUMAN Serine/threonine-protein kinase SIK3, 1295, IDR_0, 1, 61, MAAAAASGAGGAAGAGTGGAGPAGRLLPPPAPGSPAAPAAVSPAAGQPRPPAPASRGPMPA, 60.1, 24.91, 1.31, IDR_1, 394, 630, LGALPSMPRALAFQAPVNIQAEQAGTAMNISVPQVQLINPENQIVEPDGTLNLDSDEGEEPSPEALVRYLSMRRHTVGVADPRTEVMEDLQKLLPGFPGVNPQAPFLQVAPNVNFMHNLLPMQNLQPTGQLEYKEQSLLQPPTLQLLNGMGPLGRRASDGGANIQLHAQQLLKRPRGPSPLVTMTPAVPAVTPVDEESSDGEPDQEAVQSSTYKDSNTLHLPTERFSPVRRFSDGAA, 119.66, 50.21, 1.33, IDR_2, 684, 1321, EQHHQILQQQIQDSICPPQPSPPLQAACENQPALLTHQLQRLRIQPSSPPPNHPNNHLFRQPSNSPPPMSSAMIQPHGAASSSQFQGLPSRSAIFQQQPENCSSPPNVALTCLGMQQPAQSQQVTIQVQEPVDMLSNMPGTAAGSSGRGISISPSAGQMQMQHRTNLMATLSYGHRPLSKQLSADSAEAHSLNVNRFSPANYDQAHLHPHLFSDQSRGSPSSYSPSTGVGFSPTQALKVPPLDQFPTFPPSAHQQPPHYTTSALQQALLSPTPPDYTRHQQVPHILQGLLSPRHSLTGHSDIRLPPTEFAQLIKRQQQQRQQQQQQQQQQEYQELFRHMNQGDAGSLAPSLGGQSMTERQALSYQNADSYHHHTSPQHLLQIRAQECVSQASSPTPPHGYAHQPALMHSESMEEDCSCEGAKDGFQDSKSSSTLTKGCHDSPLLLSTGGPGDPESLLGTVSHAQELGIHPYGHQPTAAFSKNKVPSREPVIGNCMDRSSPGQAVELPDHNGLGYPARPSVHEHHRPRALQRHHTIQNSDDAYVQLDNLPGMSLVAGKALSSARMSDAVLSQSSLMGSQQFQDGENEECGASLGGHEHPDLSDGSQHLNSSCYPSTCITDILLSYKHPEVSFSMEQAGV, 170.06, 73.82, 1.16
556, Q9UPU9, SMAG1_HUMAN Protein Smaug homolog 1, 1278, IDR_0, 153, 328, RTSTSFGGQNRGRSDSVDYGQTHYYHQRQNSDDKLNGWQNSRDSGICINASNWQDKSMGCENGHVPLYSSSSVPTTINTIGTSTSTILSGQAHHSPLKRSVSLTPPMNVPNQPLGHGWMSHEDLRARGPQCLPSDHAPLSPQSSVASSGSGGSEHLEDQTTARNTFQEEGSGMKDV, 89.48, 38.83, 1.16, IDR_1, 413, 494, TPIKAYSSPSTTPEARRREPQAPRQPSLMGPESQSPDCKDGAAATGATATPSAGASGGLQPHQLSSCDGELAVAPLPEGDLP, 69.26, 28.45, 1.31, IDR_2, 559, 718, KTLLDISGYRQQRNRGFGQSNSLPTAGSVGGGMGRRNPRQYQIPSRNVPSARLGLLGTSGFVSSNQRNTTATPTIMKQGRQNLWFANPGGSNSMPSRTHSSVQRTRSLPVHTSPQNMLMFQQPEFQLPVTEPDINNRLESLCLSMTEHALGDGVDRTSTI, 87.89, 37.45, 1.2
557, Q9Y6X2, PIAS3_HUMAN E3 SUMO-protein ligase PIAS3, 1259, IDR_0, 65, 127, FPRKTLGPSDLSLLSLPPGTSPVGSPGPLAPIPPTLLAPGTLLGPKREVDMHPPLPQPVHPDV, 63.51, 26.16, 1.37, IDR_1, 229, 241, TKNGAEPKRPSRP, 24.38, 9.55, 1.16, IDR_2, 406, 628, CPMKPKKEASEVCPPPGYGLDGLQYSPVQGGDPSENKKKVEVIDLTIESSSDEEDLPPTKKHCSVTSAAIPALPGSKGVLTSGHQPSSVLRSPAMGTLGGDFLSSLPLHEYPPAFPLGADIQGLDLFSFLQTESQHYGPSVITSLDEQDALGHFFQYRGTPSHFLGPLAPTLGSSHCSATPAPPPGRVSSIVAPGGALREGHGGPLPSGPSLTGCRSDIISLD, 115.58, 47.9, 1.33
