patch_centroid_x,patch_centroid_y,patch_centroid_z,patch_mean_q_sampled,distance_to_sampled_patch_node
-14.76838,66.13958,61.08644,20.18776,65.34696
-14.76838,66.13958,61.08644,20.18776,64.68018
-14.76838,66.13958,61.08644,20.18776,59.51968
-14.76838,66.13958,61.08644,20.18776,55.5574
-14.76838,66.13958,61.08644,20.18776,52.85385
-14.76838,66.13958,61.08644,20.18776,62.22515
-14.76838,66.13958,61.08644,20.18776,46.79846
-14.76838,66.13958,61.08644,20.18776,51.25294
-14.76838,66.13958,61.08644,20.18776,60.67287
-14.76838,66.13958,61.08644,20.18776,53.88916
-14.76838,66.13958,61.08644,20.18776,51.60305
-14.76838,66.13958,61.08644,20.18776,46.15488
-14.76838,66.13958,61.08644,20.18776,50.57481
-14.76838,66.13958,61.08644,20.18776,44.42942
-14.76838,66.13958,61.08644,20.18776,59.26358
-14.76838,66.13958,61.08644,20.18776,70.82162
-14.76838,66.13958,61.08644,20.18776,57.62658
-14.76838,66.13958,61.08644,20.18776,54.70657
-14.76838,66.13958,61.08644,20.18776,47.01909
-14.76838,66.13958,61.08644,20.18776,51.93089
-14.76838,66.13958,61.08644,20.18776,75.08886
-14.76838,66.13958,61.08644,20.18776,51.14995
-14.76838,66.13958,61.08644,20.18776,75.37878
-14.76838,66.13958,61.08644,20.18776,62.624
-14.76838,66.13958,61.08644,20.18776,43.50994
-14.76838,66.13958,61.08644,20.18776,46.39112
-14.76838,66.13958,61.08644,20.18776,46.56328
-14.76838,66.13958,61.08644,20.18776,44.31716
-14.76838,66.13958,61.08644,20.18776,59.12884
-14.76838,66.13958,61.08644,20.18776,54.46694
-14.76838,66.13958,61.08644,20.18776,54.80466
-14.76838,66.13958,61.08644,20.18776,51.04745
-14.76838,66.13958,61.08644,20.18776,59.14627
-14.76838,66.13958,61.08644,20.18776,43.80528
-14.76838,66.13958,61.08644,20.18776,41.45109
-14.76838,66.13958,61.08644,20.18776,42.54575
-14.76838,66.13958,61.08644,20.18776,48.66538
-14.76838,66.13958,61.08644,20.18776,54.73297
-14.76838,66.13958,61.08644,20.18776,76.12862
-14.76838,66.13958,61.08644,20.18776,48.26829
-14.76838,66.13958,61.08644,20.18776,62.40024
-14.76838,66.13958,61.08644,20.18776,58.82823
-14.76838,66.13958,61.08644,20.18776,60.94024
-14.76838,66.13958,61.08644,20.18776,50.10497
-14.76838,66.13958,61.08644,20.18776,45.87873
-14.76838,66.13958,61.08644,20.18776,61.0612
-14.76838,66.13958,61.08644,20.18776,57.6931
-14.76838,66.13958,61.08644,20.18776,56.09684
-14.76838,66.13958,61.08644,20.18776,44.32093
-14.76838,66.13958,61.08644,20.18776,48.54735
-14.76838,66.13958,61.08644,20.18776,74.75732
-14.76838,66.13958,61.08644,20.18776,57.82732
-14.76838,66.13958,61.08644,20.18776,49.45799
-14.76838,66.13958,61.08644,20.18776,49.7133
-14.76838,66.13958,61.08644,20.18776,59.00419
-14.76838,66.13958,61.08644,20.18776,57.77228
-14.76838,66.13958,61.08644,20.18776,48.51321
-14.76838,66.13958,61.08644,20.18776,48.22878
-14.76838,66.13958,61.08644,20.18776,47.51459
-14.76838,66.13958,61.08644,20.18776,50.08993
-14.76838,66.13958,61.08644,20.18776,53.46197
-14.76838,66.13958,61.08644,20.18776,51.36198
-14.76838,66.13958,61.08644,20.18776,72.15598
-14.76838,66.13958,61.08644,20.18776,71.12455
-14.76838,66.13958,61.08644,20.18776,70.42858
-14.76838,66.13958,61.08644,20.18776,46.00077
-14.76838,66.13958,61.08644,20.18776,73.0803
-14.76838,66.13958,61.08644,20.18776,68.17747
-14.76838,66.13958,61.08644,20.18776,57.21731
-14.76838,66.13958,61.08644,20.18776,46.73432
-14.76838,66.13958,61.08644,20.18776,53.94247
-14.76838,66.13958,61.08644,20.18776,51.2507
-14.76838,66.13958,61.08644,20.18776,69.01719
-14.76838,66.13958,61.08644,20.18776,57.12906
-14.76838,66.13958,61.08644,20.18776,57.25492
-14.76838,66.13958,61.08644,20.18776,58.6008
-14.76838,66.13958,61.08644,20.18776,53.52471
-14.76838,66.13958,61.08644,20.18776,46.99263
-14.76838,66.13958,61.08644,20.18776,52.57541
-14.76838,66.13958,61.08644,20.18776,51.52611
-14.76838,66.13958,61.08644,20.18776,42.52762
-14.76838,66.13958,61.08644,20.18776,72.5029
-14.76838,66.13958,61.08644,20.18776,47.82082
-14.76838,66.13958,61.08644,20.18776,60.23951
-14.76838,66.13958,61.08644,20.18776,49.51216
-14.76838,66.13958,61.08644,20.18776,53.26545
-14.76838,66.13958,61.08644,20.18776,61.19122
-14.76838,66.13958,61.08644,20.18776,60.90987
-14.76838,66.13958,61.08644,20.18776,62.03679
-14.76838,66.13958,61.08644,20.18776,59.03067
-14.76838,66.13958,61.08644,20.18776,58.42031
-14.76838,66.13958,61.08644,20.18776,44.93898
-14.76838,66.13958,61.08644,20.18776,53.09494
-14.76838,66.13958,61.08644,20.18776,51.03494
-14.76838,66.13958,61.08644,20.18776,60.51192
-14.76838,66.13958,61.08644,20.18776,76.07955
-14.76838,66.13958,61.08644,20.18776,56.61554
-14.76838,66.13958,61.08644,20.18776,73.04633
-14.76838,66.13958,61.08644,20.18776,60.97056
-14.76838,66.13958,61.08644,20.18776,48.88476
-14.76838,66.13958,61.08644,20.18776,53.88453
-14.76838,66.13958,61.08644,20.18776,58.55959
-14.76838,66.13958,61.08644,20.18776,58.21738
-14.76838,66.13958,61.08644,20.18776,43.98625
-14.76838,66.13958,61.08644,20.18776,73.33234
-14.76838,66.13958,61.08644,20.18776,64.51373
-14.76838,66.13958,61.08644,20.18776,74.27843
-14.76838,66.13958,61.08644,20.18776,50.95206
-14.76838,66.13958,61.08644,20.18776,54.92582
-14.76838,66.13958,61.08644,20.18776,64.37673
-14.76838,66.13958,61.08644,20.18776,45.5163
-14.76838,66.13958,61.08644,20.18776,62.43375
-14.76838,66.13958,61.08644,20.18776,52.95798
-14.76838,66.13958,61.08644,20.18776,51.66121
-14.76838,66.13958,61.08644,20.18776,54.89632
-14.76838,66.13958,61.08644,20.18776,73.60627
-14.76838,66.13958,61.08644,20.18776,54.41057
-14.76838,66.13958,61.08644,20.18776,42.86063
-14.76838,66.13958,61.08644,20.18776,49.81835
-14.76838,66.13958,61.08644,20.18776,45.30986
-14.76838,66.13958,61.08644,20.18776,49.06433
-14.76838,66.13958,61.08644,20.18776,48.81973
-14.76838,66.13958,61.08644,20.18776,57.4388
-14.76838,66.13958,61.08644,20.18776,45.26022
-14.76838,66.13958,61.08644,20.18776,47.50156
-14.76838,66.13958,61.08644,20.18776,42.78581
-14.76838,66.13958,61.08644,20.18776,46.9311
-14.76838,66.13958,61.08644,20.18776,43.57422
-14.76838,66.13958,61.08644,20.18776,48.12004
-14.76838,66.13958,61.08644,20.18776,45.51074
-14.76838,66.13958,61.08644,20.18776,54.40409
-14.76838,66.13958,61.08644,20.18776,57.20776
-14.76838,66.13958,61.08644,20.18776,54.70392
-14.76838,66.13958,61.08644,20.18776,41.91467
-14.76838,66.13958,61.08644,20.18776,47.0894
-14.76838,66.13958,61.08644,20.18776,49.20353
-14.76838,66.13958,61.08644,20.18776,58.88349
-14.76838,66.13958,61.08644,20.18776,49.51725
-14.76838,66.13958,61.08644,20.18776,53.70234
-14.76838,66.13958,61.08644,20.18776,62.27778
-14.76838,66.13958,61.08644,20.18776,54.7986
-14.76838,66.13958,61.08644,20.18776,63.65749
-14.76838,66.13958,61.08644,20.18776,73.08167
-14.76838,66.13958,61.08644,20.18776,61.89094
-14.76838,66.13958,61.08644,20.18776,54.61934
-14.76838,66.13958,61.08644,20.18776,52.70105
-14.76838,66.13958,61.08644,20.18776,58.86021
-14.76838,66.13958,61.08644,20.18776,49.59172
-14.76838,66.13958,61.08644,20.18776,60.5024
-14.76838,66.13958,61.08644,20.18776,60.91467
-14.76838,66.13958,61.08644,20.18776,42.94819
-14.76838,66.13958,61.08644,20.18776,65.02365
-14.76838,66.13958,61.08644,20.18776,50.03239
-14.76838,66.13958,61.08644,20.18776,67.11714
-14.76838,66.13958,61.08644,20.18776,60.96154
-14.76838,66.13958,61.08644,20.18776,52.12032
-14.76838,66.13958,61.08644,20.18776,55.3115
-14.76838,66.13958,61.08644,20.18776,43.32455
-14.76838,66.13958,61.08644,20.18776,45.58941
-14.76838,66.13958,61.08644,20.18776,49.96038
-14.76838,66.13958,61.08644,20.18776,51.47181
-14.76838,66.13958,61.08644,20.18776,74.907
-14.76838,66.13958,61.08644,20.18776,49.70208
-14.76838,66.13958,61.08644,20.18776,52.06731
-14.76838,66.13958,61.08644,20.18776,72.33976
-14.76838,66.13958,61.08644,20.18776,56.62328
-14.76838,66.13958,61.08644,20.18776,56.92558
-14.76838,66.13958,61.08644,20.18776,58.99562
-14.76838,66.13958,61.08644,20.18776,40.62266
-14.76838,66.13958,61.08644,20.18776,61.61471
-14.76838,66.13958,61.08644,20.18776,60.54552
-14.76838,66.13958,61.08644,20.18776,51.42023
-14.76838,66.13958,61.08644,20.18776,60.46857
-14.76838,66.13958,61.08644,20.18776,59.0304
-14.76838,66.13958,61.08644,20.18776,58.51191
-14.76838,66.13958,61.08644,20.18776,46.58952
-14.76838,66.13958,61.08644,20.18776,47.75799
-14.76838,66.13958,61.08644,20.18776,73.10289
-14.76838,66.13958,61.08644,20.18776,50.21671
-14.76838,66.13958,61.08644,20.18776,45.53741
-14.76838,66.13958,61.08644,20.18776,62.64589
-14.76838,66.13958,61.08644,20.18776,51.17028
-14.76838,66.13958,61.08644,20.18776,46.97606
-14.76838,66.13958,61.08644,20.18776,55.15557
-14.76838,66.13958,61.08644,20.18776,44.79643
-14.76838,66.13958,61.08644,20.18776,58.35196
-14.76838,66.13958,61.08644,20.18776,54.85347
-14.76838,66.13958,61.08644,20.18776,50.70505
-14.76838,66.13958,61.08644,20.18776,43.80676
-14.76838,66.13958,61.08644,20.18776,49.18009
-14.76838,66.13958,61.08644,20.18776,74.79776
-14.76838,66.13958,61.08644,20.18776,50.27733
-14.76838,66.13958,61.08644,20.18776,54.66433
-14.76838,66.13958,61.08644,20.18776,74.23839
-14.76838,66.13958,61.08644,20.18776,52.52573
-14.76838,66.13958,61.08644,20.18776,46.48409
-14.76838,66.13958,61.08644,20.18776,42.92185
-14.76838,66.13958,61.08644,20.18776,60.79972
-14.76838,66.13958,61.08644,20.18776,59.95812
-14.76838,66.13958,61.08644,20.18776,73.19886
-14.76838,66.13958,61.08644,20.18776,57.83062
-14.76838,66.13958,61.08644,20.18776,59.54092
-14.76838,66.13958,61.08644,20.18776,75.21629
-14.76838,66.13958,61.08644,20.18776,75.17632
-14.76838,66.13958,61.08644,20.18776,65.9258
-14.76838,66.13958,61.08644,20.18776,47.40397
-14.76838,66.13958,61.08644,20.18776,64.26981
-14.76838,66.13958,61.08644,20.18776,53.14098
-14.76838,66.13958,61.08644,20.18776,56.66296
-14.76838,66.13958,61.08644,20.18776,45.30561
-14.76838,66.13958,61.08644,20.18776,57.26021
-14.76838,66.13958,61.08644,20.18776,58.58709
-14.76838,66.13958,61.08644,20.18776,49.46374
-14.76838,66.13958,61.08644,20.18776,62.89794
-14.76838,66.13958,61.08644,20.18776,72.77835
-14.76838,66.13958,61.08644,20.18776,45.87729
-14.76838,66.13958,61.08644,20.18776,52.56481
-14.76838,66.13958,61.08644,20.18776,57.87436
-14.76838,66.13958,61.08644,20.18776,60.33152
-14.76838,66.13958,61.08644,20.18776,61.20272
-14.76838,66.13958,61.08644,20.18776,49.10672
-14.76838,66.13958,61.08644,20.18776,51.33913
-14.76838,66.13958,61.08644,20.18776,50.60117
-14.76838,66.13958,61.08644,20.18776,63.60482
-14.76838,66.13958,61.08644,20.18776,56.92116
-14.76838,66.13958,61.08644,20.18776,63.10617
-14.76838,66.13958,61.08644,20.18776,47.97041
-14.76838,66.13958,61.08644,20.18776,60.27948
-14.76838,66.13958,61.08644,20.18776,49.90197
-14.76838,66.13958,61.08644,20.18776,49.57222
-14.76838,66.13958,61.08644,20.18776,50.22826
-14.76838,66.13958,61.08644,20.18776,64.59007
-14.76838,66.13958,61.08644,20.18776,52.27464
-14.76838,66.13958,61.08644,20.18776,47.3037
-14.76838,66.13958,61.08644,20.18776,48.66436
-14.76838,66.13958,61.08644,20.18776,67.45541
-14.76838,66.13958,61.08644,20.18776,70.8878
-14.76838,66.13958,61.08644,20.18776,50.4553
-14.76838,66.13958,61.08644,20.18776,75.62012
-14.76838,66.13958,61.08644,20.18776,51.45891
-14.76838,66.13958,61.08644,20.18776,56.67545
-14.76838,66.13958,61.08644,20.18776,49.42018
-14.76838,66.13958,61.08644,20.18776,65.10867
-14.76838,66.13958,61.08644,20.18776,51.38106
-14.76838,66.13958,61.08644,20.18776,59.68517
-14.76838,66.13958,61.08644,20.18776,50.33494
-14.76838,66.13958,61.08644,20.18776,51.77819
-14.76838,66.13958,61.08644,20.18776,51.10767
-14.76838,66.13958,61.08644,20.18776,59.67359
-14.76838,66.13958,61.08644,20.18776,55.10229
-14.76838,66.13958,61.08644,20.18776,43.45748
-14.76838,66.13958,61.08644,20.18776,59.50226
-14.76838,66.13958,61.08644,20.18776,46.76989
-14.76838,66.13958,61.08644,20.18776,41.9477
-14.76838,66.13958,61.08644,20.18776,56.83185
-14.76838,66.13958,61.08644,20.18776,59.89134
-14.76838,66.13958,61.08644,20.18776,58.98441
-14.76838,66.13958,61.08644,20.18776,58.00962
-14.76838,66.13958,61.08644,20.18776,50.9488
-14.76838,66.13958,61.08644,20.18776,58.14468
-14.76838,66.13958,61.08644,20.18776,58.41253
-14.76838,66.13958,61.08644,20.18776,58.21906
-14.76838,66.13958,61.08644,20.18776,62.2059
-14.76838,66.13958,61.08644,20.18776,50.32331
-14.76838,66.13958,61.08644,20.18776,48.46655
-14.76838,66.13958,61.08644,20.18776,56.49194
-14.76838,66.13958,61.08644,20.18776,51.53439
-14.76838,66.13958,61.08644,20.18776,58.40935
-14.76838,66.13958,61.08644,20.18776,56.39748
-14.76838,66.13958,61.08644,20.18776,74.56247
-14.76838,66.13958,61.08644,20.18776,44.61897
-14.76838,66.13958,61.08644,20.18776,72.85696
-14.76838,66.13958,61.08644,20.18776,49.83672
-14.76838,66.13958,61.08644,20.18776,76.20042
-14.76838,66.13958,61.08644,20.18776,51.11054
-14.76838,66.13958,61.08644,20.18776,70.31708
-14.76838,66.13958,61.08644,20.18776,55.81224
-14.76838,66.13958,61.08644,20.18776,46.34621
-14.76838,66.13958,61.08644,20.18776,74.60418
-14.76838,66.13958,61.08644,20.18776,53.46109
-14.76838,66.13958,61.08644,20.18776,50.9721
-14.76838,66.13958,61.08644,20.18776,50.06636
-14.76838,66.13958,61.08644,20.18776,46.00441
-14.76838,66.13958,61.08644,20.18776,49.11347
-14.76838,66.13958,61.08644,20.18776,57.10387
-14.76838,66.13958,61.08644,20.18776,52.94091
-14.76838,66.13958,61.08644,20.18776,52.30798
-14.76838,66.13958,61.08644,20.18776,47.8294
-14.76838,66.13958,61.08644,20.18776,60.99874
-14.76838,66.13958,61.08644,20.18776,53.96363
-14.76838,66.13958,61.08644,20.18776,49.56286
-14.76838,66.13958,61.08644,20.18776,60.07682
-14.76838,66.13958,61.08644,20.18776,55.44165
-14.76838,66.13958,61.08644,20.18776,55.61405
-14.76838,66.13958,61.08644,20.18776,57.71193
-14.76838,66.13958,61.08644,20.18776,57.08146
-14.76838,66.13958,61.08644,20.18776,53.49282
-14.76838,66.13958,61.08644,20.18776,45.23851
-14.76838,66.13958,61.08644,20.18776,49.70301
-14.76838,66.13958,61.08644,20.18776,57.93869
-14.76838,66.13958,61.08644,20.18776,45.68681
-14.76838,66.13958,61.08644,20.18776,56.86629
-14.76838,66.13958,61.08644,20.18776,56.40476
-14.76838,66.13958,61.08644,20.18776,68.28228
-14.76838,66.13958,61.08644,20.18776,57.92361
-14.76838,66.13958,61.08644,20.18776,54.45359
-14.76838,66.13958,61.08644,20.18776,43.05163
-14.76838,66.13958,61.08644,20.18776,50.82692
-14.76838,66.13958,61.08644,20.18776,76.39733
-14.76838,66.13958,61.08644,20.18776,59.64071
-14.76838,66.13958,61.08644,20.18776,44.39984
-14.76838,66.13958,61.08644,20.18776,49.9023
-14.76838,66.13958,61.08644,20.18776,56.02541
-14.76838,66.13958,61.08644,20.18776,49.17033
-14.76838,66.13958,61.08644,20.18776,50.59115
-14.76838,66.13958,61.08644,20.18776,65.7775
-14.76838,66.13958,61.08644,20.18776,59.91887
-14.76838,66.13958,61.08644,20.18776,51.61204
-14.76838,66.13958,61.08644,20.18776,55.40483
-14.76838,66.13958,61.08644,20.18776,47.32128
-14.76838,66.13958,61.08644,20.18776,56.18776
-14.76838,66.13958,61.08644,20.18776,72.5816
-14.76838,66.13958,61.08644,20.18776,45.13803
-14.76838,66.13958,61.08644,20.18776,50.5689
-14.76838,66.13958,61.08644,20.18776,47.63644
-14.76838,66.13958,61.08644,20.18776,52.94588
-14.76838,66.13958,61.08644,20.18776,53.55883
-14.76838,66.13958,61.08644,20.18776,63.35759
-14.76838,66.13958,61.08644,20.18776,59.99491
-14.76838,66.13958,61.08644,20.18776,43.99972
-14.76838,66.13958,61.08644,20.18776,46.72827
-14.76838,66.13958,61.08644,20.18776,53.08976
-14.76838,66.13958,61.08644,20.18776,56.64087
-14.76838,66.13958,61.08644,20.18776,50.80082
-14.76838,66.13958,61.08644,20.18776,44.60868
-14.76838,66.13958,61.08644,20.18776,43.3353
-14.76838,66.13958,61.08644,20.18776,58.5828
-14.76838,66.13958,61.08644,20.18776,44.12439
-14.76838,66.13958,61.08644,20.18776,64.81857
-14.76838,66.13958,61.08644,20.18776,72.29253
-14.76838,66.13958,61.08644,20.18776,52.53822
-14.76838,66.13958,61.08644,20.18776,66.54839
-14.76838,66.13958,61.08644,20.18776,62.33367
-14.76838,66.13958,61.08644,20.18776,53.07734
-14.76838,66.13958,61.08644,20.18776,73.68211
-14.76838,66.13958,61.08644,20.18776,72.97514
-14.76838,66.13958,61.08644,20.18776,52.75998
-14.76838,66.13958,61.08644,20.18776,46.14404
-14.76838,66.13958,61.08644,20.18776,72.79233
-14.76838,66.13958,61.08644,20.18776,58.1334
-14.76838,66.13958,61.08644,20.18776,73.30237
-14.76838,66.13958,61.08644,20.18776,54.93962
-14.76838,66.13958,61.08644,20.18776,44.63395
-14.76838,66.13958,61.08644,20.18776,55.36715
-14.76838,66.13958,61.08644,20.18776,51.81915
-14.76838,66.13958,61.08644,20.18776,45.54967
-14.76838,66.13958,61.08644,20.18776,53.30575
-14.76838,66.13958,61.08644,20.18776,43.26387
-14.76838,66.13958,61.08644,20.18776,74.12455
-14.76838,66.13958,61.08644,20.18776,54.46348
-14.76838,66.13958,61.08644,20.18776,52.22857
-14.76838,66.13958,61.08644,20.18776,54.94482
-14.76838,66.13958,61.08644,20.18776,48.70588
-14.76838,66.13958,61.08644,20.18776,50.87125
-14.76838,66.13958,61.08644,20.18776,66.83957
-14.76838,66.13958,61.08644,20.18776,57.92101
-14.76838,66.13958,61.08644,20.18776,57.10608
-14.76838,66.13958,61.08644,20.18776,73.86636
-14.76838,66.13958,61.08644,20.18776,48.59317
-14.76838,66.13958,61.08644,20.18776,74.1927
-14.76838,66.13958,61.08644,20.18776,56.05069
-14.76838,66.13958,61.08644,20.18776,55.06581
-14.76838,66.13958,61.08644,20.18776,45.28743
-14.76838,66.13958,61.08644,20.18776,48.90422
-14.76838,66.13958,61.08644,20.18776,46.14116
-14.76838,66.13958,61.08644,20.18776,71.5284
-14.76838,66.13958,61.08644,20.18776,76.8196
-14.76838,66.13958,61.08644,20.18776,49.08643
-14.76838,66.13958,61.08644,20.18776,44.98603
-14.76838,66.13958,61.08644,20.18776,76.57297
-14.76838,66.13958,61.08644,20.18776,60.70829
-14.76838,66.13958,61.08644,20.18776,57.50355
-14.76838,66.13958,61.08644,20.18776,49.86692
-14.76838,66.13958,61.08644,20.18776,53.15039
-14.76838,66.13958,61.08644,20.18776,64.08337
-14.76838,66.13958,61.08644,20.18776,51.40308
-14.76838,66.13958,61.08644,20.18776,45.26032
-14.76838,66.13958,61.08644,20.18776,43.54358
-14.76838,66.13958,61.08644,20.18776,61.26122
-14.76838,66.13958,61.08644,20.18776,60.46745
-14.76838,66.13958,61.08644,20.18776,65.65332
-14.76838,66.13958,61.08644,20.18776,53.09273
-14.76838,66.13958,61.08644,20.18776,50.9119
-14.76838,66.13958,61.08644,20.18776,60.23772
-14.76838,66.13958,61.08644,20.18776,44.5547
-14.76838,66.13958,61.08644,20.18776,69.93433
-14.76838,66.13958,61.08644,20.18776,60.71327
-14.76838,66.13958,61.08644,20.18776,56.488
-14.76838,66.13958,61.08644,20.18776,58.8358
-14.76838,66.13958,61.08644,20.18776,49.79992
-14.76838,66.13958,61.08644,20.18776,57.68861
-14.76838,66.13958,61.08644,20.18776,58.28556
-14.76838,66.13958,61.08644,20.18776,60.27733
-14.76838,66.13958,61.08644,20.18776,75.95707
-14.76838,66.13958,61.08644,20.18776,56.78903
-14.76838,66.13958,61.08644,20.18776,54.31525
-14.76838,66.13958,61.08644,20.18776,59.25927
-14.76838,66.13958,61.08644,20.18776,73.95762
-14.76838,66.13958,61.08644,20.18776,49.85517
-14.76838,66.13958,61.08644,20.18776,54.41571
-14.76838,66.13958,61.08644,20.18776,54.82369
-14.76838,66.13958,61.08644,20.18776,54.42038
-14.76838,66.13958,61.08644,20.18776,43.36641
-14.76838,66.13958,61.08644,20.18776,49.50081
-14.76838,66.13958,61.08644,20.18776,73.82112
-14.76838,66.13958,61.08644,20.18776,54.42094
-14.76838,66.13958,61.08644,20.18776,50.89919
-14.76838,66.13958,61.08644,20.18776,47.33211
-14.76838,66.13958,61.08644,20.18776,52.58018
-14.76838,66.13958,61.08644,20.18776,73.04612
-14.76838,66.13958,61.08644,20.18776,44.15907
-14.76838,66.13958,61.08644,20.18776,44.17011
-14.76838,66.13958,61.08644,20.18776,48.71407
-14.76838,66.13958,61.08644,20.18776,56.6687
-14.76838,66.13958,61.08644,20.18776,47.39745
-14.76838,66.13958,61.08644,20.18776,47.61657
-14.76838,66.13958,61.08644,20.18776,54.73598
-14.76838,66.13958,61.08644,20.18776,77.42091
-14.76838,66.13958,61.08644,20.18776,45.33886
-14.76838,66.13958,61.08644,20.18776,46.62524
-14.76838,66.13958,61.08644,20.18776,44.82565
-14.76838,66.13958,61.08644,20.18776,49.37852
-14.76838,66.13958,61.08644,20.18776,46.75096
-14.76838,66.13958,61.08644,20.18776,60.29983
-14.76838,66.13958,61.08644,20.18776,43.52676
-14.76838,66.13958,61.08644,20.18776,55.4366
-14.76838,66.13958,61.08644,20.18776,59.7374
-14.76838,66.13958,61.08644,20.18776,46.68709
-14.76838,66.13958,61.08644,20.18776,51.0504
-14.76838,66.13958,61.08644,20.18776,55.68328
-14.76838,66.13958,61.08644,20.18776,43.35595
-14.76838,66.13958,61.08644,20.18776,47.78542
-14.76838,66.13958,61.08644,20.18776,50.4381
-14.76838,66.13958,61.08644,20.18776,70.69476
-14.76838,66.13958,61.08644,20.18776,49.22633
-14.76838,66.13958,61.08644,20.18776,49.59278
-14.76838,66.13958,61.08644,20.18776,45.4967
-14.76838,66.13958,61.08644,20.18776,46.16172
-14.76838,66.13958,61.08644,20.18776,46.71803
-14.76838,66.13958,61.08644,20.18776,59.21047
-14.76838,66.13958,61.08644,20.18776,49.84649
-14.76838,66.13958,61.08644,20.18776,59.39086
-14.76838,66.13958,61.08644,20.18776,71.52041
-14.76838,66.13958,61.08644,20.18776,73.64783
-14.76838,66.13958,61.08644,20.18776,51.07211
-14.76838,66.13958,61.08644,20.18776,44.22753
-14.76838,66.13958,61.08644,20.18776,59.89689
-14.76838,66.13958,61.08644,20.18776,46.4683
-14.76838,66.13958,61.08644,20.18776,51.28377
-14.76838,66.13958,61.08644,20.18776,49.35662
-14.76838,66.13958,61.08644,20.18776,62.98887
-14.76838,66.13958,61.08644,20.18776,67.04877
-14.76838,66.13958,61.08644,20.18776,60.12706
-14.76838,66.13958,61.08644,20.18776,60.07093
-14.76838,66.13958,61.08644,20.18776,70.15539
-14.76838,66.13958,61.08644,20.18776,58.06233
-14.76838,66.13958,61.08644,20.18776,53.43258
-14.76838,66.13958,61.08644,20.18776,74.46294
-14.76838,66.13958,61.08644,20.18776,74.32813
-14.76838,66.13958,61.08644,20.18776,62.47063
-14.76838,66.13958,61.08644,20.18776,59.2752
-14.76838,66.13958,61.08644,20.18776,69.10596
-14.76838,66.13958,61.08644,20.18776,60.15104
-14.76838,66.13958,61.08644,20.18776,61.74648
-14.76838,66.13958,61.08644,20.18776,77.46037
-14.76838,66.13958,61.08644,20.18776,56.41813
-14.76838,66.13958,61.08644,20.18776,69.98906
-14.76838,66.13958,61.08644,20.18776,56.86659
-14.76838,66.13958,61.08644,20.18776,74.70317
-14.76838,66.13958,61.08644,20.18776,74.33466
-14.76838,66.13958,61.08644,20.18776,46.00356
-14.76838,66.13958,61.08644,20.18776,46.59036
-14.76838,66.13958,61.08644,20.18776,56.82648
-14.76838,66.13958,61.08644,20.18776,76.0888
-14.76838,66.13958,61.08644,20.18776,58.43633
-14.76838,66.13958,61.08644,20.18776,75.70306
-14.76838,66.13958,61.08644,20.18776,60.73161
-14.76838,66.13958,61.08644,20.18776,51.30953
-14.76838,66.13958,61.08644,20.18776,59.36411
-14.76838,66.13958,61.08644,20.18776,77.1824
-14.76838,66.13958,61.08644,20.18776,55.0384
-14.76838,66.13958,61.08644,20.18776,55.78171
-14.76838,66.13958,61.08644,20.18776,50.65781
-14.76838,66.13958,61.08644,20.18776,57.89972
-14.76838,66.13958,61.08644,20.18776,58.88449
-14.76838,66.13958,61.08644,20.18776,49.23417
-14.76838,66.13958,61.08644,20.18776,48.70393
-14.76838,66.13958,61.08644,20.18776,43.04659
-14.76838,66.13958,61.08644,20.18776,44.26423
-14.76838,66.13958,61.08644,20.18776,41.4427
-14.76838,66.13958,61.08644,20.18776,56.96127
-14.76838,66.13958,61.08644,20.18776,49.85425
-14.76838,66.13958,61.08644,20.18776,50.7741
-14.76838,66.13958,61.08644,20.18776,57.32186
-14.76838,66.13958,61.08644,20.18776,43.55018
-14.76838,66.13958,61.08644,20.18776,49.77637
-14.76838,66.13958,61.08644,20.18776,50.49139
-14.76838,66.13958,61.08644,20.18776,48.53793
-14.76838,66.13958,61.08644,20.18776,47.92828
-14.76838,66.13958,61.08644,20.18776,60.20358
-14.76838,66.13958,61.08644,20.18776,59.28921
-14.76838,66.13958,61.08644,20.18776,76.94936
-14.76838,66.13958,61.08644,20.18776,55.20192
-14.76838,66.13958,61.08644,20.18776,72.23741
-14.76838,66.13958,61.08644,20.18776,48.79369
-14.76838,66.13958,61.08644,20.18776,73.07274
-14.76838,66.13958,61.08644,20.18776,49.6469
-14.76838,66.13958,61.08644,20.18776,55.50294
-14.76838,66.13958,61.08644,20.18776,42.96207
-14.76838,66.13958,61.08644,20.18776,49.99807
-14.76838,66.13958,61.08644,20.18776,64.75351
-14.76838,66.13958,61.08644,20.18776,61.54103
-14.76838,66.13958,61.08644,20.18776,72.99462
-14.76838,66.13958,61.08644,20.18776,53.49712
-14.76838,66.13958,61.08644,20.18776,47.27084
-14.76838,66.13958,61.08644,20.18776,45.84444
-14.76838,66.13958,61.08644,20.18776,60.46342
-14.76838,66.13958,61.08644,20.18776,50.20914
-14.76838,66.13958,61.08644,20.18776,71.64108
-14.76838,66.13958,61.08644,20.18776,46.52847
-14.76838,66.13958,61.08644,20.18776,50.2855
-14.76838,66.13958,61.08644,20.18776,48.62393
-14.76838,66.13958,61.08644,20.18776,53.0419
-14.76838,66.13958,61.08644,20.18776,54.13804
-14.76838,66.13958,61.08644,20.18776,42.47131
-14.76838,66.13958,61.08644,20.18776,58.5861
-14.76838,66.13958,61.08644,20.18776,55.45435
-14.76838,66.13958,61.08644,20.18776,46.29277
-14.76838,66.13958,61.08644,20.18776,56.93416
-14.76838,66.13958,61.08644,20.18776,75.95224
-14.76838,66.13958,61.08644,20.18776,53.64275
-14.76838,66.13958,61.08644,20.18776,58.7659
-14.76838,66.13958,61.08644,20.18776,70.21481
-14.76838,66.13958,61.08644,20.18776,72.44659
-14.76838,66.13958,61.08644,20.18776,52.83833
-14.76838,66.13958,61.08644,20.18776,54.6889
-14.76838,66.13958,61.08644,20.18776,59.55686
-14.76838,66.13958,61.08644,20.18776,54.71906
-14.76838,66.13958,61.08644,20.18776,53.18844
-14.76838,66.13958,61.08644,20.18776,51.41932
-14.76838,66.13958,61.08644,20.18776,43.83681
-14.76838,66.13958,61.08644,20.18776,60.68592
-14.76838,66.13958,61.08644,20.18776,53.0751
-14.76838,66.13958,61.08644,20.18776,56.83661
-14.76838,66.13958,61.08644,20.18776,59.30151
-14.76838,66.13958,61.08644,20.18776,51.71746
-14.76838,66.13958,61.08644,20.18776,46.09535
-14.76838,66.13958,61.08644,20.18776,71.03599
-14.76838,66.13958,61.08644,20.18776,48.16719
-14.76838,66.13958,61.08644,20.18776,49.12524
-14.76838,66.13958,61.08644,20.18776,52.2537
-14.76838,66.13958,61.08644,20.18776,51.21612
-14.76838,66.13958,61.08644,20.18776,44.11342
-14.76838,66.13958,61.08644,20.18776,65.58875
-14.76838,66.13958,61.08644,20.18776,44.61836
-14.76838,66.13958,61.08644,20.18776,53.47931
-14.76838,66.13958,61.08644,20.18776,53.57509
-14.76838,66.13958,61.08644,20.18776,71.27917
-14.76838,66.13958,61.08644,20.18776,60.0504
-14.76838,66.13958,61.08644,20.18776,46.22858
-14.76838,66.13958,61.08644,20.18776,51.45917
-14.76838,66.13958,61.08644,20.18776,52.36074
-14.76838,66.13958,61.08644,20.18776,49.98653
-14.76838,66.13958,61.08644,20.18776,43.61991
-14.76838,66.13958,61.08644,20.18776,74.28231
-14.76838,66.13958,61.08644,20.18776,51.69107
-14.76838,66.13958,61.08644,20.18776,75.9296
-14.76838,66.13958,61.08644,20.18776,49.74906
-14.76838,66.13958,61.08644,20.18776,53.27132
-14.76838,66.13958,61.08644,20.18776,53.4066
-14.76838,66.13958,61.08644,20.18776,53.7634
-14.76838,66.13958,61.08644,20.18776,43.81949
-14.76838,66.13958,61.08644,20.18776,51.28082
-14.76838,66.13958,61.08644,20.18776,42.35788
-14.76838,66.13958,61.08644,20.18776,47.37468
-14.76838,66.13958,61.08644,20.18776,44.9876
-14.76838,66.13958,61.08644,20.18776,49.14857
-14.76838,66.13958,61.08644,20.18776,49.56937
-14.76838,66.13958,61.08644,20.18776,50.58633
-14.76838,66.13958,61.08644,20.18776,56.71632
-14.76838,66.13958,61.08644,20.18776,60.73003
-14.76838,66.13958,61.08644,20.18776,54.77471
-14.76838,66.13958,61.08644,20.18776,73.35695
-14.76838,66.13958,61.08644,20.18776,62.29629
-14.76838,66.13958,61.08644,20.18776,50.8041
-14.76838,66.13958,61.08644,20.18776,74.52859
-14.76838,66.13958,61.08644,20.18776,50.36912
-14.76838,66.13958,61.08644,20.18776,56.59416
-14.76838,66.13958,61.08644,20.18776,56.43875
-14.76838,66.13958,61.08644,20.18776,51.62605
-14.76838,66.13958,61.08644,20.18776,65.26174
-14.76838,66.13958,61.08644,20.18776,45.43125
-14.76838,66.13958,61.08644,20.18776,74.03262
-14.76838,66.13958,61.08644,20.18776,41.27355
-14.76838,66.13958,61.08644,20.18776,59.34489
-14.76838,66.13958,61.08644,20.18776,73.58167
-14.76838,66.13958,61.08644,20.18776,57.26449
-14.76838,66.13958,61.08644,20.18776,69.72843
-14.76838,66.13958,61.08644,20.18776,53.96909
-14.76838,66.13958,61.08644,20.18776,57.66793
-14.76838,66.13958,61.08644,20.18776,53.67052
-14.76838,66.13958,61.08644,20.18776,52.86224
-14.76838,66.13958,61.08644,20.18776,50.92203
-14.76838,66.13958,61.08644,20.18776,72.1405
-14.76838,66.13958,61.08644,20.18776,62.0643
-14.76838,66.13958,61.08644,20.18776,60.38812
-14.76838,66.13958,61.08644,20.18776,43.79557
-14.76838,66.13958,61.08644,20.18776,58.70022
-14.76838,66.13958,61.08644,20.18776,49.32997
-14.76838,66.13958,61.08644,20.18776,67.30363
-14.76838,66.13958,61.08644,20.18776,72.5276
-14.76838,66.13958,61.08644,20.18776,47.31487
-14.76838,66.13958,61.08644,20.18776,50.22427
-14.76838,66.13958,61.08644,20.18776,49.68312
-14.76838,66.13958,61.08644,20.18776,51.80661
-14.76838,66.13958,61.08644,20.18776,58.71301
-14.76838,66.13958,61.08644,20.18776,51.40081
-14.76838,66.13958,61.08644,20.18776,53.40242
-14.76838,66.13958,61.08644,20.18776,50.715
-14.76838,66.13958,61.08644,20.18776,54.90575
-14.76838,66.13958,61.08644,20.18776,49.16331
-14.76838,66.13958,61.08644,20.18776,42.39186
-14.76838,66.13958,61.08644,20.18776,70.71751
-14.76838,66.13958,61.08644,20.18776,44.9028
-14.76838,66.13958,61.08644,20.18776,61.89301
-14.76838,66.13958,61.08644,20.18776,60.61182
-14.76838,66.13958,61.08644,20.18776,72.3288
-14.76838,66.13958,61.08644,20.18776,52.30531
-14.76838,66.13958,61.08644,20.18776,58.29992
-14.76838,66.13958,61.08644,20.18776,60.08588
-14.76838,66.13958,61.08644,20.18776,47.66959
-14.76838,66.13958,61.08644,20.18776,61.2574
-14.76838,66.13958,61.08644,20.18776,57.32726
-14.76838,66.13958,61.08644,20.18776,61.63775
-14.76838,66.13958,61.08644,20.18776,50.78328
-14.76838,66.13958,61.08644,20.18776,50.72963
-14.76838,66.13958,61.08644,20.18776,55.073
-14.76838,66.13958,61.08644,20.18776,63.18
-14.76838,66.13958,61.08644,20.18776,50.94848
-14.76838,66.13958,61.08644,20.18776,54.2136
-14.76838,66.13958,61.08644,20.18776,42.6755
-14.76838,66.13958,61.08644,20.18776,44.81801
-14.76838,66.13958,61.08644,20.18776,44.81652
-14.76838,66.13958,61.08644,20.18776,49.24572
-14.76838,66.13958,61.08644,20.18776,55.9976
-14.76838,66.13958,61.08644,20.18776,49.51006
-14.76838,66.13958,61.08644,20.18776,59.96685
-14.76838,66.13958,61.08644,20.18776,61.26427
-14.76838,66.13958,61.08644,20.18776,52.72678
-14.76838,66.13958,61.08644,20.18776,50.34055
-14.76838,66.13958,61.08644,20.18776,55.63541
-14.76838,66.13958,61.08644,20.18776,49.91449
-14.76838,66.13958,61.08644,20.18776,46.19808
-14.76838,66.13958,61.08644,20.18776,50.9992
-14.76838,66.13958,61.08644,20.18776,49.75299
-14.76838,66.13958,61.08644,20.18776,50.13111
-14.76838,66.13958,61.08644,20.18776,49.71705
-14.76838,66.13958,61.08644,20.18776,48.13445
-14.76838,66.13958,61.08644,20.18776,52.95717
-14.76838,66.13958,61.08644,20.18776,74.49901
-14.76838,66.13958,61.08644,20.18776,48.90879
-14.76838,66.13958,61.08644,20.18776,52.03398
-14.76838,66.13958,61.08644,20.18776,51.30683
-14.76838,66.13958,61.08644,20.18776,50.65549
-14.76838,66.13958,61.08644,20.18776,57.82282
-14.76838,66.13958,61.08644,20.18776,50.44193
-14.76838,66.13958,61.08644,20.18776,58.6078
-14.76838,66.13958,61.08644,20.18776,52.32509
-14.76838,66.13958,61.08644,20.18776,50.07631
-14.76838,66.13958,61.08644,20.18776,50.70546
-14.76838,66.13958,61.08644,20.18776,51.11242
-14.76838,66.13958,61.08644,20.18776,57.53787
-14.76838,66.13958,61.08644,20.18776,51.97339
-14.76838,66.13958,61.08644,20.18776,67.85812
-14.76838,66.13958,61.08644,20.18776,49.12214
-14.76838,66.13958,61.08644,20.18776,74.09467
-14.76838,66.13958,61.08644,20.18776,50.93674
-14.76838,66.13958,61.08644,20.18776,43.0528
-14.76838,66.13958,61.08644,20.18776,44.74651
-14.76838,66.13958,61.08644,20.18776,59.86843
-14.76838,66.13958,61.08644,20.18776,58.51263
-14.76838,66.13958,61.08644,20.18776,46.44567
-14.76838,66.13958,61.08644,20.18776,59.77124
-14.76838,66.13958,61.08644,20.18776,50.72016
-14.76838,66.13958,61.08644,20.18776,53.61402
-14.76838,66.13958,61.08644,20.18776,57.93862
-14.76838,66.13958,61.08644,20.18776,56.00293
-14.76838,66.13958,61.08644,20.18776,44.26562
-14.76838,66.13958,61.08644,20.18776,50.07292
-14.76838,66.13958,61.08644,20.18776,49.19754
-14.76838,66.13958,61.08644,20.18776,55.02824
-14.76838,66.13958,61.08644,20.18776,51.18544
-14.76838,66.13958,61.08644,20.18776,57.18784
-14.76838,66.13958,61.08644,20.18776,59.07735
-14.76838,66.13958,61.08644,20.18776,49.96985
-14.76838,66.13958,61.08644,20.18776,49.31371
-14.76838,66.13958,61.08644,20.18776,69.67336
-14.76838,66.13958,61.08644,20.18776,51.71128
-14.76838,66.13958,61.08644,20.18776,55.0749
-14.76838,66.13958,61.08644,20.18776,55.97918
-14.76838,66.13958,61.08644,20.18776,49.06682
-14.76838,66.13958,61.08644,20.18776,59.25961
-14.76838,66.13958,61.08644,20.18776,44.30279
-14.76838,66.13958,61.08644,20.18776,47.97692
-14.76838,66.13958,61.08644,20.18776,55.31164
-14.76838,66.13958,61.08644,20.18776,46.19473
-14.76838,66.13958,61.08644,20.18776,47.02127
-14.76838,66.13958,61.08644,20.18776,55.58917
-14.76838,66.13958,61.08644,20.18776,52.65071
-14.76838,66.13958,61.08644,20.18776,64.02707
-14.76838,66.13958,61.08644,20.18776,60.42881
-14.76838,66.13958,61.08644,20.18776,52.2209
-14.76838,66.13958,61.08644,20.18776,53.00043
-14.76838,66.13958,61.08644,20.18776,53.06112
-14.76838,66.13958,61.08644,20.18776,52.49769
-14.76838,66.13958,61.08644,20.18776,53.37041
-14.76838,66.13958,61.08644,20.18776,63.81647
-14.76838,66.13958,61.08644,20.18776,53.82752
-14.76838,66.13958,61.08644,20.18776,54.8948
-14.76838,66.13958,61.08644,20.18776,46.03484
-14.76838,66.13958,61.08644,20.18776,58.35331
-14.76838,66.13958,61.08644,20.18776,57.91592
-14.76838,66.13958,61.08644,20.18776,65.85512
-14.76838,66.13958,61.08644,20.18776,41.31609
-14.76838,66.13958,61.08644,20.18776,45.17027
-14.76838,66.13958,61.08644,20.18776,46.42643
-14.76838,66.13958,61.08644,20.18776,57.87621
-14.76838,66.13958,61.08644,20.18776,57.46726
-14.76838,66.13958,61.08644,20.18776,50.70729
-14.76838,66.13958,61.08644,20.18776,61.95764
-14.76838,66.13958,61.08644,20.18776,53.48796
-14.76838,66.13958,61.08644,20.18776,50.2645
-14.76838,66.13958,61.08644,20.18776,50.30452
-14.76838,66.13958,61.08644,20.18776,60.50833
-14.76838,66.13958,61.08644,20.18776,55.18886
-14.76838,66.13958,61.08644,20.18776,50.82409
-14.76838,66.13958,61.08644,20.18776,64.00481
-14.76838,66.13958,61.08644,20.18776,54.92887
-14.76838,66.13958,61.08644,20.18776,49.73185
-14.76838,66.13958,61.08644,20.18776,45.76211
-14.76838,66.13958,61.08644,20.18776,69.41969
-14.76838,66.13958,61.08644,20.18776,74.49403
-14.76838,66.13958,61.08644,20.18776,53.89558
-14.76838,66.13958,61.08644,20.18776,50.89214
-14.76838,66.13958,61.08644,20.18776,58.98927
-14.76838,66.13958,61.08644,20.18776,57.50834
-14.76838,66.13958,61.08644,20.18776,51.34791
-14.76838,66.13958,61.08644,20.18776,55.33101
-14.76838,66.13958,61.08644,20.18776,61.68632
-14.76838,66.13958,61.08644,20.18776,66.56443
-14.76838,66.13958,61.08644,20.18776,57.64323
-14.76838,66.13958,61.08644,20.18776,49.23046
-14.76838,66.13958,61.08644,20.18776,41.49903
-14.76838,66.13958,61.08644,20.18776,51.0915
-14.76838,66.13958,61.08644,20.18776,39.92258
-14.76838,66.13958,61.08644,20.18776,44.55199
-14.76838,66.13958,61.08644,20.18776,44.85699
-14.76838,66.13958,61.08644,20.18776,46.42754
-14.76838,66.13958,61.08644,20.18776,49.09772
-14.76838,66.13958,61.08644,20.18776,44.74554
-14.76838,66.13958,61.08644,20.18776,58.86534
-14.76838,66.13958,61.08644,20.18776,46.74261
-14.76838,66.13958,61.08644,20.18776,55.31948
-14.76838,66.13958,61.08644,20.18776,54.75842
-14.76838,66.13958,61.08644,20.18776,45.99408
-14.76838,66.13958,61.08644,20.18776,43.99871
-14.76838,66.13958,61.08644,20.18776,47.91842
-14.76838,66.13958,61.08644,20.18776,75.39151
-14.76838,66.13958,61.08644,20.18776,52.46856
-14.76838,66.13958,61.08644,20.18776,50.54835
-14.76838,66.13958,61.08644,20.18776,44.29232
-14.76838,66.13958,61.08644,20.18776,46.54756
-14.76838,66.13958,61.08644,20.18776,74.7014
-14.76838,66.13958,61.08644,20.18776,54.55673
-14.76838,66.13958,61.08644,20.18776,55.50783
-14.76838,66.13958,61.08644,20.18776,55.0282
-14.76838,66.13958,61.08644,20.18776,67.58388
-14.76838,66.13958,61.08644,20.18776,48.80161
-14.76838,66.13958,61.08644,20.18776,58.38382
-14.76838,66.13958,61.08644,20.18776,54.60163
-14.76838,66.13958,61.08644,20.18776,61.06217
-14.76838,66.13958,61.08644,20.18776,58.6261
-14.76838,66.13958,61.08644,20.18776,59.42808
-14.76838,66.13958,61.08644,20.18776,50.50282
-14.76838,66.13958,61.08644,20.18776,58.30925
-14.76838,66.13958,61.08644,20.18776,50.85006
-14.76838,66.13958,61.08644,20.18776,43.57125
-14.76838,66.13958,61.08644,20.18776,42.44733
-14.76838,66.13958,61.08644,20.18776,55.59326
-14.76838,66.13958,61.08644,20.18776,56.87556
-14.76838,66.13958,61.08644,20.18776,51.13432
-14.76838,66.13958,61.08644,20.18776,54.09897
-14.76838,66.13958,61.08644,20.18776,58.25521
-14.76838,66.13958,61.08644,20.18776,54.62659
-14.76838,66.13958,61.08644,20.18776,46.24447
-14.76838,66.13958,61.08644,20.18776,50.23874
-14.76838,66.13958,61.08644,20.18776,74.18693
-14.76838,66.13958,61.08644,20.18776,56.34352
-14.76838,66.13958,61.08644,20.18776,46.74447
-14.76838,66.13958,61.08644,20.18776,50.03082
-14.76838,66.13958,61.08644,20.18776,70.42509
-14.76838,66.13958,61.08644,20.18776,52.90841
-14.76838,66.13958,61.08644,20.18776,75.98353
-14.76838,66.13958,61.08644,20.18776,57.81006
-14.76838,66.13958,61.08644,20.18776,43.08235
-14.76838,66.13958,61.08644,20.18776,49.88733
-14.76838,66.13958,61.08644,20.18776,59.64225
-14.76838,66.13958,61.08644,20.18776,59.29314
-14.76838,66.13958,61.08644,20.18776,61.38176
-14.76838,66.13958,61.08644,20.18776,60.68218
-14.76838,66.13958,61.08644,20.18776,49.06392
-14.76838,66.13958,61.08644,20.18776,73.09393
-14.76838,66.13958,61.08644,20.18776,70.07883
-14.76838,66.13958,61.08644,20.18776,45.43533
-14.76838,66.13958,61.08644,20.18776,64.33306
-14.76838,66.13958,61.08644,20.18776,75.12682
-14.76838,66.13958,61.08644,20.18776,58.03532
-14.76838,66.13958,61.08644,20.18776,49.34458
-14.76838,66.13958,61.08644,20.18776,55.1204
-14.76838,66.13958,61.08644,20.18776,59.82394
-14.76838,66.13958,61.08644,20.18776,69.02353
-14.76838,66.13958,61.08644,20.18776,44.24577
-14.76838,66.13958,61.08644,20.18776,71.50998
-14.76838,66.13958,61.08644,20.18776,56.64564
-14.76838,66.13958,61.08644,20.18776,50.18302
-14.76838,66.13958,61.08644,20.18776,63.13989
-14.76838,66.13958,61.08644,20.18776,50.44417
-14.76838,66.13958,61.08644,20.18776,70.11671
-14.76838,66.13958,61.08644,20.18776,53.17171
-14.76838,66.13958,61.08644,20.18776,55.15755
-14.76838,66.13958,61.08644,20.18776,60.17308
-14.76838,66.13958,61.08644,20.18776,61.2632
-14.76838,66.13958,61.08644,20.18776,54.90012
-14.76838,66.13958,61.08644,20.18776,58.34077
-14.76838,66.13958,61.08644,20.18776,44.03711
-14.76838,66.13958,61.08644,20.18776,44.36637
-14.76838,66.13958,61.08644,20.18776,67.06213
-14.76838,66.13958,61.08644,20.18776,77.35787
-14.76838,66.13958,61.08644,20.18776,61.77295
-14.76838,66.13958,61.08644,20.18776,45.10639
-14.76838,66.13958,61.08644,20.18776,51.20056
-14.76838,66.13958,61.08644,20.18776,51.84298
-14.76838,66.13958,61.08644,20.18776,57.8439
-14.76838,66.13958,61.08644,20.18776,62.5704
-14.76838,66.13958,61.08644,20.18776,70.93848
-14.76838,66.13958,61.08644,20.18776,50.55179
-14.76838,66.13958,61.08644,20.18776,42.85526
-14.76838,66.13958,61.08644,20.18776,60.87929
-14.76838,66.13958,61.08644,20.18776,60.91604
-14.76838,66.13958,61.08644,20.18776,62.17107
-14.76838,66.13958,61.08644,20.18776,69.11417
-14.76838,66.13958,61.08644,20.18776,73.1021
-14.76838,66.13958,61.08644,20.18776,45.84535
-14.76838,66.13958,61.08644,20.18776,53.73314
-14.76838,66.13958,61.08644,20.18776,49.33277
-14.76838,66.13958,61.08644,20.18776,39.42293
-14.76838,66.13958,61.08644,20.18776,55.33788
-14.76838,66.13958,61.08644,20.18776,53.02635
-14.76838,66.13958,61.08644,20.18776,44.27592
-14.76838,66.13958,61.08644,20.18776,49.93604
-14.76838,66.13958,61.08644,20.18776,58.4033
-14.76838,66.13958,61.08644,20.18776,52.11761
-14.76838,66.13958,61.08644,20.18776,43.39677
-14.76838,66.13958,61.08644,20.18776,62.002
-14.76838,66.13958,61.08644,20.18776,50.39585
-14.76838,66.13958,61.08644,20.18776,53.26958
-14.76838,66.13958,61.08644,20.18776,68.42162
-14.76838,66.13958,61.08644,20.18776,49.81325
-14.76838,66.13958,61.08644,20.18776,55.68964
-14.76838,66.13958,61.08644,20.18776,53.80807
-14.76838,66.13958,61.08644,20.18776,59.21717
-14.76838,66.13958,61.08644,20.18776,59.02875
-14.76838,66.13958,61.08644,20.18776,45.44825
-14.76838,66.13958,61.08644,20.18776,51.30611
-14.76838,66.13958,61.08644,20.18776,50.24425
-14.76838,66.13958,61.08644,20.18776,60.89172
-14.76838,66.13958,61.08644,20.18776,45.54358
-14.76838,66.13958,61.08644,20.18776,76.22803
-14.76838,66.13958,61.08644,20.18776,56.65578
-14.76838,66.13958,61.08644,20.18776,45.24691
-14.76838,66.13958,61.08644,20.18776,44.998
-14.76838,66.13958,61.08644,20.18776,55.27354
-14.76838,66.13958,61.08644,20.18776,56.79169
-14.76838,66.13958,61.08644,20.18776,60.52314
-14.76838,66.13958,61.08644,20.18776,55.14121
-14.76838,66.13958,61.08644,20.18776,45.36481
-14.76838,66.13958,61.08644,20.18776,60.63295
-14.76838,66.13958,61.08644,20.18776,46.18876
-14.76838,66.13958,61.08644,20.18776,70.15051
-14.76838,66.13958,61.08644,20.18776,47.91304
-14.76838,66.13958,61.08644,20.18776,60.44994
2.919936,52.97878,46.12946,19.12144,41.5235
2.919936,52.97878,46.12946,19.12144,42.5303
2.919936,52.97878,46.12946,19.12144,48.44051
2.919936,52.97878,46.12946,19.12144,35.03047
2.919936,52.97878,46.12946,19.12144,34.29003
2.919936,52.97878,46.12946,19.12144,15.36735
2.919936,52.97878,46.12946,19.12144,47.26409
2.919936,52.97878,46.12946,19.12144,40.941
2.919936,52.97878,46.12946,19.12144,24.84303
2.919936,52.97878,46.12946,19.12144,38.8758
2.919936,52.97878,46.12946,19.12144,29.6181
2.919936,52.97878,46.12946,19.12144,8.910689
2.919936,52.97878,46.12946,19.12144,45.77345
2.919936,52.97878,46.12946,19.12144,43.42778
2.919936,52.97878,46.12946,19.12144,38.05521
2.919936,52.97878,46.12946,19.12144,19.23207
2.919936,52.97878,46.12946,19.12144,28.86127
2.919936,52.97878,46.12946,19.12144,32.7014
2.919936,52.97878,46.12946,19.12144,31.57894
2.919936,52.97878,46.12946,19.12144,34.72692
2.919936,52.97878,46.12946,19.12144,31.54093
2.919936,52.97878,46.12946,19.12144,34.45298
2.919936,52.97878,46.12946,19.12144,19.74371
2.919936,52.97878,46.12946,19.12144,31.72722
2.919936,52.97878,46.12946,19.12144,36.54538
2.919936,52.97878,46.12946,19.12144,17.55498
2.919936,52.97878,46.12946,19.12144,29.41868
2.919936,52.97878,46.12946,19.12144,44.10738
2.919936,52.97878,46.12946,19.12144,14.00574
2.919936,52.97878,46.12946,19.12144,43.8517
2.919936,52.97878,46.12946,19.12144,45.01556
2.919936,52.97878,46.12946,19.12144,30.50189
2.919936,52.97878,46.12946,19.12144,32.26075
2.919936,52.97878,46.12946,19.12144,34.87526
2.919936,52.97878,46.12946,19.12144,17.80465
2.919936,52.97878,46.12946,19.12144,48.41809
2.919936,52.97878,46.12946,19.12144,20.89194
2.919936,52.97878,46.12946,19.12144,34.70924
2.919936,52.97878,46.12946,19.12144,21.21187
2.919936,52.97878,46.12946,19.12144,17.56124
2.919936,52.97878,46.12946,19.12144,43.17528
2.919936,52.97878,46.12946,19.12144,20.49416
2.919936,52.97878,46.12946,19.12144,24.312
2.919936,52.97878,46.12946,19.12144,11.86546
2.919936,52.97878,46.12946,19.12144,43.54298
2.919936,52.97878,46.12946,19.12144,37.03265
2.919936,52.97878,46.12946,19.12144,2.646447
2.919936,52.97878,46.12946,19.12144,35.85864
2.919936,52.97878,46.12946,19.12144,25.07624
2.919936,52.97878,46.12946,19.12144,25.85462
2.919936,52.97878,46.12946,19.12144,42.3924
2.919936,52.97878,46.12946,19.12144,9.123957
2.919936,52.97878,46.12946,19.12144,41.09261
2.919936,52.97878,46.12946,19.12144,42.62654
2.919936,52.97878,46.12946,19.12144,24.73209
2.919936,52.97878,46.12946,19.12144,18.85951
2.919936,52.97878,46.12946,19.12144,22.65035
2.919936,52.97878,46.12946,19.12144,37.01529
2.919936,52.97878,46.12946,19.12144,7.999603
2.919936,52.97878,46.12946,19.12144,23.62144
2.919936,52.97878,46.12946,19.12144,29.46685
2.919936,52.97878,46.12946,19.12144,4.72072
2.919936,52.97878,46.12946,19.12144,3.63924
2.919936,52.97878,46.12946,19.12144,26.85494
2.919936,52.97878,46.12946,19.12144,25.17369
2.919936,52.97878,46.12946,19.12144,28.3799
2.919936,52.97878,46.12946,19.12144,36.92694
2.919936,52.97878,46.12946,19.12144,30.60303
2.919936,52.97878,46.12946,19.12144,43.17323
2.919936,52.97878,46.12946,19.12144,40.47563
2.919936,52.97878,46.12946,19.12144,40.9012
2.919936,52.97878,46.12946,19.12144,4.508015
2.919936,52.97878,46.12946,19.12144,31.03264
2.919936,52.97878,46.12946,19.12144,13.91341
2.919936,52.97878,46.12946,19.12144,47.2029
2.919936,52.97878,46.12946,19.12144,27.58743
2.919936,52.97878,46.12946,19.12144,40.90282
2.919936,52.97878,46.12946,19.12144,19.52917
2.919936,52.97878,46.12946,19.12144,38.81548
2.919936,52.97878,46.12946,19.12144,37.97335
2.919936,52.97878,46.12946,19.12144,28.77361
2.919936,52.97878,46.12946,19.12144,16.13456
2.919936,52.97878,46.12946,19.12144,2.162463
2.919936,52.97878,46.12946,19.12144,36.58066
2.919936,52.97878,46.12946,19.12144,36.69012
2.919936,52.97878,46.12946,19.12144,45.95902
2.919936,52.97878,46.12946,19.12144,25.53322
2.919936,52.97878,46.12946,19.12144,25.94537
2.919936,52.97878,46.12946,19.12144,4.671612
2.919936,52.97878,46.12946,19.12144,30.45643
2.919936,52.97878,46.12946,19.12144,32.40765
2.919936,52.97878,46.12946,19.12144,28.85772
2.919936,52.97878,46.12946,19.12144,41.21233
2.919936,52.97878,46.12946,19.12144,45.07575
2.919936,52.97878,46.12946,19.12144,34.13515
2.919936,52.97878,46.12946,19.12144,29.95055
2.919936,52.97878,46.12946,19.12144,17.88431
2.919936,52.97878,46.12946,19.12144,31.99689
2.919936,52.97878,46.12946,19.12144,44.88287
2.919936,52.97878,46.12946,19.12144,48.71497
2.919936,52.97878,46.12946,19.12144,45.91402
2.919936,52.97878,46.12946,19.12144,39.75631
2.919936,52.97878,46.12946,19.12144,35.79774
2.919936,52.97878,46.12946,19.12144,19.44536
2.919936,52.97878,46.12946,19.12144,36.12601
2.919936,52.97878,46.12946,19.12144,30.14826
2.919936,52.97878,46.12946,19.12144,12.39857
2.919936,52.97878,46.12946,19.12144,27.16421
2.919936,52.97878,46.12946,19.12144,27.53266
2.919936,52.97878,46.12946,19.12144,33.78124
2.919936,52.97878,46.12946,19.12144,43.52131
2.919936,52.97878,46.12946,19.12144,27.69997
2.919936,52.97878,46.12946,19.12144,41.40378
2.919936,52.97878,46.12946,19.12144,31.33871
2.919936,52.97878,46.12946,19.12144,36.96513
2.919936,52.97878,46.12946,19.12144,25.87183
2.919936,52.97878,46.12946,19.12144,24.59977
2.919936,52.97878,46.12946,19.12144,13.78636
2.919936,52.97878,46.12946,19.12144,11.16394
2.919936,52.97878,46.12946,19.12144,30.7462
2.919936,52.97878,46.12946,19.12144,28.67319
2.919936,52.97878,46.12946,19.12144,37.41205
2.919936,52.97878,46.12946,19.12144,45.52399
2.919936,52.97878,46.12946,19.12144,48.84692
2.919936,52.97878,46.12946,19.12144,27.07973
2.919936,52.97878,46.12946,19.12144,38.56247
2.919936,52.97878,46.12946,19.12144,26.18761
2.919936,52.97878,46.12946,19.12144,18.26766
2.919936,52.97878,46.12946,19.12144,39.79094
2.919936,52.97878,46.12946,19.12144,22.49429
2.919936,52.97878,46.12946,19.12144,26.3081
2.919936,52.97878,46.12946,19.12144,36.12918
2.919936,52.97878,46.12946,19.12144,46.02067
2.919936,52.97878,46.12946,19.12144,24.37773
2.919936,52.97878,46.12946,19.12144,31.2979
2.919936,52.97878,46.12946,19.12144,41.99716
2.919936,52.97878,46.12946,19.12144,12.58481
2.919936,52.97878,46.12946,19.12144,44.69436
2.919936,52.97878,46.12946,19.12144,1.991885
2.919936,52.97878,46.12946,19.12144,42.20692
2.919936,52.97878,46.12946,19.12144,17.89277
2.919936,52.97878,46.12946,19.12144,18.05233
2.919936,52.97878,46.12946,19.12144,19.90808
2.919936,52.97878,46.12946,19.12144,40.75577
2.919936,52.97878,46.12946,19.12144,11.30181
2.919936,52.97878,46.12946,19.12144,27.12168
2.919936,52.97878,46.12946,19.12144,41.07118
2.919936,52.97878,46.12946,19.12144,34.38316
2.919936,52.97878,46.12946,19.12144,45.56573
2.919936,52.97878,46.12946,19.12144,1.513603
2.919936,52.97878,46.12946,19.12144,25.32533
2.919936,52.97878,46.12946,19.12144,6.101424
2.919936,52.97878,46.12946,19.12144,33.97245
2.919936,52.97878,46.12946,19.12144,39.82545
2.919936,52.97878,46.12946,19.12144,25.05485
2.919936,52.97878,46.12946,19.12144,7.03452
2.919936,52.97878,46.12946,19.12144,40.96721
2.919936,52.97878,46.12946,19.12144,38.76024
2.919936,52.97878,46.12946,19.12144,19.4488
2.919936,52.97878,46.12946,19.12144,26.06951
2.919936,52.97878,46.12946,19.12144,8.962128
2.919936,52.97878,46.12946,19.12144,45.94419
2.919936,52.97878,46.12946,19.12144,21.86505
2.919936,52.97878,46.12946,19.12144,47.49616
2.919936,52.97878,46.12946,19.12144,28.89527
2.919936,52.97878,46.12946,19.12144,8.236561
2.919936,52.97878,46.12946,19.12144,35.66453
2.919936,52.97878,46.12946,19.12144,38.0469
2.919936,52.97878,46.12946,19.12144,10.32922
2.919936,52.97878,46.12946,19.12144,33.06212
2.919936,52.97878,46.12946,19.12144,6.172481
2.919936,52.97878,46.12946,19.12144,14.68532
2.919936,52.97878,46.12946,19.12144,30.1409
2.919936,52.97878,46.12946,19.12144,26.21946
2.919936,52.97878,46.12946,19.12144,44.17253
2.919936,52.97878,46.12946,19.12144,36.10065
2.919936,52.97878,46.12946,19.12144,31.82226
2.919936,52.97878,46.12946,19.12144,14.26639
2.919936,52.97878,46.12946,19.12144,25.56815
2.919936,52.97878,46.12946,19.12144,39.29001
2.919936,52.97878,46.12946,19.12144,35.98215
2.919936,52.97878,46.12946,19.12144,23.93472
2.919936,52.97878,46.12946,19.12144,16.71455
2.919936,52.97878,46.12946,19.12144,35.74176
2.919936,52.97878,46.12946,19.12144,24.61192
2.919936,52.97878,46.12946,19.12144,28.37728
2.919936,52.97878,46.12946,19.12144,28.13833
2.919936,52.97878,46.12946,19.12144,41.13132
2.919936,52.97878,46.12946,19.12144,20.17537
2.919936,52.97878,46.12946,19.12144,24.93181
2.919936,52.97878,46.12946,19.12144,35.40247
2.919936,52.97878,46.12946,19.12144,45.03245
2.919936,52.97878,46.12946,19.12144,4.164159
2.919936,52.97878,46.12946,19.12144,44.6711
2.919936,52.97878,46.12946,19.12144,8.620743
2.919936,52.97878,46.12946,19.12144,45.68938
2.919936,52.97878,46.12946,19.12144,41.64327
2.919936,52.97878,46.12946,19.12144,36.49673
2.919936,52.97878,46.12946,19.12144,46.48424
2.919936,52.97878,46.12946,19.12144,46.80719
2.919936,52.97878,46.12946,19.12144,42.14759
2.919936,52.97878,46.12946,19.12144,46.49115
2.919936,52.97878,46.12946,19.12144,40.80801
2.919936,52.97878,46.12946,19.12144,18.31596
2.919936,52.97878,46.12946,19.12144,39.40224
2.919936,52.97878,46.12946,19.12144,31.77208
2.919936,52.97878,46.12946,19.12144,26.93406
2.919936,52.97878,46.12946,19.12144,45.08915
2.919936,52.97878,46.12946,19.12144,25.32444
2.919936,52.97878,46.12946,19.12144,26.74192
2.919936,52.97878,46.12946,19.12144,45.24343
2.919936,52.97878,46.12946,19.12144,17.0954
2.919936,52.97878,46.12946,19.12144,38.20118
2.919936,52.97878,46.12946,19.12144,26.65763
2.919936,52.97878,46.12946,19.12144,24.56203
2.919936,52.97878,46.12946,19.12144,41.07896
2.919936,52.97878,46.12946,19.12144,24.73431
2.919936,52.97878,46.12946,19.12144,33.39132
2.919936,52.97878,46.12946,19.12144,41.70869
2.919936,52.97878,46.12946,19.12144,32.87051
2.919936,52.97878,46.12946,19.12144,32.70357
2.919936,52.97878,46.12946,19.12144,38.76395
2.919936,52.97878,46.12946,19.12144,24.06824
2.919936,52.97878,46.12946,19.12144,41.50019
2.919936,52.97878,46.12946,19.12144,27.40144
2.919936,52.97878,46.12946,19.12144,30.36178
2.919936,52.97878,46.12946,19.12144,38.00689
2.919936,52.97878,46.12946,19.12144,38.91277
2.919936,52.97878,46.12946,19.12144,45.03536
2.919936,52.97878,46.12946,19.12144,32.6599
2.919936,52.97878,46.12946,19.12144,31.86162
2.919936,52.97878,46.12946,19.12144,32.06453
2.919936,52.97878,46.12946,19.12144,3.674281
2.919936,52.97878,46.12946,19.12144,39.45009
2.919936,52.97878,46.12946,19.12144,17.04633
2.919936,52.97878,46.12946,19.12144,41.72951
2.919936,52.97878,46.12946,19.12144,25.55438
2.919936,52.97878,46.12946,19.12144,41.63979
2.919936,52.97878,46.12946,19.12144,12.03999
2.919936,52.97878,46.12946,19.12144,43.23565
2.919936,52.97878,46.12946,19.12144,32.1073
2.919936,52.97878,46.12946,19.12144,16.36573
2.919936,52.97878,46.12946,19.12144,37.45963
2.919936,52.97878,46.12946,19.12144,19.81144
2.919936,52.97878,46.12946,19.12144,38.16869
2.919936,52.97878,46.12946,19.12144,32.07454
2.919936,52.97878,46.12946,19.12144,28.18272
2.919936,52.97878,46.12946,19.12144,32.55051
2.919936,52.97878,46.12946,19.12144,35.63234
2.919936,52.97878,46.12946,19.12144,36.94873
2.919936,52.97878,46.12946,19.12144,32.17014
2.919936,52.97878,46.12946,19.12144,41.47034
2.919936,52.97878,46.12946,19.12144,28.27956
2.919936,52.97878,46.12946,19.12144,5.927338
2.919936,52.97878,46.12946,19.12144,40.7347
2.919936,52.97878,46.12946,19.12144,40.66451
2.919936,52.97878,46.12946,19.12144,30.6198
2.919936,52.97878,46.12946,19.12144,35.16645
2.919936,52.97878,46.12946,19.12144,18.03698
2.919936,52.97878,46.12946,19.12144,44.0875
2.919936,52.97878,46.12946,19.12144,30.12676
2.919936,52.97878,46.12946,19.12144,21.70633
2.919936,52.97878,46.12946,19.12144,43.67094
2.919936,52.97878,46.12946,19.12144,34.14739
2.919936,52.97878,46.12946,19.12144,16.80948
2.919936,52.97878,46.12946,19.12144,31.76607
2.919936,52.97878,46.12946,19.12144,9.820954
2.919936,52.97878,46.12946,19.12144,43.72543
2.919936,52.97878,46.12946,19.12144,41.51157
2.919936,52.97878,46.12946,19.12144,31.68356
2.919936,52.97878,46.12946,19.12144,39.67035
2.919936,52.97878,46.12946,19.12144,15.06935
2.919936,52.97878,46.12946,19.12144,41.5621
2.919936,52.97878,46.12946,19.12144,1.407066
2.919936,52.97878,46.12946,19.12144,30.60326
2.919936,52.97878,46.12946,19.12144,30.29767
2.919936,52.97878,46.12946,19.12144,38.28054
2.919936,52.97878,46.12946,19.12144,44.63642
2.919936,52.97878,46.12946,19.12144,33.91224
2.919936,52.97878,46.12946,19.12144,31.90262
2.919936,52.97878,46.12946,19.12144,26.70052
2.919936,52.97878,46.12946,19.12144,39.9577
2.919936,52.97878,46.12946,19.12144,45.70796
2.919936,52.97878,46.12946,19.12144,40.52251
2.919936,52.97878,46.12946,19.12144,40.73207
2.919936,52.97878,46.12946,19.12144,26.98351
2.919936,52.97878,46.12946,19.12144,39.70705
2.919936,52.97878,46.12946,19.12144,36.67859
2.919936,52.97878,46.12946,19.12144,31.04223
2.919936,52.97878,46.12946,19.12144,34.63005
2.919936,52.97878,46.12946,19.12144,32.15655
2.919936,52.97878,46.12946,19.12144,13.49732
2.919936,52.97878,46.12946,19.12144,7.746371
2.919936,52.97878,46.12946,19.12144,46.48137
2.919936,52.97878,46.12946,19.12144,42.76868
2.919936,52.97878,46.12946,19.12144,34.48224
2.919936,52.97878,46.12946,19.12144,8.607157
2.919936,52.97878,46.12946,19.12144,36.59821
2.919936,52.97878,46.12946,19.12144,7.168639
2.919936,52.97878,46.12946,19.12144,21.48929
2.919936,52.97878,46.12946,19.12144,27.1132
2.919936,52.97878,46.12946,19.12144,27.83778
2.919936,52.97878,46.12946,19.12144,38.94492
2.919936,52.97878,46.12946,19.12144,15.31099
2.919936,52.97878,46.12946,19.12144,33.73034
2.919936,52.97878,46.12946,19.12144,12.17334
2.919936,52.97878,46.12946,19.12144,41.95441
2.919936,52.97878,46.12946,19.12144,40.55981
2.919936,52.97878,46.12946,19.12144,49.15436
2.919936,52.97878,46.12946,19.12144,19.14038
2.919936,52.97878,46.12946,19.12144,20.30621
2.919936,52.97878,46.12946,19.12144,36.43297
2.919936,52.97878,46.12946,19.12144,26.46129
2.919936,52.97878,46.12946,19.12144,38.8122
2.919936,52.97878,46.12946,19.12144,38.62284
2.919936,52.97878,46.12946,19.12144,44.31043
2.919936,52.97878,46.12946,19.12144,14.30268
2.919936,52.97878,46.12946,19.12144,3.215544
2.919936,52.97878,46.12946,19.12144,9.133369
2.919936,52.97878,46.12946,19.12144,37.37764
2.919936,52.97878,46.12946,19.12144,22.58449
2.919936,52.97878,46.12946,19.12144,44.0188
2.919936,52.97878,46.12946,19.12144,34.90129
2.919936,52.97878,46.12946,19.12144,8.744547
2.919936,52.97878,46.12946,19.12144,45.63968
2.919936,52.97878,46.12946,19.12144,32.1449
2.919936,52.97878,46.12946,19.12144,41.56059
2.919936,52.97878,46.12946,19.12144,25.50684
2.919936,52.97878,46.12946,19.12144,31.58847
2.919936,52.97878,46.12946,19.12144,32.54409
2.919936,52.97878,46.12946,19.12144,46.58732
2.919936,52.97878,46.12946,19.12144,45.77911
2.919936,52.97878,46.12946,19.12144,13.74756
2.919936,52.97878,46.12946,19.12144,35.54802
2.919936,52.97878,46.12946,19.12144,22.15446
2.919936,52.97878,46.12946,19.12144,4.237089
2.919936,52.97878,46.12946,19.12144,26.55881
2.919936,52.97878,46.12946,19.12144,30.76787
2.919936,52.97878,46.12946,19.12144,32.20173
2.919936,52.97878,46.12946,19.12144,18.11884
2.919936,52.97878,46.12946,19.12144,40.97995
2.919936,52.97878,46.12946,19.12144,39.61495
2.919936,52.97878,46.12946,19.12144,37.41286
2.919936,52.97878,46.12946,19.12144,41.47319
2.919936,52.97878,46.12946,19.12144,22.10347
2.919936,52.97878,46.12946,19.12144,24.49841
2.919936,52.97878,46.12946,19.12144,17.63903
2.919936,52.97878,46.12946,19.12144,11.86831
2.919936,52.97878,46.12946,19.12144,41.84209
2.919936,52.97878,46.12946,19.12144,24.28107
2.919936,52.97878,46.12946,19.12144,4.274037
2.919936,52.97878,46.12946,19.12144,28.75249
2.919936,52.97878,46.12946,19.12144,38.98852
2.919936,52.97878,46.12946,19.12144,33.37355
2.919936,52.97878,46.12946,19.12144,47.30814
2.919936,52.97878,46.12946,19.12144,25.70003
2.919936,52.97878,46.12946,19.12144,24.87381
2.919936,52.97878,46.12946,19.12144,12.72808
2.919936,52.97878,46.12946,19.12144,43.46378
2.919936,52.97878,46.12946,19.12144,34.29645
2.919936,52.97878,46.12946,19.12144,42.98487
2.919936,52.97878,46.12946,19.12144,40.50894
2.919936,52.97878,46.12946,19.12144,34.50151
2.919936,52.97878,46.12946,19.12144,32.54954
2.919936,52.97878,46.12946,19.12144,31.90172
2.919936,52.97878,46.12946,19.12144,45.6774
2.919936,52.97878,46.12946,19.12144,43.52826
2.919936,52.97878,46.12946,19.12144,43.5929
2.919936,52.97878,46.12946,19.12144,34.1679
2.919936,52.97878,46.12946,19.12144,42.73495
2.919936,52.97878,46.12946,19.12144,14.43435
2.919936,52.97878,46.12946,19.12144,15.51042
2.919936,52.97878,46.12946,19.12144,5.888274
2.919936,52.97878,46.12946,19.12144,24.46345
2.919936,52.97878,46.12946,19.12144,23.44804
2.919936,52.97878,46.12946,19.12144,36.91916
2.919936,52.97878,46.12946,19.12144,39.27243
2.919936,52.97878,46.12946,19.12144,41.63309
2.919936,52.97878,46.12946,19.12144,36.79621
2.919936,52.97878,46.12946,19.12144,35.48627
2.919936,52.97878,46.12946,19.12144,47.80002
2.919936,52.97878,46.12946,19.12144,41.77415
2.919936,52.97878,46.12946,19.12144,38.34355
2.919936,52.97878,46.12946,19.12144,25.32059
2.919936,52.97878,46.12946,19.12144,35.77283
2.919936,52.97878,46.12946,19.12144,44.11738
2.919936,52.97878,46.12946,19.12144,40.70492
2.919936,52.97878,46.12946,19.12144,26.72856
2.919936,52.97878,46.12946,19.12144,37.07553
2.919936,52.97878,46.12946,19.12144,26.05407
2.919936,52.97878,46.12946,19.12144,43.61308
2.919936,52.97878,46.12946,19.12144,15.61886
2.919936,52.97878,46.12946,19.12144,41.62552
2.919936,52.97878,46.12946,19.12144,29.79188
2.919936,52.97878,46.12946,19.12144,36.43531
2.919936,52.97878,46.12946,19.12144,34.74654
2.919936,52.97878,46.12946,19.12144,9.688807
2.919936,52.97878,46.12946,19.12144,26.60375
2.919936,52.97878,46.12946,19.12144,32.72962
2.919936,52.97878,46.12946,19.12144,38.31533
2.919936,52.97878,46.12946,19.12144,43.844
2.919936,52.97878,46.12946,19.12144,42.2036
2.919936,52.97878,46.12946,19.12144,19.05543
2.919936,52.97878,46.12946,19.12144,32.54482
2.919936,52.97878,46.12946,19.12144,40.05085
2.919936,52.97878,46.12946,19.12144,34.66004
2.919936,52.97878,46.12946,19.12144,44.66309
2.919936,52.97878,46.12946,19.12144,48.19385
2.919936,52.97878,46.12946,19.12144,15.09907
2.919936,52.97878,46.12946,19.12144,38.59097
2.919936,52.97878,46.12946,19.12144,27.66452
2.919936,52.97878,46.12946,19.12144,33.7035
2.919936,52.97878,46.12946,19.12144,35.96997
2.919936,52.97878,46.12946,19.12144,31.64602
2.919936,52.97878,46.12946,19.12144,18.51753
2.919936,52.97878,46.12946,19.12144,25.65118
2.919936,52.97878,46.12946,19.12144,36.33548
2.919936,52.97878,46.12946,19.12144,42.62272
2.919936,52.97878,46.12946,19.12144,40.4321
2.919936,52.97878,46.12946,19.12144,34.33314
2.919936,52.97878,46.12946,19.12144,25.84224
2.919936,52.97878,46.12946,19.12144,36.60541
2.919936,52.97878,46.12946,19.12144,26.87254
2.919936,52.97878,46.12946,19.12144,34.66917
2.919936,52.97878,46.12946,19.12144,40.84584
2.919936,52.97878,46.12946,19.12144,47.19704
2.919936,52.97878,46.12946,19.12144,38.96512
2.919936,52.97878,46.12946,19.12144,35.33698
2.919936,52.97878,46.12946,19.12144,39.87582
2.919936,52.97878,46.12946,19.12144,44.63303
2.919936,52.97878,46.12946,19.12144,26.10072
2.919936,52.97878,46.12946,19.12144,31.85207
2.919936,52.97878,46.12946,19.12144,46.36736
2.919936,52.97878,46.12946,19.12144,27.02234
2.919936,52.97878,46.12946,19.12144,48.24121
2.919936,52.97878,46.12946,19.12144,15.11997
2.919936,52.97878,46.12946,19.12144,40.75888
2.919936,52.97878,46.12946,19.12144,24.38842
2.919936,52.97878,46.12946,19.12144,39.76063
2.919936,52.97878,46.12946,19.12144,15.74562
2.919936,52.97878,46.12946,19.12144,44.72921
2.919936,52.97878,46.12946,19.12144,15.5501
2.919936,52.97878,46.12946,19.12144,42.24057
2.919936,52.97878,46.12946,19.12144,35.97473
2.919936,52.97878,46.12946,19.12144,42.17347
2.919936,52.97878,46.12946,19.12144,39.76016
2.919936,52.97878,46.12946,19.12144,34.06918
2.919936,52.97878,46.12946,19.12144,42.60041
2.919936,52.97878,46.12946,19.12144,45.16874
2.919936,52.97878,46.12946,19.12144,42.42797
2.919936,52.97878,46.12946,19.12144,45.7135
2.919936,52.97878,46.12946,19.12144,34.75755
2.919936,52.97878,46.12946,19.12144,35.6972
2.919936,52.97878,46.12946,19.12144,45.74082
2.919936,52.97878,46.12946,19.12144,23.43885
2.919936,52.97878,46.12946,19.12144,42.67566
2.919936,52.97878,46.12946,19.12144,23.11132
2.919936,52.97878,46.12946,19.12144,12.85901
2.919936,52.97878,46.12946,19.12144,41.03112
2.919936,52.97878,46.12946,19.12144,15.42742
2.919936,52.97878,46.12946,19.12144,10.73947
2.919936,52.97878,46.12946,19.12144,25.5047
2.919936,52.97878,46.12946,19.12144,27.24986
2.919936,52.97878,46.12946,19.12144,24.54262
2.919936,52.97878,46.12946,19.12144,41.72564
2.919936,52.97878,46.12946,19.12144,25.6256
2.919936,52.97878,46.12946,19.12144,26.24078
2.919936,52.97878,46.12946,19.12144,42.81232
2.919936,52.97878,46.12946,19.12144,30.61193
2.919936,52.97878,46.12946,19.12144,44.44489
2.919936,52.97878,46.12946,19.12144,43.22804
2.919936,52.97878,46.12946,19.12144,42.77027
2.919936,52.97878,46.12946,19.12144,33.72289
2.919936,52.97878,46.12946,19.12144,38.55095
2.919936,52.97878,46.12946,19.12144,27.90646
2.919936,52.97878,46.12946,19.12144,46.04748
2.919936,52.97878,46.12946,19.12144,26.17617
2.919936,52.97878,46.12946,19.12144,46.63952
2.919936,52.97878,46.12946,19.12144,25.43145
2.919936,52.97878,46.12946,19.12144,36.90223
2.919936,52.97878,46.12946,19.12144,29.95136
2.919936,52.97878,46.12946,19.12144,41.29535
2.919936,52.97878,46.12946,19.12144,45.99666
2.919936,52.97878,46.12946,19.12144,38.44301
2.919936,52.97878,46.12946,19.12144,39.50846
2.919936,52.97878,46.12946,19.12144,41.43171
2.919936,52.97878,46.12946,19.12144,28.17995
2.919936,52.97878,46.12946,19.12144,38.85671
2.919936,52.97878,46.12946,19.12144,25.7867
2.919936,52.97878,46.12946,19.12144,37.95484
2.919936,52.97878,46.12946,19.12144,27.61409
2.919936,52.97878,46.12946,19.12144,45.02979
2.919936,52.97878,46.12946,19.12144,38.11346
2.919936,52.97878,46.12946,19.12144,31.62407
2.919936,52.97878,46.12946,19.12144,39.55304
2.919936,52.97878,46.12946,19.12144,43.67189
2.919936,52.97878,46.12946,19.12144,37.39323
2.919936,52.97878,46.12946,19.12144,46.85164
2.919936,52.97878,46.12946,19.12144,37.65246
2.919936,52.97878,46.12946,19.12144,20.35744
2.919936,52.97878,46.12946,19.12144,38.57218
2.919936,52.97878,46.12946,19.12144,29.92633
2.919936,52.97878,46.12946,19.12144,36.87074
2.919936,52.97878,46.12946,19.12144,43.81179
2.919936,52.97878,46.12946,19.12144,23.49231
2.919936,52.97878,46.12946,19.12144,40.3017
2.919936,52.97878,46.12946,19.12144,38.21196
2.919936,52.97878,46.12946,19.12144,43.05916
2.919936,52.97878,46.12946,19.12144,7.155837
2.919936,52.97878,46.12946,19.12144,15.57119
2.919936,52.97878,46.12946,19.12144,27.10577
2.919936,52.97878,46.12946,19.12144,33.22807
2.919936,52.97878,46.12946,19.12144,37.27896
2.919936,52.97878,46.12946,19.12144,41.29383
2.919936,52.97878,46.12946,19.12144,42.32355
2.919936,52.97878,46.12946,19.12144,2.864153
2.919936,52.97878,46.12946,19.12144,35.15081
2.919936,52.97878,46.12946,19.12144,37.26601
2.919936,52.97878,46.12946,19.12144,32.42215
2.919936,52.97878,46.12946,19.12144,42.81025
2.919936,52.97878,46.12946,19.12144,2.236904
2.919936,52.97878,46.12946,19.12144,23.59681
2.919936,52.97878,46.12946,19.12144,48.64326
2.919936,52.97878,46.12946,19.12144,28.18596
2.919936,52.97878,46.12946,19.12144,11.22093
2.919936,52.97878,46.12946,19.12144,42.50211
2.919936,52.97878,46.12946,19.12144,7.303525
2.919936,52.97878,46.12946,19.12144,26.57277
2.919936,52.97878,46.12946,19.12144,18.64876
2.919936,52.97878,46.12946,19.12144,26.7881
2.919936,52.97878,46.12946,19.12144,36.41008
2.919936,52.97878,46.12946,19.12144,24.03457
2.919936,52.97878,46.12946,19.12144,16.56311
2.919936,52.97878,46.12946,19.12144,30.61566
2.919936,52.97878,46.12946,19.12144,33.81632
2.919936,52.97878,46.12946,19.12144,31.05097
2.919936,52.97878,46.12946,19.12144,41.98914
2.919936,52.97878,46.12946,19.12144,26.38386
2.919936,52.97878,46.12946,19.12144,11.31428
2.919936,52.97878,46.12946,19.12144,24.21937
2.919936,52.97878,46.12946,19.12144,16.62056
2.919936,52.97878,46.12946,19.12144,32.61067
2.919936,52.97878,46.12946,19.12144,25.40126
2.919936,52.97878,46.12946,19.12144,31.78833
2.919936,52.97878,46.12946,19.12144,36.62712
2.919936,52.97878,46.12946,19.12144,41.23501
2.919936,52.97878,46.12946,19.12144,38.06797
2.919936,52.97878,46.12946,19.12144,18.27187
2.919936,52.97878,46.12946,19.12144,46.05808
2.919936,52.97878,46.12946,19.12144,27.4291
2.919936,52.97878,46.12946,19.12144,18.67397
2.919936,52.97878,46.12946,19.12144,14.76247
2.919936,52.97878,46.12946,19.12144,27.33119
2.919936,52.97878,46.12946,19.12144,32.53212
2.919936,52.97878,46.12946,19.12144,24.84775
2.919936,52.97878,46.12946,19.12144,19.00738
2.919936,52.97878,46.12946,19.12144,41.72086
2.919936,52.97878,46.12946,19.12144,23.69176
2.919936,52.97878,46.12946,19.12144,26.10902
2.919936,52.97878,46.12946,19.12144,35.10739
2.919936,52.97878,46.12946,19.12144,15.15457
2.919936,52.97878,46.12946,19.12144,45.37198
2.919936,52.97878,46.12946,19.12144,37.03347
2.919936,52.97878,46.12946,19.12144,41.25718
2.919936,52.97878,46.12946,19.12144,36.4012
2.919936,52.97878,46.12946,19.12144,46.52446
2.919936,52.97878,46.12946,19.12144,42.14135
2.919936,52.97878,46.12946,19.12144,37.70431
2.919936,52.97878,46.12946,19.12144,40.67347
2.919936,52.97878,46.12946,19.12144,25.18262
2.919936,52.97878,46.12946,19.12144,45.66092
2.919936,52.97878,46.12946,19.12144,44.54076
2.919936,52.97878,46.12946,19.12144,37.54041
2.919936,52.97878,46.12946,19.12144,37.80526
2.919936,52.97878,46.12946,19.12144,38.76675
2.919936,52.97878,46.12946,19.12144,40.35794
2.919936,52.97878,46.12946,19.12144,10.281
2.919936,52.97878,46.12946,19.12144,37.05192
2.919936,52.97878,46.12946,19.12144,46.97232
2.919936,52.97878,46.12946,19.12144,33.05223
2.919936,52.97878,46.12946,19.12144,48.1016
2.919936,52.97878,46.12946,19.12144,33.53349
2.919936,52.97878,46.12946,19.12144,46.3417
2.919936,52.97878,46.12946,19.12144,42.32095
2.919936,52.97878,46.12946,19.12144,25.46069
2.919936,52.97878,46.12946,19.12144,46.90348
2.919936,52.97878,46.12946,19.12144,38.27349
2.919936,52.97878,46.12946,19.12144,23.54863
2.919936,52.97878,46.12946,19.12144,38.88259
2.919936,52.97878,46.12946,19.12144,43.51827
2.919936,52.97878,46.12946,19.12144,35.05911
2.919936,52.97878,46.12946,19.12144,39.97352
2.919936,52.97878,46.12946,19.12144,46.64647
2.919936,52.97878,46.12946,19.12144,47.53492
2.919936,52.97878,46.12946,19.12144,46.35022
2.919936,52.97878,46.12946,19.12144,33.17074
2.919936,52.97878,46.12946,19.12144,3.612178
2.919936,52.97878,46.12946,19.12144,19.60415
2.919936,52.97878,46.12946,19.12144,48.9173
2.919936,52.97878,46.12946,19.12144,31.41377
2.919936,52.97878,46.12946,19.12144,42.65569
2.919936,52.97878,46.12946,19.12144,43.79641
2.919936,52.97878,46.12946,19.12144,12.67061
2.919936,52.97878,46.12946,19.12144,13.85068
2.919936,52.97878,46.12946,19.12144,47.40524
2.919936,52.97878,46.12946,19.12144,36.84003
2.919936,52.97878,46.12946,19.12144,41.31971
2.919936,52.97878,46.12946,19.12144,43.33145
2.919936,52.97878,46.12946,19.12144,45.68962
2.919936,52.97878,46.12946,19.12144,40.33701
2.919936,52.97878,46.12946,19.12144,28.55311
2.919936,52.97878,46.12946,19.12144,24.97002
2.919936,52.97878,46.12946,19.12144,39.60455
2.919936,52.97878,46.12946,19.12144,42.16525
2.919936,52.97878,46.12946,19.12144,41.58166
2.919936,52.97878,46.12946,19.12144,47.09904
2.919936,52.97878,46.12946,19.12144,42.55159
2.919936,52.97878,46.12946,19.12144,12.90167
2.919936,52.97878,46.12946,19.12144,30.99357
2.919936,52.97878,46.12946,19.12144,36.19024
2.919936,52.97878,46.12946,19.12144,35.13829
2.919936,52.97878,46.12946,19.12144,32.55396
2.919936,52.97878,46.12946,19.12144,37.52684
2.919936,52.97878,46.12946,19.12144,13.53022
2.919936,52.97878,46.12946,19.12144,43.43576
2.919936,52.97878,46.12946,19.12144,13.83447
2.919936,52.97878,46.12946,19.12144,39.94378
2.919936,52.97878,46.12946,19.12144,41.71954
2.919936,52.97878,46.12946,19.12144,30.32866
2.919936,52.97878,46.12946,19.12144,11.84473
2.919936,52.97878,46.12946,19.12144,36.94349
2.919936,52.97878,46.12946,19.12144,42.08793
2.919936,52.97878,46.12946,19.12144,43.03998
2.919936,52.97878,46.12946,19.12144,37.99513
2.919936,52.97878,46.12946,19.12144,35.3722
2.919936,52.97878,46.12946,19.12144,46.56354
2.919936,52.97878,46.12946,19.12144,20.01971
2.919936,52.97878,46.12946,19.12144,40.5681
2.919936,52.97878,46.12946,19.12144,37.06046
2.919936,52.97878,46.12946,19.12144,1.629482
2.919936,52.97878,46.12946,19.12144,41.40079
2.919936,52.97878,46.12946,19.12144,31.57758
2.919936,52.97878,46.12946,19.12144,40.5435
2.919936,52.97878,46.12946,19.12144,2.348472
2.919936,52.97878,46.12946,19.12144,44.05898
2.919936,52.97878,46.12946,19.12144,38.81736
2.919936,52.97878,46.12946,19.12144,40.62755
2.919936,52.97878,46.12946,19.12144,30.88948
2.919936,52.97878,46.12946,19.12144,12.7475
2.919936,52.97878,46.12946,19.12144,36.2452
2.919936,52.97878,46.12946,19.12144,16.87655
2.919936,52.97878,46.12946,19.12144,26.24621
2.919936,52.97878,46.12946,19.12144,38.42742
2.919936,52.97878,46.12946,19.12144,35.89819
2.919936,52.97878,46.12946,19.12144,32.95107
2.919936,52.97878,46.12946,19.12144,42.35423
2.919936,52.97878,46.12946,19.12144,42.30711
2.919936,52.97878,46.12946,19.12144,39.31681
2.919936,52.97878,46.12946,19.12144,41.36859
2.919936,52.97878,46.12946,19.12144,32.11222
2.919936,52.97878,46.12946,19.12144,28.47562
2.919936,52.97878,46.12946,19.12144,34.38325
2.919936,52.97878,46.12946,19.12144,11.27045
2.919936,52.97878,46.12946,19.12144,39.94802
2.919936,52.97878,46.12946,19.12144,30.65334
2.919936,52.97878,46.12946,19.12144,5.510668
2.919936,52.97878,46.12946,19.12144,40.78608
2.919936,52.97878,46.12946,19.12144,24.85118
2.919936,52.97878,46.12946,19.12144,15.42585
2.919936,52.97878,46.12946,19.12144,34.48614
2.919936,52.97878,46.12946,19.12144,39.86083
2.919936,52.97878,46.12946,19.12144,34.98325
2.919936,52.97878,46.12946,19.12144,30.35987
2.919936,52.97878,46.12946,19.12144,18.56485
2.919936,52.97878,46.12946,19.12144,12.36846
2.919936,52.97878,46.12946,19.12144,40.21287
2.919936,52.97878,46.12946,19.12144,42.9668
2.919936,52.97878,46.12946,19.12144,24.95175
2.919936,52.97878,46.12946,19.12144,3.16887
2.919936,52.97878,46.12946,19.12144,34.65009
2.919936,52.97878,46.12946,19.12144,32.84499
2.919936,52.97878,46.12946,19.12144,29.15566
2.919936,52.97878,46.12946,19.12144,38.6217
2.919936,52.97878,46.12946,19.12144,25.25808
2.919936,52.97878,46.12946,19.12144,14.17296
2.919936,52.97878,46.12946,19.12144,11.59669
2.919936,52.97878,46.12946,19.12144,15.59336
2.919936,52.97878,46.12946,19.12144,28.46507
2.919936,52.97878,46.12946,19.12144,36.47345
2.919936,52.97878,46.12946,19.12144,16.61492
2.919936,52.97878,46.12946,19.12144,6.802436
2.919936,52.97878,46.12946,19.12144,43.16416
2.919936,52.97878,46.12946,19.12144,36.49501
2.919936,52.97878,46.12946,19.12144,36.07753
2.919936,52.97878,46.12946,19.12144,32.58273
2.919936,52.97878,46.12946,19.12144,19.05893
2.919936,52.97878,46.12946,19.12144,31.48467
2.919936,52.97878,46.12946,19.12144,29.8192
2.919936,52.97878,46.12946,19.12144,46.22854
2.919936,52.97878,46.12946,19.12144,45.31141
2.919936,52.97878,46.12946,19.12144,31.1431
2.919936,52.97878,46.12946,19.12144,29.43864
2.919936,52.97878,46.12946,19.12144,44.00114
2.919936,52.97878,46.12946,19.12144,40.0616
2.919936,52.97878,46.12946,19.12144,33.49643
2.919936,52.97878,46.12946,19.12144,31.13039
2.919936,52.97878,46.12946,19.12144,23.81339
2.919936,52.97878,46.12946,19.12144,26.70975
2.919936,52.97878,46.12946,19.12144,24.70314
2.919936,52.97878,46.12946,19.12144,40.5593
2.919936,52.97878,46.12946,19.12144,21.35618
2.919936,52.97878,46.12946,19.12144,31.96086
2.919936,52.97878,46.12946,19.12144,26.49524
2.919936,52.97878,46.12946,19.12144,20.69534
2.919936,52.97878,46.12946,19.12144,24.28564
2.919936,52.97878,46.12946,19.12144,7.891072
2.919936,52.97878,46.12946,19.12144,32.61134
2.919936,52.97878,46.12946,19.12144,39.91375
2.919936,52.97878,46.12946,19.12144,27.43871
2.919936,52.97878,46.12946,19.12144,42.88583
2.919936,52.97878,46.12946,19.12144,31.4883
2.919936,52.97878,46.12946,19.12144,38.99642
2.919936,52.97878,46.12946,19.12144,40.08379
2.919936,52.97878,46.12946,19.12144,26.05344
2.919936,52.97878,46.12946,19.12144,28.56265
2.919936,52.97878,46.12946,19.12144,31.44101
2.919936,52.97878,46.12946,19.12144,42.09143
2.919936,52.97878,46.12946,19.12144,41.74006
2.919936,52.97878,46.12946,19.12144,35.6259
2.919936,52.97878,46.12946,19.12144,32.74908
2.919936,52.97878,46.12946,19.12144,10.61081
2.919936,52.97878,46.12946,19.12144,18.97126
2.919936,52.97878,46.12946,19.12144,35.12505
2.919936,52.97878,46.12946,19.12144,36.96771
2.919936,52.97878,46.12946,19.12144,38.22534
2.919936,52.97878,46.12946,19.12144,48.11263
2.919936,52.97878,46.12946,19.12144,42.20945
2.919936,52.97878,46.12946,19.12144,40.05393
2.919936,52.97878,46.12946,19.12144,41.20231
2.919936,52.97878,46.12946,19.12144,34.28307
2.919936,52.97878,46.12946,19.12144,22.06833
2.919936,52.97878,46.12946,19.12144,47.70969
2.919936,52.97878,46.12946,19.12144,45.22208
2.919936,52.97878,46.12946,19.12144,22.04736
2.919936,52.97878,46.12946,19.12144,44.52129
2.919936,52.97878,46.12946,19.12144,43.8021
2.919936,52.97878,46.12946,19.12144,25.68546
2.919936,52.97878,46.12946,19.12144,15.36429
2.919936,52.97878,46.12946,19.12144,40.07812
2.919936,52.97878,46.12946,19.12144,39.36668
2.919936,52.97878,46.12946,19.12144,32.69094
2.919936,52.97878,46.12946,19.12144,29.12228
2.919936,52.97878,46.12946,19.12144,15.31423
2.919936,52.97878,46.12946,19.12144,27.35136
2.919936,52.97878,46.12946,19.12144,39.96212
2.919936,52.97878,46.12946,19.12144,29.4946
2.919936,52.97878,46.12946,19.12144,17.22322
2.919936,52.97878,46.12946,19.12144,40.84137
2.919936,52.97878,46.12946,19.12144,42.75324
2.919936,52.97878,46.12946,19.12144,45.76919
2.919936,52.97878,46.12946,19.12144,39.24401
2.919936,52.97878,46.12946,19.12144,23.58695
2.919936,52.97878,46.12946,19.12144,28.70194
2.919936,52.97878,46.12946,19.12144,39.32333
2.919936,52.97878,46.12946,19.12144,46.20406
2.919936,52.97878,46.12946,19.12144,27.57914
2.919936,52.97878,46.12946,19.12144,26.28947
2.919936,52.97878,46.12946,19.12144,31.43724
2.919936,52.97878,46.12946,19.12144,15.49474
2.919936,52.97878,46.12946,19.12144,40.70032
2.919936,52.97878,46.12946,19.12144,41.32813
2.919936,52.97878,46.12946,19.12144,44.42144
2.919936,52.97878,46.12946,19.12144,28.0812
2.919936,52.97878,46.12946,19.12144,45.72993
2.919936,52.97878,46.12946,19.12144,45.42466
2.919936,52.97878,46.12946,19.12144,47.04836
2.919936,52.97878,46.12946,19.12144,40.40606
2.919936,52.97878,46.12946,19.12144,5.663746
2.919936,52.97878,46.12946,19.12144,41.38939
2.919936,52.97878,46.12946,19.12144,25.96966
2.919936,52.97878,46.12946,19.12144,36.04959
2.919936,52.97878,46.12946,19.12144,32.23435
2.919936,52.97878,46.12946,19.12144,43.33604
2.919936,52.97878,46.12946,19.12144,23.45267
2.919936,52.97878,46.12946,19.12144,47.81928
2.919936,52.97878,46.12946,19.12144,44.25334
2.919936,52.97878,46.12946,19.12144,47.26038
2.919936,52.97878,46.12946,19.12144,17.82691
2.919936,52.97878,46.12946,19.12144,29.58787
2.919936,52.97878,46.12946,19.12144,34.65706
2.919936,52.97878,46.12946,19.12144,23.49694
2.919936,52.97878,46.12946,19.12144,39.87874
2.919936,52.97878,46.12946,19.12144,42.83752
2.919936,52.97878,46.12946,19.12144,41.16003
2.919936,52.97878,46.12946,19.12144,32.60093
2.919936,52.97878,46.12946,19.12144,45.16925
2.919936,52.97878,46.12946,19.12144,46.04305
2.919936,52.97878,46.12946,19.12144,25.80275
2.919936,52.97878,46.12946,19.12144,42.86305
2.919936,52.97878,46.12946,19.12144,42.88627
2.919936,52.97878,46.12946,19.12144,39.37915
2.919936,52.97878,46.12946,19.12144,3.218887
2.919936,52.97878,46.12946,19.12144,39.46044
2.919936,52.97878,46.12946,19.12144,27.05447
2.919936,52.97878,46.12946,19.12144,13.98017
2.919936,52.97878,46.12946,19.12144,32.62917
2.919936,52.97878,46.12946,19.12144,41.29924
2.919936,52.97878,46.12946,19.12144,17.89753
2.919936,52.97878,46.12946,19.12144,26.78904
2.919936,52.97878,46.12946,19.12144,28.30106
2.919936,52.97878,46.12946,19.12144,44.3393
2.919936,52.97878,46.12946,19.12144,19.18434
2.919936,52.97878,46.12946,19.12144,23.63766
2.919936,52.97878,46.12946,19.12144,30.9374
2.919936,52.97878,46.12946,19.12144,32.01392
2.919936,52.97878,46.12946,19.12144,41.33546
2.919936,52.97878,46.12946,19.12144,36.40185
2.919936,52.97878,46.12946,19.12144,32.42634
2.919936,52.97878,46.12946,19.12144,41.84246
2.919936,52.97878,46.12946,19.12144,39.29795
2.919936,52.97878,46.12946,19.12144,39.20565
2.919936,52.97878,46.12946,19.12144,33.74261
2.919936,52.97878,46.12946,19.12144,23.25001
2.919936,52.97878,46.12946,19.12144,18.53166
2.919936,52.97878,46.12946,19.12144,30.0011
2.919936,52.97878,46.12946,19.12144,17.32765
2.919936,52.97878,46.12946,19.12144,43.57644
2.919936,52.97878,46.12946,19.12144,42.19769
2.919936,52.97878,46.12946,19.12144,34.04604
2.919936,52.97878,46.12946,19.12144,41.36963
2.919936,52.97878,46.12946,19.12144,37.12606
2.919936,52.97878,46.12946,19.12144,46.64734
2.919936,52.97878,46.12946,19.12144,42.43067
2.919936,52.97878,46.12946,19.12144,23.18885
2.919936,52.97878,46.12946,19.12144,39.55316
2.919936,52.97878,46.12946,19.12144,26.81021
2.919936,52.97878,46.12946,19.12144,42.97918
2.919936,52.97878,46.12946,19.12144,31.20626
2.919936,52.97878,46.12946,19.12144,43.9938
2.919936,52.97878,46.12946,19.12144,32.24862
2.919936,52.97878,46.12946,19.12144,38.34889
2.919936,52.97878,46.12946,19.12144,43.51362
2.919936,52.97878,46.12946,19.12144,24.80717
2.919936,52.97878,46.12946,19.12144,18.33892
2.919936,52.97878,46.12946,19.12144,39.0658
2.919936,52.97878,46.12946,19.12144,34.92162
2.919936,52.97878,46.12946,19.12144,39.71552
2.919936,52.97878,46.12946,19.12144,43.48487
2.919936,52.97878,46.12946,19.12144,27.85551
2.919936,52.97878,46.12946,19.12144,25.28999
2.919936,52.97878,46.12946,19.12144,41.87928
2.919936,52.97878,46.12946,19.12144,38.27299
2.919936,52.97878,46.12946,19.12144,23.06821
2.919936,52.97878,46.12946,19.12144,45.61155
2.919936,52.97878,46.12946,19.12144,18.69292
2.919936,52.97878,46.12946,19.12144,42.44359
2.919936,52.97878,46.12946,19.12144,2.244952
2.919936,52.97878,46.12946,19.12144,22.83774
2.919936,52.97878,46.12946,19.12144,26.24656
2.919936,52.97878,46.12946,19.12144,32.8812
2.919936,52.97878,46.12946,19.12144,40.04914
2.919936,52.97878,46.12946,19.12144,18.79913
2.919936,52.97878,46.12946,19.12144,47.24628
2.919936,52.97878,46.12946,19.12144,15.10412
2.919936,52.97878,46.12946,19.12144,2.026195
2.919936,52.97878,46.12946,19.12144,25.4108
2.919936,52.97878,46.12946,19.12144,8.5418
2.919936,52.97878,46.12946,19.12144,31.64756
2.919936,52.97878,46.12946,19.12144,45.16497
2.919936,52.97878,46.12946,19.12144,18.38361
2.919936,52.97878,46.12946,19.12144,11.52725
2.919936,52.97878,46.12946,19.12144,28.015
2.919936,52.97878,46.12946,19.12144,43.92386
2.919936,52.97878,46.12946,19.12144,41.43433
2.919936,52.97878,46.12946,19.12144,20.7298
2.919936,52.97878,46.12946,19.12144,43.46088
2.919936,52.97878,46.12946,19.12144,4.360879
2.919936,52.97878,46.12946,19.12144,23.51572
2.919936,52.97878,46.12946,19.12144,44.21458
2.919936,52.97878,46.12946,19.12144,6.527911
2.919936,52.97878,46.12946,19.12144,41.93095
2.919936,52.97878,46.12946,19.12144,32.76221
2.919936,52.97878,46.12946,19.12144,43.76535
2.919936,52.97878,46.12946,19.12144,40.73019
2.919936,52.97878,46.12946,19.12144,23.71054
2.919936,52.97878,46.12946,19.12144,28.19363
2.919936,52.97878,46.12946,19.12144,31.81548
2.919936,52.97878,46.12946,19.12144,41.25429
2.919936,52.97878,46.12946,19.12144,40.54561
2.919936,52.97878,46.12946,19.12144,30.25707
2.919936,52.97878,46.12946,19.12144,28.69383
2.919936,52.97878,46.12946,19.12144,41.34577
2.919936,52.97878,46.12946,19.12144,42.51253
2.919936,52.97878,46.12946,19.12144,18.11275
2.919936,52.97878,46.12946,19.12144,22.27435
2.919936,52.97878,46.12946,19.12144,29.63751
2.919936,52.97878,46.12946,19.12144,26.02685
2.919936,52.97878,46.12946,19.12144,38.91046
2.919936,52.97878,46.12946,19.12144,13.48746
2.919936,52.97878,46.12946,19.12144,42.31987
2.919936,52.97878,46.12946,19.12144,12.1489
2.919936,52.97878,46.12946,19.12144,39.66241
2.919936,52.97878,46.12946,19.12144,11.24647
2.919936,52.97878,46.12946,19.12144,37.55206
2.919936,52.97878,46.12946,19.12144,31.11198
2.919936,52.97878,46.12946,19.12144,38.69914
2.919936,52.97878,46.12946,19.12144,20.0806
2.919936,52.97878,46.12946,19.12144,32.39405
2.919936,52.97878,46.12946,19.12144,28.7573
2.919936,52.97878,46.12946,19.12144,4.546329
2.919936,52.97878,46.12946,19.12144,10.00173
2.919936,52.97878,46.12946,19.12144,42.83813
2.919936,52.97878,46.12946,19.12144,31.2628
2.919936,52.97878,46.12946,19.12144,34.09876
2.919936,52.97878,46.12946,19.12144,31.6019
2.919936,52.97878,46.12946,19.12144,46.76676
2.919936,52.97878,46.12946,19.12144,35.40506
2.919936,52.97878,46.12946,19.12144,34.59876
2.919936,52.97878,46.12946,19.12144,19.79052
2.919936,52.97878,46.12946,19.12144,39.18559
2.919936,52.97878,46.12946,19.12144,45.45391
2.919936,52.97878,46.12946,19.12144,6.072412
2.919936,52.97878,46.12946,19.12144,30.2048
2.919936,52.97878,46.12946,19.12144,43.09142
2.919936,52.97878,46.12946,19.12144,16.00621
2.919936,52.97878,46.12946,19.12144,5.430914
2.919936,52.97878,46.12946,19.12144,39.02563
2.919936,52.97878,46.12946,19.12144,23.3134
2.919936,52.97878,46.12946,19.12144,26.96133
2.919936,52.97878,46.12946,19.12144,32.40673
2.919936,52.97878,46.12946,19.12144,32.29569
2.919936,52.97878,46.12946,19.12144,31.15283
2.919936,52.97878,46.12946,19.12144,26.92505
2.919936,52.97878,46.12946,19.12144,39.41766
2.919936,52.97878,46.12946,19.12144,39.52389
2.919936,52.97878,46.12946,19.12144,17.54218
2.919936,52.97878,46.12946,19.12144,34.81253
2.919936,52.97878,46.12946,19.12144,31.54034
2.919936,52.97878,46.12946,19.12144,41.3408
2.919936,52.97878,46.12946,19.12144,34.50066
2.919936,52.97878,46.12946,19.12144,34.60993
2.919936,52.97878,46.12946,19.12144,34.10157
2.919936,52.97878,46.12946,19.12144,34.03075
2.919936,52.97878,46.12946,19.12144,10.34222
2.919936,52.97878,46.12946,19.12144,19.9408
2.919936,52.97878,46.12946,19.12144,18.00445
2.919936,52.97878,46.12946,19.12144,1.731154
2.919936,52.97878,46.12946,19.12144,41.55775
2.919936,52.97878,46.12946,19.12144,34.15718
2.919936,52.97878,46.12946,19.12144,32.22898
2.919936,52.97878,46.12946,19.12144,43.55051
2.919936,52.97878,46.12946,19.12144,26.81163
2.919936,52.97878,46.12946,19.12144,30.4046
2.919936,52.97878,46.12946,19.12144,10.77291
2.919936,52.97878,46.12946,19.12144,20.66635
2.919936,52.97878,46.12946,19.12144,32.11254
2.919936,52.97878,46.12946,19.12144,32.92212
2.919936,52.97878,46.12946,19.12144,32.36273
2.919936,52.97878,46.12946,19.12144,38.12429
2.919936,52.97878,46.12946,19.12144,44.43068
2.919936,52.97878,46.12946,19.12144,32.75253
2.919936,52.97878,46.12946,19.12144,21.29711
2.919936,52.97878,46.12946,19.12144,25.82129
2.919936,52.97878,46.12946,19.12144,31.01526
2.919936,52.97878,46.12946,19.12144,45.71815
2.919936,52.97878,46.12946,19.12144,40.77338
2.919936,52.97878,46.12946,19.12144,34.36292
2.919936,52.97878,46.12946,19.12144,40.4318
2.919936,52.97878,46.12946,19.12144,35.6591
2.919936,52.97878,46.12946,19.12144,34.29651
2.919936,52.97878,46.12946,19.12144,21.63757
2.919936,52.97878,46.12946,19.12144,2.440194
2.919936,52.97878,46.12946,19.12144,33.09665
2.919936,52.97878,46.12946,19.12144,33.02053
2.919936,52.97878,46.12946,19.12144,38.10548
2.919936,52.97878,46.12946,19.12144,11.40954
2.919936,52.97878,46.12946,19.12144,2.337198
2.919936,52.97878,46.12946,19.12144,40.47612
2.919936,52.97878,46.12946,19.12144,42.98952
2.919936,52.97878,46.12946,19.12144,44.9354
2.919936,52.97878,46.12946,19.12144,37.74841
2.919936,52.97878,46.12946,19.12144,43.57541
2.919936,52.97878,46.12946,19.12144,36.78902
2.919936,52.97878,46.12946,19.12144,26.15205
2.919936,52.97878,46.12946,19.12144,42.37696
2.919936,52.97878,46.12946,19.12144,38.69746
2.919936,52.97878,46.12946,19.12144,18.73045
2.919936,52.97878,46.12946,19.12144,44.66338
2.919936,52.97878,46.12946,19.12144,37.01435
2.919936,52.97878,46.12946,19.12144,37.52062
2.919936,52.97878,46.12946,19.12144,38.15804
2.919936,52.97878,46.12946,19.12144,32.81649
2.919936,52.97878,46.12946,19.12144,34.06717
2.919936,52.97878,46.12946,19.12144,16.99907
2.919936,52.97878,46.12946,19.12144,37.6335
2.919936,52.97878,46.12946,19.12144,7.055955
2.919936,52.97878,46.12946,19.12144,30.96807
2.919936,52.97878,46.12946,19.12144,44.41372
2.919936,52.97878,46.12946,19.12144,28.60202
2.919936,52.97878,46.12946,19.12144,37.93868
2.919936,52.97878,46.12946,19.12144,35.72504
2.919936,52.97878,46.12946,19.12144,42.78464
2.919936,52.97878,46.12946,19.12144,18.11112
2.919936,52.97878,46.12946,19.12144,46.29844
2.919936,52.97878,46.12946,19.12144,38.78236
2.919936,52.97878,46.12946,19.12144,37.60145
2.919936,52.97878,46.12946,19.12144,28.10714
2.919936,52.97878,46.12946,19.12144,38.50841
2.919936,52.97878,46.12946,19.12144,40.47663
2.919936,52.97878,46.12946,19.12144,39.13979
2.919936,52.97878,46.12946,19.12144,28.9051
2.919936,52.97878,46.12946,19.12144,42.66138
2.919936,52.97878,46.12946,19.12144,12.17253
2.919936,52.97878,46.12946,19.12144,40.48164
2.919936,52.97878,46.12946,19.12144,26.37007
2.919936,52.97878,46.12946,19.12144,44.48026
2.919936,52.97878,46.12946,19.12144,34.31244
2.919936,52.97878,46.12946,19.12144,18.95434
2.919936,52.97878,46.12946,19.12144,15.88182
2.919936,52.97878,46.12946,19.12144,10.56059
2.919936,52.97878,46.12946,19.12144,30.93282
2.919936,52.97878,46.12946,19.12144,32.93856
2.919936,52.97878,46.12946,19.12144,25.51453
2.919936,52.97878,46.12946,19.12144,35.09947
2.919936,52.97878,46.12946,19.12144,28.54082
2.919936,52.97878,46.12946,19.12144,9.228736
2.919936,52.97878,46.12946,19.12144,44.93747
2.919936,52.97878,46.12946,19.12144,30.30433
2.919936,52.97878,46.12946,19.12144,30.01035
2.919936,52.97878,46.12946,19.12144,46.7683
2.919936,52.97878,46.12946,19.12144,46.77967
2.919936,52.97878,46.12946,19.12144,28.13132
2.919936,52.97878,46.12946,19.12144,38.91253
2.919936,52.97878,46.12946,19.12144,24.52731
2.919936,52.97878,46.12946,19.12144,27.72649
2.919936,52.97878,46.12946,19.12144,41.73972
2.919936,52.97878,46.12946,19.12144,33.24454
2.919936,52.97878,46.12946,19.12144,34.40063
2.919936,52.97878,46.12946,19.12144,25.6261
2.919936,52.97878,46.12946,19.12144,41.54814
2.919936,52.97878,46.12946,19.12144,22.18206
2.919936,52.97878,46.12946,19.12144,29.45837
2.919936,52.97878,46.12946,19.12144,39.15908
2.919936,52.97878,46.12946,19.12144,30.21106
2.919936,52.97878,46.12946,19.12144,12.98475
2.919936,52.97878,46.12946,19.12144,14.17466
2.919936,52.97878,46.12946,19.12144,34.0079
2.919936,52.97878,46.12946,19.12144,16.05248
2.919936,52.97878,46.12946,19.12144,25.97918
2.919936,52.97878,46.12946,19.12144,24.79415
2.919936,52.97878,46.12946,19.12144,31.83179
2.919936,52.97878,46.12946,19.12144,32.94287
2.919936,52.97878,46.12946,19.12144,35.92082
2.919936,52.97878,46.12946,19.12144,45.58188
2.919936,52.97878,46.12946,19.12144,22.26378
2.919936,52.97878,46.12946,19.12144,27.04887
2.919936,52.97878,46.12946,19.12144,39.2335
2.919936,52.97878,46.12946,19.12144,37.0267
2.919936,52.97878,46.12946,19.12144,27.64887
2.919936,52.97878,46.12946,19.12144,26.36149
2.919936,52.97878,46.12946,19.12144,46.18722
2.919936,52.97878,46.12946,19.12144,15.94074
2.919936,52.97878,46.12946,19.12144,38.33381
2.919936,52.97878,46.12946,19.12144,28.84455
2.919936,52.97878,46.12946,19.12144,16.50822
2.919936,52.97878,46.12946,19.12144,9.378327
2.919936,52.97878,46.12946,19.12144,27.20988
2.919936,52.97878,46.12946,19.12144,39.45066
2.919936,52.97878,46.12946,19.12144,43.04975
2.919936,52.97878,46.12946,19.12144,39.53581
2.919936,52.97878,46.12946,19.12144,1.775671
2.919936,52.97878,46.12946,19.12144,46.6828
2.919936,52.97878,46.12946,19.12144,2.889662
2.919936,52.97878,46.12946,19.12144,33.27117
2.919936,52.97878,46.12946,19.12144,43.11826
2.919936,52.97878,46.12946,19.12144,33.21263
2.919936,52.97878,46.12946,19.12144,31.29569
2.919936,52.97878,46.12946,19.12144,24.98069
2.919936,52.97878,46.12946,19.12144,42.86453
2.919936,52.97878,46.12946,19.12144,26.06092
2.919936,52.97878,46.12946,19.12144,46.75349
2.919936,52.97878,46.12946,19.12144,37.9844
2.919936,52.97878,46.12946,19.12144,30.65251
2.919936,52.97878,46.12946,19.12144,33.17279
2.919936,52.97878,46.12946,19.12144,29.18185
2.919936,52.97878,46.12946,19.12144,43.49425
2.919936,52.97878,46.12946,19.12144,11.91057
2.919936,52.97878,46.12946,19.12144,20.79475
2.919936,52.97878,46.12946,19.12144,5.484708
2.919936,52.97878,46.12946,19.12144,36.18624
2.919936,52.97878,46.12946,19.12144,42.13114
2.919936,52.97878,46.12946,19.12144,45.87924
2.919936,52.97878,46.12946,19.12144,17.70791
2.919936,52.97878,46.12946,19.12144,37.5572
2.919936,52.97878,46.12946,19.12144,18.75395
2.919936,52.97878,46.12946,19.12144,41.88487
2.919936,52.97878,46.12946,19.12144,22.37453
2.919936,52.97878,46.12946,19.12144,41.91064
2.919936,52.97878,46.12946,19.12144,44.12119
2.919936,52.97878,46.12946,19.12144,45.70522
2.919936,52.97878,46.12946,19.12144,36.13021
2.919936,52.97878,46.12946,19.12144,30.51501
2.919936,52.97878,46.12946,19.12144,34.94026
2.919936,52.97878,46.12946,19.12144,38.37498
2.919936,52.97878,46.12946,19.12144,42.56863
2.919936,52.97878,46.12946,19.12144,2.03191
2.919936,52.97878,46.12946,19.12144,46.90931
2.919936,52.97878,46.12946,19.12144,28.99939
2.919936,52.97878,46.12946,19.12144,36.39732
2.919936,52.97878,46.12946,19.12144,19.11597
2.919936,52.97878,46.12946,19.12144,47.40687
2.919936,52.97878,46.12946,19.12144,13.0151
2.919936,52.97878,46.12946,19.12144,16.07674
2.919936,52.97878,46.12946,19.12144,30.7064
2.919936,52.97878,46.12946,19.12144,28.00677
2.919936,52.97878,46.12946,19.12144,48.98536
2.919936,52.97878,46.12946,19.12144,41.8435
2.919936,52.97878,46.12946,19.12144,35.11204
2.919936,52.97878,46.12946,19.12144,40.83724
2.919936,52.97878,46.12946,19.12144,24.87904
2.919936,52.97878,46.12946,19.12144,11.9029
2.919936,52.97878,46.12946,19.12144,17.04969
2.919936,52.97878,46.12946,19.12144,39.99617
2.919936,52.97878,46.12946,19.12144,43.33448
2.919936,52.97878,46.12946,19.12144,27.57994
2.919936,52.97878,46.12946,19.12144,41.52228
2.919936,52.97878,46.12946,19.12144,31.63663
2.919936,52.97878,46.12946,19.12144,21.04257
2.919936,52.97878,46.12946,19.12144,38.91141
2.919936,52.97878,46.12946,19.12144,1.594326
2.919936,52.97878,46.12946,19.12144,14.88975
2.919936,52.97878,46.12946,19.12144,48.44017
2.919936,52.97878,46.12946,19.12144,17.75527
2.919936,52.97878,46.12946,19.12144,32.37926
2.919936,52.97878,46.12946,19.12144,23.42204
2.919936,52.97878,46.12946,19.12144,42.62371
2.919936,52.97878,46.12946,19.12144,26.88033
2.919936,52.97878,46.12946,19.12144,18.69395
2.919936,52.97878,46.12946,19.12144,46.68878
2.919936,52.97878,46.12946,19.12144,43.90488
2.919936,52.97878,46.12946,19.12144,23.36304
2.919936,52.97878,46.12946,19.12144,27.48397
2.919936,52.97878,46.12946,19.12144,25.47636
2.919936,52.97878,46.12946,19.12144,13.03515
2.919936,52.97878,46.12946,19.12144,33.69739
2.919936,52.97878,46.12946,19.12144,41.20333
2.919936,52.97878,46.12946,19.12144,38.36437
2.919936,52.97878,46.12946,19.12144,14.27279
2.919936,52.97878,46.12946,19.12144,19.02504
2.919936,52.97878,46.12946,19.12144,29.55996
2.919936,52.97878,46.12946,19.12144,44.49525
2.919936,52.97878,46.12946,19.12144,24.18923
2.919936,52.97878,46.12946,19.12144,11.90787
2.919936,52.97878,46.12946,19.12144,43.96749
2.919936,52.97878,46.12946,19.12144,30.42051
2.919936,52.97878,46.12946,19.12144,33.06497
2.919936,52.97878,46.12946,19.12144,2.36776
2.919936,52.97878,46.12946,19.12144,40.21435
2.919936,52.97878,46.12946,19.12144,37.18882
2.919936,52.97878,46.12946,19.12144,36.97491
2.919936,52.97878,46.12946,19.12144,31.94679
2.919936,52.97878,46.12946,19.12144,45.50817
2.919936,52.97878,46.12946,19.12144,11.44429
2.919936,52.97878,46.12946,19.12144,23.01706
2.919936,52.97878,46.12946,19.12144,43.17583
2.919936,52.97878,46.12946,19.12144,34.61908
2.919936,52.97878,46.12946,19.12144,33.9133
2.919936,52.97878,46.12946,19.12144,28.18256
2.919936,52.97878,46.12946,19.12144,9.290221
2.919936,52.97878,46.12946,19.12144,39.15453
2.919936,52.97878,46.12946,19.12144,42.35442
2.919936,52.97878,46.12946,19.12144,26.01021
2.919936,52.97878,46.12946,19.12144,43.6748
2.919936,52.97878,46.12946,19.12144,23.26158
2.919936,52.97878,46.12946,19.12144,44.28735
2.919936,52.97878,46.12946,19.12144,32.29074
2.919936,52.97878,46.12946,19.12144,30.6426
2.919936,52.97878,46.12946,19.12144,21.21374
2.919936,52.97878,46.12946,19.12144,38.26545
2.919936,52.97878,46.12946,19.12144,39.60172
2.919936,52.97878,46.12946,19.12144,46.23381
2.919936,52.97878,46.12946,19.12144,28.65226
2.919936,52.97878,46.12946,19.12144,35.09443
2.919936,52.97878,46.12946,19.12144,43.8885
2.919936,52.97878,46.12946,19.12144,33.68728
2.919936,52.97878,46.12946,19.12144,6.673507
2.919936,52.97878,46.12946,19.12144,22.98313
2.919936,52.97878,46.12946,19.12144,11.73314
2.919936,52.97878,46.12946,19.12144,6.120437
2.919936,52.97878,46.12946,19.12144,17.42861
2.919936,52.97878,46.12946,19.12144,29.43794
2.919936,52.97878,46.12946,19.12144,29.88054
2.919936,52.97878,46.12946,19.12144,19.42062
2.919936,52.97878,46.12946,19.12144,23.87816
2.919936,52.97878,46.12946,19.12144,33.00725
2.919936,52.97878,46.12946,19.12144,29.52991
2.919936,52.97878,46.12946,19.12144,32.62702
2.919936,52.97878,46.12946,19.12144,33.65008
2.919936,52.97878,46.12946,19.12144,39.1151
2.919936,52.97878,46.12946,19.12144,14.89782
2.919936,52.97878,46.12946,19.12144,7.443666
2.919936,52.97878,46.12946,19.12144,33.98302
2.919936,52.97878,46.12946,19.12144,43.12897
2.919936,52.97878,46.12946,19.12144,40.3125
2.919936,52.97878,46.12946,19.12144,44.10423
2.919936,52.97878,46.12946,19.12144,35.67663
2.919936,52.97878,46.12946,19.12144,12.71613
2.919936,52.97878,46.12946,19.12144,13.22629
2.919936,52.97878,46.12946,19.12144,32.57344
2.919936,52.97878,46.12946,19.12144,10.69234
2.919936,52.97878,46.12946,19.12144,32.01102
2.919936,52.97878,46.12946,19.12144,31.41882
2.919936,52.97878,46.12946,19.12144,19.30932
2.919936,52.97878,46.12946,19.12144,21.13157
2.919936,52.97878,46.12946,19.12144,13.47849
2.919936,52.97878,46.12946,19.12144,44.76888
2.919936,52.97878,46.12946,19.12144,41.56888
2.919936,52.97878,46.12946,19.12144,17.47313
2.919936,52.97878,46.12946,19.12144,27.9596
2.919936,52.97878,46.12946,19.12144,34.22523
2.919936,52.97878,46.12946,19.12144,20.90361
2.919936,52.97878,46.12946,19.12144,38.87564
2.919936,52.97878,46.12946,19.12144,20.61774
2.919936,52.97878,46.12946,19.12144,5.733499
2.919936,52.97878,46.12946,19.12144,33.90105
2.919936,52.97878,46.12946,19.12144,43.40508
2.919936,52.97878,46.12946,19.12144,18.89524
2.919936,52.97878,46.12946,19.12144,11.08616
2.919936,52.97878,46.12946,19.12144,31.92918
2.919936,52.97878,46.12946,19.12144,30.31999
2.919936,52.97878,46.12946,19.12144,34.03744
2.919936,52.97878,46.12946,19.12144,21.00102
2.919936,52.97878,46.12946,19.12144,24.99261
2.919936,52.97878,46.12946,19.12144,39.14211
2.919936,52.97878,46.12946,19.12144,32.11018
2.919936,52.97878,46.12946,19.12144,45.22945
2.919936,52.97878,46.12946,19.12144,25.28413
2.919936,52.97878,46.12946,19.12144,18.98176
2.919936,52.97878,46.12946,19.12144,47.05127
2.919936,52.97878,46.12946,19.12144,36.77909
2.919936,52.97878,46.12946,19.12144,13.3642
2.919936,52.97878,46.12946,19.12144,26.42677
2.919936,52.97878,46.12946,19.12144,46.56844
2.919936,52.97878,46.12946,19.12144,19.77604
2.919936,52.97878,46.12946,19.12144,46.97608
2.919936,52.97878,46.12946,19.12144,33.36723
2.919936,52.97878,46.12946,19.12144,31.51794
2.919936,52.97878,46.12946,19.12144,43.55988
2.919936,52.97878,46.12946,19.12144,40.05366
2.919936,52.97878,46.12946,19.12144,39.80986
2.919936,52.97878,46.12946,19.12144,12.89009
2.919936,52.97878,46.12946,19.12144,40.07616
2.919936,52.97878,46.12946,19.12144,28.03153
2.919936,52.97878,46.12946,19.12144,8.731418
2.919936,52.97878,46.12946,19.12144,25.64713
2.919936,52.97878,46.12946,19.12144,3.446402
2.919936,52.97878,46.12946,19.12144,26.71807
2.919936,52.97878,46.12946,19.12144,34.81396
2.919936,52.97878,46.12946,19.12144,38.91586
2.919936,52.97878,46.12946,19.12144,11.45763
2.919936,52.97878,46.12946,19.12144,9.807509
2.919936,52.97878,46.12946,19.12144,34.341
2.919936,52.97878,46.12946,19.12144,28.12258
2.919936,52.97878,46.12946,19.12144,27.49051
2.919936,52.97878,46.12946,19.12144,33.89299
2.919936,52.97878,46.12946,19.12144,24.45024
2.919936,52.97878,46.12946,19.12144,16.24402
2.919936,52.97878,46.12946,19.12144,25.23687
2.919936,52.97878,46.12946,19.12144,9.758817
2.919936,52.97878,46.12946,19.12144,24.00725
2.919936,52.97878,46.12946,19.12144,41.52163
2.919936,52.97878,46.12946,19.12144,3.881512
2.919936,52.97878,46.12946,19.12144,27.49353
2.919936,52.97878,46.12946,19.12144,29.10391
2.919936,52.97878,46.12946,19.12144,24.81982
2.919936,52.97878,46.12946,19.12144,24.19026
2.919936,52.97878,46.12946,19.12144,47.24104
2.919936,52.97878,46.12946,19.12144,29.81277
2.919936,52.97878,46.12946,19.12144,46.02925
2.919936,52.97878,46.12946,19.12144,30.38987
2.919936,52.97878,46.12946,19.12144,25.74409
2.919936,52.97878,46.12946,19.12144,41.77811
2.919936,52.97878,46.12946,19.12144,30.13599
2.919936,52.97878,46.12946,19.12144,5.321816
2.919936,52.97878,46.12946,19.12144,6.564505
2.919936,52.97878,46.12946,19.12144,21.48587
2.919936,52.97878,46.12946,19.12144,44.83741
2.919936,52.97878,46.12946,19.12144,40.16855
2.919936,52.97878,46.12946,19.12144,27.57236
2.919936,52.97878,46.12946,19.12144,36.22774
2.919936,52.97878,46.12946,19.12144,44.92424
2.919936,52.97878,46.12946,19.12144,18.91455
2.919936,52.97878,46.12946,19.12144,11.97115
2.919936,52.97878,46.12946,19.12144,43.23216
2.919936,52.97878,46.12946,19.12144,29.35854
2.919936,52.97878,46.12946,19.12144,35.71192
2.919936,52.97878,46.12946,19.12144,31.3461
2.919936,52.97878,46.12946,19.12144,30.89736
2.919936,52.97878,46.12946,19.12144,42.69872
2.919936,52.97878,46.12946,19.12144,37.8167
2.919936,52.97878,46.12946,19.12144,43.7506
2.919936,52.97878,46.12946,19.12144,11.34095
2.919936,52.97878,46.12946,19.12144,42.32097
2.919936,52.97878,46.12946,19.12144,26.29717
2.919936,52.97878,46.12946,19.12144,36.90303
2.919936,52.97878,46.12946,19.12144,24.22955
2.919936,52.97878,46.12946,19.12144,21.03856
2.919936,52.97878,46.12946,19.12144,38.52213
2.919936,52.97878,46.12946,19.12144,35.57005
2.919936,52.97878,46.12946,19.12144,33.81692
2.919936,52.97878,46.12946,19.12144,34.93346
2.919936,52.97878,46.12946,19.12144,34.90605
2.919936,52.97878,46.12946,19.12144,37.10012
2.919936,52.97878,46.12946,19.12144,18.27852
2.919936,52.97878,46.12946,19.12144,31.239
2.919936,52.97878,46.12946,19.12144,20.09482
2.919936,52.97878,46.12946,19.12144,22.56976
2.919936,52.97878,46.12946,19.12144,28.69769
2.919936,52.97878,46.12946,19.12144,17.75566
2.919936,52.97878,46.12946,19.12144,19.60821
2.919936,52.97878,46.12946,19.12144,47.11424
2.919936,52.97878,46.12946,19.12144,47.1285
2.919936,52.97878,46.12946,19.12144,45.02769
2.919936,52.97878,46.12946,19.12144,18.72657
2.919936,52.97878,46.12946,19.12144,22.31317
2.919936,52.97878,46.12946,19.12144,30.47878
2.919936,52.97878,46.12946,19.12144,35.43449
2.919936,52.97878,46.12946,19.12144,27.74172
2.919936,52.97878,46.12946,19.12144,34.55786
2.919936,52.97878,46.12946,19.12144,9.05754
2.919936,52.97878,46.12946,19.12144,10.32565
2.919936,52.97878,46.12946,19.12144,43.85143
2.919936,52.97878,46.12946,19.12144,34.91468
2.919936,52.97878,46.12946,19.12144,31.94156
2.919936,52.97878,46.12946,19.12144,40.23874
2.919936,52.97878,46.12946,19.12144,24.78091
2.919936,52.97878,46.12946,19.12144,40.33889
2.919936,52.97878,46.12946,19.12144,16.55912
2.919936,52.97878,46.12946,19.12144,31.47359
2.919936,52.97878,46.12946,19.12144,37.96084
2.919936,52.97878,46.12946,19.12144,40.57244
2.919936,52.97878,46.12946,19.12144,27.18965
2.919936,52.97878,46.12946,19.12144,37.89574
2.919936,52.97878,46.12946,19.12144,47.651
2.919936,52.97878,46.12946,19.12144,17.36659
2.919936,52.97878,46.12946,19.12144,35.56114
2.919936,52.97878,46.12946,19.12144,43.02267
2.919936,52.97878,46.12946,19.12144,48.07021
2.919936,52.97878,46.12946,19.12144,41.77405
2.919936,52.97878,46.12946,19.12144,28.3836
2.919936,52.97878,46.12946,19.12144,15.04651
2.919936,52.97878,46.12946,19.12144,33.93512
2.919936,52.97878,46.12946,19.12144,41.23833
2.919936,52.97878,46.12946,19.12144,39.76503
2.919936,52.97878,46.12946,19.12144,38.80506
2.919936,52.97878,46.12946,19.12144,43.06694
2.919936,52.97878,46.12946,19.12144,25.91498
2.919936,52.97878,46.12946,19.12144,16.85177
2.919936,52.97878,46.12946,19.12144,36.79638
2.919936,52.97878,46.12946,19.12144,46.42767
2.919936,52.97878,46.12946,19.12144,46.7843
2.919936,52.97878,46.12946,19.12144,36.6822
2.919936,52.97878,46.12946,19.12144,35.50834
2.919936,52.97878,46.12946,19.12144,36.93051
2.919936,52.97878,46.12946,19.12144,15.63173
2.919936,52.97878,46.12946,19.12144,31.19331
2.919936,52.97878,46.12946,19.12144,37.92171
2.919936,52.97878,46.12946,19.12144,41.17016
2.919936,52.97878,46.12946,19.12144,45.44722
2.919936,52.97878,46.12946,19.12144,27.72865
2.919936,52.97878,46.12946,19.12144,5.104382
2.919936,52.97878,46.12946,19.12144,12.24073
2.919936,52.97878,46.12946,19.12144,39.37356
2.919936,52.97878,46.12946,19.12144,37.91092
2.919936,52.97878,46.12946,19.12144,24.5331
2.919936,52.97878,46.12946,19.12144,43.17908
2.919936,52.97878,46.12946,19.12144,25.45409
2.919936,52.97878,46.12946,19.12144,23.09446
2.919936,52.97878,46.12946,19.12144,37.92123
2.919936,52.97878,46.12946,19.12144,37.17945
2.919936,52.97878,46.12946,19.12144,24.76505
2.919936,52.97878,46.12946,19.12144,38.21722
2.919936,52.97878,46.12946,19.12144,36.59068
2.919936,52.97878,46.12946,19.12144,47.12631
2.919936,52.97878,46.12946,19.12144,39.92336
2.919936,52.97878,46.12946,19.12144,36.16927
2.919936,52.97878,46.12946,19.12144,24.68557
2.919936,52.97878,46.12946,19.12144,39.48611
2.919936,52.97878,46.12946,19.12144,35.67565
2.919936,52.97878,46.12946,19.12144,12.3641
2.919936,52.97878,46.12946,19.12144,15.67243
2.919936,52.97878,46.12946,19.12144,13.81555
2.919936,52.97878,46.12946,19.12144,33.1507
2.919936,52.97878,46.12946,19.12144,40.06379
2.919936,52.97878,46.12946,19.12144,45.62111
2.919936,52.97878,46.12946,19.12144,44.29062
2.919936,52.97878,46.12946,19.12144,42.70207
2.919936,52.97878,46.12946,19.12144,42.10619
2.919936,52.97878,46.12946,19.12144,28.83733
2.919936,52.97878,46.12946,19.12144,42.05795
2.919936,52.97878,46.12946,19.12144,34.28016
2.919936,52.97878,46.12946,19.12144,25.12197
2.919936,52.97878,46.12946,19.12144,23.37207
2.919936,52.97878,46.12946,19.12144,43.75589
2.919936,52.97878,46.12946,19.12144,23.48639
2.919936,52.97878,46.12946,19.12144,18.81583
2.919936,52.97878,46.12946,19.12144,23.70466
2.919936,52.97878,46.12946,19.12144,38.87689
2.919936,52.97878,46.12946,19.12144,42.50399
2.919936,52.97878,46.12946,19.12144,33.38996
2.919936,52.97878,46.12946,19.12144,33.25095
2.919936,52.97878,46.12946,19.12144,16.76091
2.919936,52.97878,46.12946,19.12144,16.90188
2.919936,52.97878,46.12946,19.12144,38.5536
2.919936,52.97878,46.12946,19.12144,3.207697
2.919936,52.97878,46.12946,19.12144,39.25838
2.919936,52.97878,46.12946,19.12144,32.29774
2.919936,52.97878,46.12946,19.12144,32.4736
2.919936,52.97878,46.12946,19.12144,32.30452
2.919936,52.97878,46.12946,19.12144,46.24319
2.919936,52.97878,46.12946,19.12144,36.33274
2.919936,52.97878,46.12946,19.12144,15.602
2.919936,52.97878,46.12946,19.12144,40.51032
2.919936,52.97878,46.12946,19.12144,33.84262
2.919936,52.97878,46.12946,19.12144,45.73997
2.919936,52.97878,46.12946,19.12144,26.04316
2.919936,52.97878,46.12946,19.12144,20.20366
2.919936,52.97878,46.12946,19.12144,26.40778
2.919936,52.97878,46.12946,19.12144,12.90305
2.919936,52.97878,46.12946,19.12144,24.28103
2.919936,52.97878,46.12946,19.12144,33.26073
2.919936,52.97878,46.12946,19.12144,23.21288
2.919936,52.97878,46.12946,19.12144,12.24014
2.919936,52.97878,46.12946,19.12144,43.194
2.919936,52.97878,46.12946,19.12144,30.56351
2.919936,52.97878,46.12946,19.12144,39.41611
2.919936,52.97878,46.12946,19.12144,25.54235
2.919936,52.97878,46.12946,19.12144,42.41333
2.919936,52.97878,46.12946,19.12144,37.94119
2.919936,52.97878,46.12946,19.12144,15.4521
2.919936,52.97878,46.12946,19.12144,29.89944
2.919936,52.97878,46.12946,19.12144,15.24478
2.919936,52.97878,46.12946,19.12144,19.14974
2.919936,52.97878,46.12946,19.12144,32.29923
2.919936,52.97878,46.12946,19.12144,22.42648
2.919936,52.97878,46.12946,19.12144,44.78255
2.919936,52.97878,46.12946,19.12144,44.97578
2.919936,52.97878,46.12946,19.12144,18.04012
2.919936,52.97878,46.12946,19.12144,35.36237
2.919936,52.97878,46.12946,19.12144,43.01849
2.919936,52.97878,46.12946,19.12144,44.35749
2.919936,52.97878,46.12946,19.12144,37.46247
2.919936,52.97878,46.12946,19.12144,26.56013
2.919936,52.97878,46.12946,19.12144,39.41559
2.919936,52.97878,46.12946,19.12144,42.18606
2.919936,52.97878,46.12946,19.12144,39.62165
2.919936,52.97878,46.12946,19.12144,2.257728
2.919936,52.97878,46.12946,19.12144,32.48824
2.919936,52.97878,46.12946,19.12144,32.15844
2.919936,52.97878,46.12946,19.12144,26.96598
2.919936,52.97878,46.12946,19.12144,31.70892
2.919936,52.97878,46.12946,19.12144,12.88914
2.919936,52.97878,46.12946,19.12144,34.99329
2.919936,52.97878,46.12946,19.12144,10.92541
2.919936,52.97878,46.12946,19.12144,37.26564
2.919936,52.97878,46.12946,19.12144,34.96493
2.919936,52.97878,46.12946,19.12144,42.08114
2.919936,52.97878,46.12946,19.12144,43.64228
2.919936,52.97878,46.12946,19.12144,37.38997
2.919936,52.97878,46.12946,19.12144,44.18562
2.919936,52.97878,46.12946,19.12144,42.95063
2.919936,52.97878,46.12946,19.12144,17.97447
2.919936,52.97878,46.12946,19.12144,37.49301
2.919936,52.97878,46.12946,19.12144,33.88596
2.919936,52.97878,46.12946,19.12144,29.23148
2.919936,52.97878,46.12946,19.12144,18.18982
2.919936,52.97878,46.12946,19.12144,35.80944
2.919936,52.97878,46.12946,19.12144,7.01627
2.919936,52.97878,46.12946,19.12144,39.68277
2.919936,52.97878,46.12946,19.12144,37.81214
2.919936,52.97878,46.12946,19.12144,43.92607
2.919936,52.97878,46.12946,19.12144,33.02946
2.919936,52.97878,46.12946,19.12144,20.60349
2.919936,52.97878,46.12946,19.12144,25.92001
2.919936,52.97878,46.12946,19.12144,24.33954
2.919936,52.97878,46.12946,19.12144,19.74014
2.919936,52.97878,46.12946,19.12144,15.77381
2.919936,52.97878,46.12946,19.12144,33.51022
2.919936,52.97878,46.12946,19.12144,20.99634
2.919936,52.97878,46.12946,19.12144,27.31662
2.919936,52.97878,46.12946,19.12144,20.93098
2.919936,52.97878,46.12946,19.12144,34.98359
2.919936,52.97878,46.12946,19.12144,12.38623
2.919936,52.97878,46.12946,19.12144,35.57442
2.919936,52.97878,46.12946,19.12144,26.12131
2.919936,52.97878,46.12946,19.12144,44.12211
2.919936,52.97878,46.12946,19.12144,4.699495
2.919936,52.97878,46.12946,19.12144,41.52642
2.919936,52.97878,46.12946,19.12144,41.91381
2.919936,52.97878,46.12946,19.12144,13.84942
2.919936,52.97878,46.12946,19.12144,23.94736
2.919936,52.97878,46.12946,19.12144,33.14603
2.919936,52.97878,46.12946,19.12144,43.42115
2.919936,52.97878,46.12946,19.12144,16.52152
2.919936,52.97878,46.12946,19.12144,32.88796
2.919936,52.97878,46.12946,19.12144,26.0249
2.919936,52.97878,46.12946,19.12144,17.50667
2.919936,52.97878,46.12946,19.12144,39.28576
2.919936,52.97878,46.12946,19.12144,45.91713
2.919936,52.97878,46.12946,19.12144,9.249352
2.919936,52.97878,46.12946,19.12144,14.67319
2.919936,52.97878,46.12946,19.12144,39.14266
2.919936,52.97878,46.12946,19.12144,18.04737
2.919936,52.97878,46.12946,19.12144,44.02864
2.919936,52.97878,46.12946,19.12144,30.52966
2.919936,52.97878,46.12946,19.12144,24.65026
2.919936,52.97878,46.12946,19.12144,41.83346
2.919936,52.97878,46.12946,19.12144,24.3968
2.919936,52.97878,46.12946,19.12144,33.64801
2.919936,52.97878,46.12946,19.12144,40.08236
2.919936,52.97878,46.12946,19.12144,27.10508
2.919936,52.97878,46.12946,19.12144,22.2648
2.919936,52.97878,46.12946,19.12144,33.46478
2.919936,52.97878,46.12946,19.12144,4.991304
2.919936,52.97878,46.12946,19.12144,2.116407
2.919936,52.97878,46.12946,19.12144,45.46396
2.919936,52.97878,46.12946,19.12144,31.74369
2.919936,52.97878,46.12946,19.12144,15.0329
2.919936,52.97878,46.12946,19.12144,36.39932
2.919936,52.97878,46.12946,19.12144,31.04145
2.919936,52.97878,46.12946,19.12144,42.47977
2.919936,52.97878,46.12946,19.12144,33.66885
2.919936,52.97878,46.12946,19.12144,43.63524
2.919936,52.97878,46.12946,19.12144,11.84727
2.919936,52.97878,46.12946,19.12144,32.87842
2.919936,52.97878,46.12946,19.12144,45.82933
2.919936,52.97878,46.12946,19.12144,42.93566
2.919936,52.97878,46.12946,19.12144,37.4304
2.919936,52.97878,46.12946,19.12144,25.33188
2.919936,52.97878,46.12946,19.12144,27.21863
2.919936,52.97878,46.12946,19.12144,25.10508
2.919936,52.97878,46.12946,19.12144,43.31233
2.919936,52.97878,46.12946,19.12144,9.583462
2.919936,52.97878,46.12946,19.12144,34.30172
2.919936,52.97878,46.12946,19.12144,24.13007
2.919936,52.97878,46.12946,19.12144,39.59736
2.919936,52.97878,46.12946,19.12144,43.76049
2.919936,52.97878,46.12946,19.12144,39.89664
2.919936,52.97878,46.12946,19.12144,28.24633
2.919936,52.97878,46.12946,19.12144,3.66638
2.919936,52.97878,46.12946,19.12144,30.48953
2.919936,52.97878,46.12946,19.12144,36.09855
2.919936,52.97878,46.12946,19.12144,36.27858
2.919936,52.97878,46.12946,19.12144,4.752992
2.919936,52.97878,46.12946,19.12144,39.5653
2.919936,52.97878,46.12946,19.12144,38.72721
2.919936,52.97878,46.12946,19.12144,22.32327
2.919936,52.97878,46.12946,19.12144,32.3479
2.919936,52.97878,46.12946,19.12144,33.20511
2.919936,52.97878,46.12946,19.12144,36.31388
2.919936,52.97878,46.12946,19.12144,40.37327
2.919936,52.97878,46.12946,19.12144,16.57471
2.919936,52.97878,46.12946,19.12144,41.86577
2.919936,52.97878,46.12946,19.12144,23.39729
2.919936,52.97878,46.12946,19.12144,45.25375
2.919936,52.97878,46.12946,19.12144,24.26274
2.919936,52.97878,46.12946,19.12144,33.87427
2.919936,52.97878,46.12946,19.12144,14.49415
2.919936,52.97878,46.12946,19.12144,47.90273
2.919936,52.97878,46.12946,19.12144,9.437868
2.919936,52.97878,46.12946,19.12144,25.69142
2.919936,52.97878,46.12946,19.12144,22.87402
2.919936,52.97878,46.12946,19.12144,25.07475
2.919936,52.97878,46.12946,19.12144,46.33214
2.919936,52.97878,46.12946,19.12144,39.64377
2.919936,52.97878,46.12946,19.12144,26.70146
2.919936,52.97878,46.12946,19.12144,34.13012
2.919936,52.97878,46.12946,19.12144,5.337766
2.919936,52.97878,46.12946,19.12144,13.00396
2.919936,52.97878,46.12946,19.12144,33.46264
2.919936,52.97878,46.12946,19.12144,23.49993
2.919936,52.97878,46.12946,19.12144,48.21107
2.919936,52.97878,46.12946,19.12144,41.83762
2.919936,52.97878,46.12946,19.12144,11.49027
2.919936,52.97878,46.12946,19.12144,34.85616
2.919936,52.97878,46.12946,19.12144,42.41351
2.919936,52.97878,46.12946,19.12144,31.722
2.919936,52.97878,46.12946,19.12144,39.71321
2.919936,52.97878,46.12946,19.12144,26.35763
2.919936,52.97878,46.12946,19.12144,44.33699
2.919936,52.97878,46.12946,19.12144,10.64712
2.919936,52.97878,46.12946,19.12144,29.69858
2.919936,52.97878,46.12946,19.12144,16.45251
2.919936,52.97878,46.12946,19.12144,11.45799
2.919936,52.97878,46.12946,19.12144,13.34268
2.919936,52.97878,46.12946,19.12144,38.40342
2.919936,52.97878,46.12946,19.12144,39.00161
2.919936,52.97878,46.12946,19.12144,36.61592
2.919936,52.97878,46.12946,19.12144,11.09464
2.919936,52.97878,46.12946,19.12144,44.13574
2.919936,52.97878,46.12946,19.12144,34.52572
2.919936,52.97878,46.12946,19.12144,42.88285
2.919936,52.97878,46.12946,19.12144,38.17074
2.919936,52.97878,46.12946,19.12144,49.19784
2.919936,52.97878,46.12946,19.12144,26.12395
2.919936,52.97878,46.12946,19.12144,42.802
2.919936,52.97878,46.12946,19.12144,46.65162
2.919936,52.97878,46.12946,19.12144,33.87732
2.919936,52.97878,46.12946,19.12144,29.59245
2.919936,52.97878,46.12946,19.12144,41.51877
2.919936,52.97878,46.12946,19.12144,38.02469
2.919936,52.97878,46.12946,19.12144,26.45362
2.919936,52.97878,46.12946,19.12144,3.895379
2.919936,52.97878,46.12946,19.12144,40.75691
2.919936,52.97878,46.12946,19.12144,30.99862
2.919936,52.97878,46.12946,19.12144,43.68723
2.919936,52.97878,46.12946,19.12144,42.05093
2.919936,52.97878,46.12946,19.12144,31.71741
2.919936,52.97878,46.12946,19.12144,18.71804
2.919936,52.97878,46.12946,19.12144,15.59544
2.919936,52.97878,46.12946,19.12144,47.14032
2.919936,52.97878,46.12946,19.12144,33.13243
2.919936,52.97878,46.12946,19.12144,11.4256
2.919936,52.97878,46.12946,19.12144,44.58669
2.919936,52.97878,46.12946,19.12144,41.30766
2.919936,52.97878,46.12946,19.12144,25.36369
2.919936,52.97878,46.12946,19.12144,14.56783
2.919936,52.97878,46.12946,19.12144,21.6282
2.919936,52.97878,46.12946,19.12144,26.55551
2.919936,52.97878,46.12946,19.12144,27.28932
2.919936,52.97878,46.12946,19.12144,21.93438
2.919936,52.97878,46.12946,19.12144,35.45434
2.919936,52.97878,46.12946,19.12144,37.05791
2.919936,52.97878,46.12946,19.12144,24.54321
2.919936,52.97878,46.12946,19.12144,16.55317
2.919936,52.97878,46.12946,19.12144,36.69596
2.919936,52.97878,46.12946,19.12144,22.55078
2.919936,52.97878,46.12946,19.12144,24.71485
2.919936,52.97878,46.12946,19.12144,7.878357
2.919936,52.97878,46.12946,19.12144,41.35355
2.919936,52.97878,46.12946,19.12144,15.85555
2.919936,52.97878,46.12946,19.12144,27.56698
2.919936,52.97878,46.12946,19.12144,1.69353
2.919936,52.97878,46.12946,19.12144,32.00689
2.919936,52.97878,46.12946,19.12144,35.90517
2.919936,52.97878,46.12946,19.12144,44.65824
2.919936,52.97878,46.12946,19.12144,37.79208
2.919936,52.97878,46.12946,19.12144,16.69607
2.919936,52.97878,46.12946,19.12144,40.78565
2.919936,52.97878,46.12946,19.12144,26.51053
2.919936,52.97878,46.12946,19.12144,27.38325
2.919936,52.97878,46.12946,19.12144,14.42879
2.919936,52.97878,46.12946,19.12144,38.43278
2.919936,52.97878,46.12946,19.12144,43.73558
2.919936,52.97878,46.12946,19.12144,37.46344
2.919936,52.97878,46.12946,19.12144,35.72314
2.919936,52.97878,46.12946,19.12144,19.41047
2.919936,52.97878,46.12946,19.12144,28.45648
2.919936,52.97878,46.12946,19.12144,33.20858
2.919936,52.97878,46.12946,19.12144,47.09406
2.919936,52.97878,46.12946,19.12144,27.04196
2.919936,52.97878,46.12946,19.12144,28.49058
2.919936,52.97878,46.12946,19.12144,30.21987
2.919936,52.97878,46.12946,19.12144,24.24672
2.919936,52.97878,46.12946,19.12144,22.08606
2.919936,52.97878,46.12946,19.12144,27.90512
2.919936,52.97878,46.12946,19.12144,45.24665
2.919936,52.97878,46.12946,19.12144,33.81233
2.919936,52.97878,46.12946,19.12144,26.57927
2.919936,52.97878,46.12946,19.12144,19.21793
2.919936,52.97878,46.12946,19.12144,44.4872
2.919936,52.97878,46.12946,19.12144,18.34485
2.919936,52.97878,46.12946,19.12144,41.76278
2.919936,52.97878,46.12946,19.12144,14.74962
2.919936,52.97878,46.12946,19.12144,24.90729
2.919936,52.97878,46.12946,19.12144,24.8824
2.919936,52.97878,46.12946,19.12144,5.658445
2.919936,52.97878,46.12946,19.12144,42.20565
2.919936,52.97878,46.12946,19.12144,13.32653
2.919936,52.97878,46.12946,19.12144,14.09244
2.919936,52.97878,46.12946,19.12144,28.16734
2.919936,52.97878,46.12946,19.12144,35.35581
2.919936,52.97878,46.12946,19.12144,19.50514
2.919936,52.97878,46.12946,19.12144,26.47056
2.919936,52.97878,46.12946,19.12144,34.98002
2.919936,52.97878,46.12946,19.12144,19.60194
2.919936,52.97878,46.12946,19.12144,11.26065
2.919936,52.97878,46.12946,19.12144,40.16305
2.919936,52.97878,46.12946,19.12144,14.84167
2.919936,52.97878,46.12946,19.12144,39.04161
2.919936,52.97878,46.12946,19.12144,33.8423
2.919936,52.97878,46.12946,19.12144,27.34571
2.919936,52.97878,46.12946,19.12144,44.39878
2.919936,52.97878,46.12946,19.12144,45.37173
2.919936,52.97878,46.12946,19.12144,41.616
2.919936,52.97878,46.12946,19.12144,16.36063
2.919936,52.97878,46.12946,19.12144,43.85242
2.919936,52.97878,46.12946,19.12144,41.04412
2.919936,52.97878,46.12946,19.12144,29.89577
2.919936,52.97878,46.12946,19.12144,48.60689
2.919936,52.97878,46.12946,19.12144,10.34705
2.919936,52.97878,46.12946,19.12144,28.158
2.919936,52.97878,46.12946,19.12144,29.99998
2.919936,52.97878,46.12946,19.12144,19.3977
2.919936,52.97878,46.12946,19.12144,36.39186
2.919936,52.97878,46.12946,19.12144,40.76937
2.919936,52.97878,46.12946,19.12144,43.28393
2.919936,52.97878,46.12946,19.12144,41.57204
2.919936,52.97878,46.12946,19.12144,35.69146
2.919936,52.97878,46.12946,19.12144,39.91999
2.919936,52.97878,46.12946,19.12144,30.72645
2.919936,52.97878,46.12946,19.12144,35.87646
2.919936,52.97878,46.12946,19.12144,32.12846
2.919936,52.97878,46.12946,19.12144,40.32598
2.919936,52.97878,46.12946,19.12144,27.90247
2.919936,52.97878,46.12946,19.12144,30.71695
2.919936,52.97878,46.12946,19.12144,49.02847
2.919936,52.97878,46.12946,19.12144,6.613859
2.919936,52.97878,46.12946,19.12144,13.77916
2.919936,52.97878,46.12946,19.12144,32.50705
2.919936,52.97878,46.12946,19.12144,47.22021
2.919936,52.97878,46.12946,19.12144,37.59909
2.919936,52.97878,46.12946,19.12144,2.346427
2.919936,52.97878,46.12946,19.12144,41.53952
2.919936,52.97878,46.12946,19.12144,44.32313
2.919936,52.97878,46.12946,19.12144,31.2323
2.919936,52.97878,46.12946,19.12144,34.61386
2.919936,52.97878,46.12946,19.12144,26.85398
2.919936,52.97878,46.12946,19.12144,21.63685
2.919936,52.97878,46.12946,19.12144,38.60093
2.919936,52.97878,46.12946,19.12144,10.06829
2.919936,52.97878,46.12946,19.12144,40.18677
2.919936,52.97878,46.12946,19.12144,27.07045
2.919936,52.97878,46.12946,19.12144,33.90664
2.919936,52.97878,46.12946,19.12144,33.44725
2.919936,52.97878,46.12946,19.12144,40.59177
2.919936,52.97878,46.12946,19.12144,35.01106
2.919936,52.97878,46.12946,19.12144,43.5097
2.919936,52.97878,46.12946,19.12144,4.188646
2.919936,52.97878,46.12946,19.12144,19.24391
2.919936,52.97878,46.12946,19.12144,28.15198
2.919936,52.97878,46.12946,19.12144,38.53882
2.919936,52.97878,46.12946,19.12144,27.17493
2.919936,52.97878,46.12946,19.12144,36.11129
2.919936,52.97878,46.12946,19.12144,36.90175
2.919936,52.97878,46.12946,19.12144,31.83195
2.919936,52.97878,46.12946,19.12144,39.85232
2.919936,52.97878,46.12946,19.12144,36.34574
2.919936,52.97878,46.12946,19.12144,2.123336
2.919936,52.97878,46.12946,19.12144,9.920815
2.919936,52.97878,46.12946,19.12144,26.62232
2.919936,52.97878,46.12946,19.12144,40.71383
2.919936,52.97878,46.12946,19.12144,24.15592
2.919936,52.97878,46.12946,19.12144,40.93839
2.919936,52.97878,46.12946,19.12144,44.28185
2.919936,52.97878,46.12946,19.12144,43.12504
2.919936,52.97878,46.12946,19.12144,28.9177
2.919936,52.97878,46.12946,19.12144,40.27707
2.919936,52.97878,46.12946,19.12144,39.73705
2.919936,52.97878,46.12946,19.12144,43.34172
2.919936,52.97878,46.12946,19.12144,40.03734
2.919936,52.97878,46.12946,19.12144,8.981604
2.919936,52.97878,46.12946,19.12144,20.00032
2.919936,52.97878,46.12946,19.12144,38.92131
2.919936,52.97878,46.12946,19.12144,35.71764
2.919936,52.97878,46.12946,19.12144,42.81889
2.919936,52.97878,46.12946,19.12144,45.40182
2.919936,52.97878,46.12946,19.12144,19.36271
2.919936,52.97878,46.12946,19.12144,18.21355
2.919936,52.97878,46.12946,19.12144,41.03401
2.919936,52.97878,46.12946,19.12144,44.79423
2.919936,52.97878,46.12946,19.12144,45.91239
2.919936,52.97878,46.12946,19.12144,32.45914
2.919936,52.97878,46.12946,19.12144,6.528544
2.919936,52.97878,46.12946,19.12144,30.7086
2.919936,52.97878,46.12946,19.12144,24.74542
2.919936,52.97878,46.12946,19.12144,17.64067
2.919936,52.97878,46.12946,19.12144,36.66391
2.919936,52.97878,46.12946,19.12144,25.99912
2.919936,52.97878,46.12946,19.12144,43.45271
2.919936,52.97878,46.12946,19.12144,40.42407
2.919936,52.97878,46.12946,19.12144,39.20515
2.919936,52.97878,46.12946,19.12144,29.64088
2.919936,52.97878,46.12946,19.12144,47.78273
2.919936,52.97878,46.12946,19.12144,32.34208
2.919936,52.97878,46.12946,19.12144,17.83642
2.919936,52.97878,46.12946,19.12144,10.09147
2.919936,52.97878,46.12946,19.12144,24.32793
2.919936,52.97878,46.12946,19.12144,34.52752
2.919936,52.97878,46.12946,19.12144,26.33088
2.919936,52.97878,46.12946,19.12144,11.74564
2.919936,52.97878,46.12946,19.12144,40.04634
2.919936,52.97878,46.12946,19.12144,42.33807
2.919936,52.97878,46.12946,19.12144,33.26716
2.919936,52.97878,46.12946,19.12144,43.34029
2.919936,52.97878,46.12946,19.12144,42.35036
2.919936,52.97878,46.12946,19.12144,39.67499
2.919936,52.97878,46.12946,19.12144,25.50698
2.919936,52.97878,46.12946,19.12144,37.59768
2.919936,52.97878,46.12946,19.12144,23.09966
2.919936,52.97878,46.12946,19.12144,40.86901
2.919936,52.97878,46.12946,19.12144,25.50644
2.919936,52.97878,46.12946,19.12144,47.13882
2.919936,52.97878,46.12946,19.12144,25.2732
2.919936,52.97878,46.12946,19.12144,21.69844
2.919936,52.97878,46.12946,19.12144,37.42798
2.919936,52.97878,46.12946,19.12144,42.63766
2.919936,52.97878,46.12946,19.12144,39.92014
2.919936,52.97878,46.12946,19.12144,34.95118
2.919936,52.97878,46.12946,19.12144,31.70768
2.919936,52.97878,46.12946,19.12144,40.97458
2.919936,52.97878,46.12946,19.12144,16.48686
2.919936,52.97878,46.12946,19.12144,10.2148
2.919936,52.97878,46.12946,19.12144,34.77705
2.919936,52.97878,46.12946,19.12144,25.75232
2.919936,52.97878,46.12946,19.12144,41.54898
2.919936,52.97878,46.12946,19.12144,46.07732
2.919936,52.97878,46.12946,19.12144,23.90698
2.919936,52.97878,46.12946,19.12144,40.17998
2.919936,52.97878,46.12946,19.12144,31.04626
2.919936,52.97878,46.12946,19.12144,25.32015
2.919936,52.97878,46.12946,19.12144,3.199999
2.919936,52.97878,46.12946,19.12144,36.77258
2.919936,52.97878,46.12946,19.12144,42.19799
2.919936,52.97878,46.12946,19.12144,24.81598
2.919936,52.97878,46.12946,19.12144,43.01149
2.919936,52.97878,46.12946,19.12144,41.28138
2.919936,52.97878,46.12946,19.12144,40.95621
2.919936,52.97878,46.12946,19.12144,35.05535
2.919936,52.97878,46.12946,19.12144,6.172281
2.919936,52.97878,46.12946,19.12144,38.87111
2.919936,52.97878,46.12946,19.12144,33.89895
2.919936,52.97878,46.12946,19.12144,40.91978
2.919936,52.97878,46.12946,19.12144,42.59249
2.919936,52.97878,46.12946,19.12144,25.34183
2.919936,52.97878,46.12946,19.12144,4.08918
2.919936,52.97878,46.12946,19.12144,43.28767
2.919936,52.97878,46.12946,19.12144,35.113
10.63984,32.8167,46.10849,23.07065,27.20534
10.63984,32.8167,46.10849,23.07065,24.43459
10.63984,32.8167,46.10849,23.07065,25.18105
10.63984,32.8167,46.10849,23.07065,25.81514
10.63984,32.8167,46.10849,23.07065,28.92037
10.63984,32.8167,46.10849,23.07065,24.44563
10.63984,32.8167,46.10849,23.07065,21.64284
10.63984,32.8167,46.10849,23.07065,23.3333
10.63984,32.8167,46.10849,23.07065,23.90873
10.63984,32.8167,46.10849,23.07065,28.18911
10.63984,32.8167,46.10849,23.07065,26.40886
10.63984,32.8167,46.10849,23.07065,26.91905
10.63984,32.8167,46.10849,23.07065,27.83474
10.63984,32.8167,46.10849,23.07065,22.65331
10.63984,32.8167,46.10849,23.07065,23.9503
10.63984,32.8167,46.10849,23.07065,27.09017
10.63984,32.8167,46.10849,23.07065,23.52668
10.63984,32.8167,46.10849,23.07065,26.83108
10.63984,32.8167,46.10849,23.07065,21.59897
10.63984,32.8167,46.10849,23.07065,21.98465
10.63984,32.8167,46.10849,23.07065,26.8051
10.63984,32.8167,46.10849,23.07065,25.33575
10.63984,32.8167,46.10849,23.07065,25.40222
10.63984,32.8167,46.10849,23.07065,22.2794
10.63984,32.8167,46.10849,23.07065,27.64317
10.63984,32.8167,46.10849,23.07065,26.37451
10.63984,32.8167,46.10849,23.07065,25.75473
10.63984,32.8167,46.10849,23.07065,21.03166
10.63984,32.8167,46.10849,23.07065,23.05313
10.63984,32.8167,46.10849,23.07065,24.0345
10.63984,32.8167,46.10849,23.07065,26.86181
10.63984,32.8167,46.10849,23.07065,26.95478
10.63984,32.8167,46.10849,23.07065,24.00839
10.63984,32.8167,46.10849,23.07065,26.3324
10.63984,32.8167,46.10849,23.07065,22.89014
10.63984,32.8167,46.10849,23.07065,27.79482
10.63984,32.8167,46.10849,23.07065,19.96938
10.63984,32.8167,46.10849,23.07065,22.22261
10.63984,32.8167,46.10849,23.07065,23.20249
10.63984,32.8167,46.10849,23.07065,25.02343
10.63984,32.8167,46.10849,23.07065,26.13375
10.63984,32.8167,46.10849,23.07065,25.96642
10.63984,32.8167,46.10849,23.07065,19.87239
10.63984,32.8167,46.10849,23.07065,22.20633
10.63984,32.8167,46.10849,23.07065,27.55717
10.63984,32.8167,46.10849,23.07065,27.60505
10.63984,32.8167,46.10849,23.07065,26.85191
10.63984,32.8167,46.10849,23.07065,26.46807
10.63984,32.8167,46.10849,23.07065,28.6975
10.63984,32.8167,46.10849,23.07065,27.9334
10.63984,32.8167,46.10849,23.07065,27.95317
10.63984,32.8167,46.10849,23.07065,27.64368
10.63984,32.8167,46.10849,23.07065,20.53819
10.63984,32.8167,46.10849,23.07065,24.40505
10.63984,32.8167,46.10849,23.07065,27.09288
10.63984,32.8167,46.10849,23.07065,28.92367
10.63984,32.8167,46.10849,23.07065,26.06881
10.63984,32.8167,46.10849,23.07065,22.10385
10.63984,32.8167,46.10849,23.07065,25.55787
10.63984,32.8167,46.10849,23.07065,25.90994
10.63984,32.8167,46.10849,23.07065,24.83557
10.63984,32.8167,46.10849,23.07065,26.86763
10.63984,32.8167,46.10849,23.07065,23.1604
10.63984,32.8167,46.10849,23.07065,23.9985
10.63984,32.8167,46.10849,23.07065,24.54153
10.63984,32.8167,46.10849,23.07065,26.98935
10.63984,32.8167,46.10849,23.07065,27.73115
10.63984,32.8167,46.10849,23.07065,23.96124
10.63984,32.8167,46.10849,23.07065,26.95884
10.63984,32.8167,46.10849,23.07065,25.42926
10.63984,32.8167,46.10849,23.07065,29.09653
10.63984,32.8167,46.10849,23.07065,27.95695
10.63984,32.8167,46.10849,23.07065,26.81381
10.63984,32.8167,46.10849,23.07065,21.52583
10.63984,32.8167,46.10849,23.07065,25.18205
10.63984,32.8167,46.10849,23.07065,25.08203
10.63984,32.8167,46.10849,23.07065,26.44682
10.63984,32.8167,46.10849,23.07065,23.95062
10.63984,32.8167,46.10849,23.07065,27.05793
10.63984,32.8167,46.10849,23.07065,24.85154
10.63984,32.8167,46.10849,23.07065,28.10377
10.63984,32.8167,46.10849,23.07065,24.13993
10.63984,32.8167,46.10849,23.07065,24.84689
10.63984,32.8167,46.10849,23.07065,28.89452
10.63984,32.8167,46.10849,23.07065,28.26188
10.63984,32.8167,46.10849,23.07065,23.15515
10.63984,32.8167,46.10849,23.07065,27.02664
10.63984,32.8167,46.10849,23.07065,24.91335
10.63984,32.8167,46.10849,23.07065,27.1594
10.63984,32.8167,46.10849,23.07065,25.66481
10.63984,32.8167,46.10849,23.07065,27.26694
10.63984,32.8167,46.10849,23.07065,26.30962
10.63984,32.8167,46.10849,23.07065,25.7968
10.63984,32.8167,46.10849,23.07065,23.71892
10.63984,32.8167,46.10849,23.07065,25.94188
10.63984,32.8167,46.10849,23.07065,27.49372
10.63984,32.8167,46.10849,23.07065,26.20667
10.63984,32.8167,46.10849,23.07065,26.43276
10.63984,32.8167,46.10849,23.07065,25.51103
10.63984,32.8167,46.10849,23.07065,27.8885
10.63984,32.8167,46.10849,23.07065,29.58691
10.63984,32.8167,46.10849,23.07065,25.14578
10.63984,32.8167,46.10849,23.07065,20.57618
10.63984,32.8167,46.10849,23.07065,20.3284
10.63984,32.8167,46.10849,23.07065,27.0192
10.63984,32.8167,46.10849,23.07065,23.16973
10.63984,32.8167,46.10849,23.07065,23.31207
10.63984,32.8167,46.10849,23.07065,24.41472
10.63984,32.8167,46.10849,23.07065,20.06684
10.63984,32.8167,46.10849,23.07065,27.86366
10.63984,32.8167,46.10849,23.07065,23.41434
10.63984,32.8167,46.10849,23.07065,23.78855
10.63984,32.8167,46.10849,23.07065,21.32651
10.63984,32.8167,46.10849,23.07065,27.39762
10.63984,32.8167,46.10849,23.07065,28.32067
10.63984,32.8167,46.10849,23.07065,28.82801
10.63984,32.8167,46.10849,23.07065,26.27869
10.63984,32.8167,46.10849,23.07065,28.01142
10.63984,32.8167,46.10849,23.07065,26.53628
10.63984,32.8167,46.10849,23.07065,26.64059
10.63984,32.8167,46.10849,23.07065,25.97957
10.63984,32.8167,46.10849,23.07065,21.78162
10.63984,32.8167,46.10849,23.07065,23.73096
10.63984,32.8167,46.10849,23.07065,27.55282
10.63984,32.8167,46.10849,23.07065,26.99994
10.63984,32.8167,46.10849,23.07065,28.24724
10.63984,32.8167,46.10849,23.07065,27.21773
10.63984,32.8167,46.10849,23.07065,20.46333
10.63984,32.8167,46.10849,23.07065,23.6713
10.63984,32.8167,46.10849,23.07065,21.61858
10.63984,32.8167,46.10849,23.07065,27.02795
10.63984,32.8167,46.10849,23.07065,28.31581
10.63984,32.8167,46.10849,23.07065,25.0232
10.63984,32.8167,46.10849,23.07065,28.23639
10.63984,32.8167,46.10849,23.07065,26.91626
10.63984,32.8167,46.10849,23.07065,19.95159
10.63984,32.8167,46.10849,23.07065,25.42099
10.63984,32.8167,46.10849,23.07065,25.75464
10.63984,32.8167,46.10849,23.07065,28.34015
10.63984,32.8167,46.10849,23.07065,23.18011
10.63984,32.8167,46.10849,23.07065,24.54258
10.63984,32.8167,46.10849,23.07065,25.34992
10.63984,32.8167,46.10849,23.07065,28.08299
10.63984,32.8167,46.10849,23.07065,24.55386
10.63984,32.8167,46.10849,23.07065,24.96449
10.63984,32.8167,46.10849,23.07065,28.19564
10.63984,32.8167,46.10849,23.07065,27.38383
10.63984,32.8167,46.10849,23.07065,24.55042
10.63984,32.8167,46.10849,23.07065,24.58178
10.63984,32.8167,46.10849,23.07065,28.69905
10.63984,32.8167,46.10849,23.07065,28.63175
10.63984,32.8167,46.10849,23.07065,27.64669
10.63984,32.8167,46.10849,23.07065,29.87764
10.63984,32.8167,46.10849,23.07065,25.28606
10.63984,32.8167,46.10849,23.07065,22.52452
10.63984,32.8167,46.10849,23.07065,26.32943
10.63984,32.8167,46.10849,23.07065,25.76429
10.63984,32.8167,46.10849,23.07065,24.80925
10.63984,32.8167,46.10849,23.07065,21.74912
10.63984,32.8167,46.10849,23.07065,27.44487
10.63984,32.8167,46.10849,23.07065,26.42851
10.63984,32.8167,46.10849,23.07065,25.81086
10.63984,32.8167,46.10849,23.07065,21.06505
10.63984,32.8167,46.10849,23.07065,26.95783
10.63984,32.8167,46.10849,23.07065,28.29112
10.63984,32.8167,46.10849,23.07065,26.5352
10.63984,32.8167,46.10849,23.07065,25.99993
10.63984,32.8167,46.10849,23.07065,26.32191
10.63984,32.8167,46.10849,23.07065,23.50185
10.63984,32.8167,46.10849,23.07065,26.42933
10.63984,32.8167,46.10849,23.07065,26.24547
10.63984,32.8167,46.10849,23.07065,28.87034
10.63984,32.8167,46.10849,23.07065,29.14258
10.63984,32.8167,46.10849,23.07065,28.74591
10.63984,32.8167,46.10849,23.07065,23.89826
10.63984,32.8167,46.10849,23.07065,24.58244
10.63984,32.8167,46.10849,23.07065,26.65437
10.63984,32.8167,46.10849,23.07065,25.9283
10.63984,32.8167,46.10849,23.07065,26.89035
10.63984,32.8167,46.10849,23.07065,25.83083
10.63984,32.8167,46.10849,23.07065,24.41435
10.63984,32.8167,46.10849,23.07065,22.50325
10.63984,32.8167,46.10849,23.07065,23.80862
10.63984,32.8167,46.10849,23.07065,27.14038
10.63984,32.8167,46.10849,23.07065,27.78262
10.63984,32.8167,46.10849,23.07065,25.63703
10.63984,32.8167,46.10849,23.07065,25.38026
10.63984,32.8167,46.10849,23.07065,27.95984
10.63984,32.8167,46.10849,23.07065,23.44651
10.63984,32.8167,46.10849,23.07065,26.82635
10.63984,32.8167,46.10849,23.07065,27.40516
10.63984,32.8167,46.10849,23.07065,26.49746
10.63984,32.8167,46.10849,23.07065,25.27569
10.63984,32.8167,46.10849,23.07065,23.31156
10.63984,32.8167,46.10849,23.07065,26.82711
10.63984,32.8167,46.10849,23.07065,23.50612
10.63984,32.8167,46.10849,23.07065,25.4693
10.63984,32.8167,46.10849,23.07065,26.24249
10.63984,32.8167,46.10849,23.07065,28.06662
10.63984,32.8167,46.10849,23.07065,23.16503
10.63984,32.8167,46.10849,23.07065,23.00032
10.63984,32.8167,46.10849,23.07065,26.63921
10.63984,32.8167,46.10849,23.07065,28.46709
10.63984,32.8167,46.10849,23.07065,22.08769
10.63984,32.8167,46.10849,23.07065,24.77317
10.63984,32.8167,46.10849,23.07065,25.22136
10.63984,32.8167,46.10849,23.07065,25.706
10.63984,32.8167,46.10849,23.07065,23.92566
10.63984,32.8167,46.10849,23.07065,28.57714
10.63984,32.8167,46.10849,23.07065,28.52969
10.63984,32.8167,46.10849,23.07065,26.99734
10.63984,32.8167,46.10849,23.07065,27.28463
10.63984,32.8167,46.10849,23.07065,26.09653
10.63984,32.8167,46.10849,23.07065,25.3029
10.63984,32.8167,46.10849,23.07065,27.28389
10.63984,32.8167,46.10849,23.07065,26.20905
10.63984,32.8167,46.10849,23.07065,28.5719
10.63984,32.8167,46.10849,23.07065,22.09264
10.63984,32.8167,46.10849,23.07065,26.15683
10.63984,32.8167,46.10849,23.07065,21.96461
10.63984,32.8167,46.10849,23.07065,24.64211
10.63984,32.8167,46.10849,23.07065,22.84246
10.63984,32.8167,46.10849,23.07065,24.07548
10.63984,32.8167,46.10849,23.07065,27.79758
10.63984,32.8167,46.10849,23.07065,25.34763
10.63984,32.8167,46.10849,23.07065,25.65364
10.63984,32.8167,46.10849,23.07065,27.65605
10.63984,32.8167,46.10849,23.07065,25.66901
10.63984,32.8167,46.10849,23.07065,27.06848
10.63984,32.8167,46.10849,23.07065,28.36161
10.63984,32.8167,46.10849,23.07065,26.77642
10.63984,32.8167,46.10849,23.07065,26.98229
10.63984,32.8167,46.10849,23.07065,26.38397
10.63984,32.8167,46.10849,23.07065,26.63791
10.63984,32.8167,46.10849,23.07065,24.58281
10.63984,32.8167,46.10849,23.07065,27.72485
10.63984,32.8167,46.10849,23.07065,24.47336
10.63984,32.8167,46.10849,23.07065,27.8206
10.63984,32.8167,46.10849,23.07065,26.74302
10.63984,32.8167,46.10849,23.07065,25.48411
10.63984,32.8167,46.10849,23.07065,23.4289
10.63984,32.8167,46.10849,23.07065,25.44677
10.63984,32.8167,46.10849,23.07065,25.96639
10.63984,32.8167,46.10849,23.07065,27.36227
