patch_centroid_x,patch_centroid_y,patch_centroid_z,patch_mean_q_sampled,distance_to_sampled_patch_node
46.3162,-4.715281,35.94088,19.28221,86.56754
46.3162,-4.715281,35.94088,19.28221,74.24818
46.3162,-4.715281,35.94088,19.28221,93.80032
46.3162,-4.715281,35.94088,19.28221,71.72673
46.3162,-4.715281,35.94088,19.28221,30.50035
46.3162,-4.715281,35.94088,19.28221,25.58076
46.3162,-4.715281,35.94088,19.28221,78.3396
46.3162,-4.715281,35.94088,19.28221,38.80573
46.3162,-4.715281,35.94088,19.28221,84.11591
46.3162,-4.715281,35.94088,19.28221,24.92348
46.3162,-4.715281,35.94088,19.28221,75.93526
46.3162,-4.715281,35.94088,19.28221,78.17905
46.3162,-4.715281,35.94088,19.28221,80.60007
46.3162,-4.715281,35.94088,19.28221,101.0323
46.3162,-4.715281,35.94088,19.28221,18.87212
46.3162,-4.715281,35.94088,19.28221,105.8748
46.3162,-4.715281,35.94088,19.28221,101.422
46.3162,-4.715281,35.94088,19.28221,53.81264
46.3162,-4.715281,35.94088,19.28221,15.23999
46.3162,-4.715281,35.94088,19.28221,103.0207
46.3162,-4.715281,35.94088,19.28221,112.0155
46.3162,-4.715281,35.94088,19.28221,84.64008
46.3162,-4.715281,35.94088,19.28221,73.39819
46.3162,-4.715281,35.94088,19.28221,10.98377
46.3162,-4.715281,35.94088,19.28221,93.94913
46.3162,-4.715281,35.94088,19.28221,102.7903
46.3162,-4.715281,35.94088,19.28221,86.10677
46.3162,-4.715281,35.94088,19.28221,105.1175
46.3162,-4.715281,35.94088,19.28221,95.04749
46.3162,-4.715281,35.94088,19.28221,106.6256
46.3162,-4.715281,35.94088,19.28221,39.73633
46.3162,-4.715281,35.94088,19.28221,106.9113
46.3162,-4.715281,35.94088,19.28221,112.5317
46.3162,-4.715281,35.94088,19.28221,102.8329
46.3162,-4.715281,35.94088,19.28221,84.30916
46.3162,-4.715281,35.94088,19.28221,72.8714
46.3162,-4.715281,35.94088,19.28221,59.33287
46.3162,-4.715281,35.94088,19.28221,96.1306
46.3162,-4.715281,35.94088,19.28221,19.9462
46.3162,-4.715281,35.94088,19.28221,94.04866
46.3162,-4.715281,35.94088,19.28221,97.39115
46.3162,-4.715281,35.94088,19.28221,87.23059
46.3162,-4.715281,35.94088,19.28221,97.46345
46.3162,-4.715281,35.94088,19.28221,54.07052
46.3162,-4.715281,35.94088,19.28221,26.19284
46.3162,-4.715281,35.94088,19.28221,71.70906
46.3162,-4.715281,35.94088,19.28221,13.89342
46.3162,-4.715281,35.94088,19.28221,12.40133
46.3162,-4.715281,35.94088,19.28221,75.97769
46.3162,-4.715281,35.94088,19.28221,28.11953
46.3162,-4.715281,35.94088,19.28221,109.7717
46.3162,-4.715281,35.94088,19.28221,90.87771
46.3162,-4.715281,35.94088,19.28221,101.2766
46.3162,-4.715281,35.94088,19.28221,14.49352
46.3162,-4.715281,35.94088,19.28221,101.0371
46.3162,-4.715281,35.94088,19.28221,113.5397
46.3162,-4.715281,35.94088,19.28221,13.87067
46.3162,-4.715281,35.94088,19.28221,45.0898
46.3162,-4.715281,35.94088,19.28221,93.72276
46.3162,-4.715281,35.94088,19.28221,37.20193
46.3162,-4.715281,35.94088,19.28221,95.23028
46.3162,-4.715281,35.94088,19.28221,105.9784
46.3162,-4.715281,35.94088,19.28221,23.39253
46.3162,-4.715281,35.94088,19.28221,105.6603
46.3162,-4.715281,35.94088,19.28221,110.3522
46.3162,-4.715281,35.94088,19.28221,96.65028
46.3162,-4.715281,35.94088,19.28221,104.163
46.3162,-4.715281,35.94088,19.28221,29.55118
46.3162,-4.715281,35.94088,19.28221,95.38148
46.3162,-4.715281,35.94088,19.28221,97.57944
46.3162,-4.715281,35.94088,19.28221,13.12543
46.3162,-4.715281,35.94088,19.28221,93.83125
46.3162,-4.715281,35.94088,19.28221,68.86382
46.3162,-4.715281,35.94088,19.28221,86.24609
46.3162,-4.715281,35.94088,19.28221,95.73065
46.3162,-4.715281,35.94088,19.28221,100.2465
46.3162,-4.715281,35.94088,19.28221,92.52105
46.3162,-4.715281,35.94088,19.28221,101.0487
46.3162,-4.715281,35.94088,19.28221,99.39799
46.3162,-4.715281,35.94088,19.28221,66.99216
46.3162,-4.715281,35.94088,19.28221,73.23595
46.3162,-4.715281,35.94088,19.28221,99.94781
46.3162,-4.715281,35.94088,19.28221,99.34045
46.3162,-4.715281,35.94088,19.28221,13.76044
46.3162,-4.715281,35.94088,19.28221,78.58472
46.3162,-4.715281,35.94088,19.28221,75.97338
46.3162,-4.715281,35.94088,19.28221,96.89163
46.3162,-4.715281,35.94088,19.28221,58.74442
46.3162,-4.715281,35.94088,19.28221,52.71172
46.3162,-4.715281,35.94088,19.28221,59.6816
46.3162,-4.715281,35.94088,19.28221,100.8404
46.3162,-4.715281,35.94088,19.28221,92.74519
46.3162,-4.715281,35.94088,19.28221,87.54175
46.3162,-4.715281,35.94088,19.28221,99.62737
46.3162,-4.715281,35.94088,19.28221,17.2945
46.3162,-4.715281,35.94088,19.28221,20.08242
46.3162,-4.715281,35.94088,19.28221,98.57115
46.3162,-4.715281,35.94088,19.28221,86.14465
46.3162,-4.715281,35.94088,19.28221,90.07995
46.3162,-4.715281,35.94088,19.28221,103.5402
46.3162,-4.715281,35.94088,19.28221,12.09375
46.3162,-4.715281,35.94088,19.28221,12.56908
46.3162,-4.715281,35.94088,19.28221,94.10339
46.3162,-4.715281,35.94088,19.28221,112.2625
46.3162,-4.715281,35.94088,19.28221,13.25515
46.3162,-4.715281,35.94088,19.28221,85.31677
46.3162,-4.715281,35.94088,19.28221,98.83063
46.3162,-4.715281,35.94088,19.28221,12.92492
46.3162,-4.715281,35.94088,19.28221,54.61773
46.3162,-4.715281,35.94088,19.28221,79.8135
46.3162,-4.715281,35.94088,19.28221,98.21973
46.3162,-4.715281,35.94088,19.28221,15.07243
46.3162,-4.715281,35.94088,19.28221,59.61552
46.3162,-4.715281,35.94088,19.28221,96.11671
46.3162,-4.715281,35.94088,19.28221,103.1658
46.3162,-4.715281,35.94088,19.28221,110.5624
46.3162,-4.715281,35.94088,19.28221,10.34889
46.3162,-4.715281,35.94088,19.28221,37.73534
46.3162,-4.715281,35.94088,19.28221,77.99661
46.3162,-4.715281,35.94088,19.28221,5.973431
46.3162,-4.715281,35.94088,19.28221,26.28156
46.3162,-4.715281,35.94088,19.28221,76.80306
46.3162,-4.715281,35.94088,19.28221,105.5311
46.3162,-4.715281,35.94088,19.28221,85.58552
46.3162,-4.715281,35.94088,19.28221,10.59272
46.3162,-4.715281,35.94088,19.28221,60.49688
46.3162,-4.715281,35.94088,19.28221,41.38867
46.3162,-4.715281,35.94088,19.28221,26.68896
46.3162,-4.715281,35.94088,19.28221,102.7049
46.3162,-4.715281,35.94088,19.28221,31.27983
46.3162,-4.715281,35.94088,19.28221,94.8698
46.3162,-4.715281,35.94088,19.28221,25.4509
46.3162,-4.715281,35.94088,19.28221,9.188111
46.3162,-4.715281,35.94088,19.28221,109.6872
46.3162,-4.715281,35.94088,19.28221,55.91688
46.3162,-4.715281,35.94088,19.28221,69.93596
46.3162,-4.715281,35.94088,19.28221,101.0398
46.3162,-4.715281,35.94088,19.28221,56.80735
46.3162,-4.715281,35.94088,19.28221,109.6428
46.3162,-4.715281,35.94088,19.28221,89.9464
46.3162,-4.715281,35.94088,19.28221,74.37217
46.3162,-4.715281,35.94088,19.28221,106.9121
46.3162,-4.715281,35.94088,19.28221,96.40984
46.3162,-4.715281,35.94088,19.28221,103.1278
46.3162,-4.715281,35.94088,19.28221,83.05442
46.3162,-4.715281,35.94088,19.28221,9.185026
46.3162,-4.715281,35.94088,19.28221,94.53105
46.3162,-4.715281,35.94088,19.28221,16.28284
46.3162,-4.715281,35.94088,19.28221,102.2026
46.3162,-4.715281,35.94088,19.28221,88.4109
46.3162,-4.715281,35.94088,19.28221,91.87418
46.3162,-4.715281,35.94088,19.28221,17.56459
46.3162,-4.715281,35.94088,19.28221,58.35891
46.3162,-4.715281,35.94088,19.28221,89.0723
46.3162,-4.715281,35.94088,19.28221,97.64623
46.3162,-4.715281,35.94088,19.28221,51.65228
46.3162,-4.715281,35.94088,19.28221,94.98828
46.3162,-4.715281,35.94088,19.28221,54.3832
46.3162,-4.715281,35.94088,19.28221,108.9187
46.3162,-4.715281,35.94088,19.28221,101.5216
46.3162,-4.715281,35.94088,19.28221,108.504
46.3162,-4.715281,35.94088,19.28221,99.13809
46.3162,-4.715281,35.94088,19.28221,27.6263
46.3162,-4.715281,35.94088,19.28221,60.09835
46.3162,-4.715281,35.94088,19.28221,14.26586
46.3162,-4.715281,35.94088,19.28221,40.02994
46.3162,-4.715281,35.94088,19.28221,57.40663
46.3162,-4.715281,35.94088,19.28221,58.51529
46.3162,-4.715281,35.94088,19.28221,9.006014
46.3162,-4.715281,35.94088,19.28221,55.46524
46.3162,-4.715281,35.94088,19.28221,103.6081
46.3162,-4.715281,35.94088,19.28221,13.48493
46.3162,-4.715281,35.94088,19.28221,85.26364
46.3162,-4.715281,35.94088,19.28221,109.9553
46.3162,-4.715281,35.94088,19.28221,40.9036
46.3162,-4.715281,35.94088,19.28221,105.75
46.3162,-4.715281,35.94088,19.28221,96.16216
46.3162,-4.715281,35.94088,19.28221,97.13562
46.3162,-4.715281,35.94088,19.28221,27.64637
46.3162,-4.715281,35.94088,19.28221,71.17795
46.3162,-4.715281,35.94088,19.28221,103.9161
46.3162,-4.715281,35.94088,19.28221,87.30562
46.3162,-4.715281,35.94088,19.28221,7.761227
46.3162,-4.715281,35.94088,19.28221,69.67814
46.3162,-4.715281,35.94088,19.28221,46.4818
46.3162,-4.715281,35.94088,19.28221,108.7284
46.3162,-4.715281,35.94088,19.28221,27.35747
46.3162,-4.715281,35.94088,19.28221,89.31882
46.3162,-4.715281,35.94088,19.28221,73.68035
46.3162,-4.715281,35.94088,19.28221,114.3925
46.3162,-4.715281,35.94088,19.28221,104.5673
46.3162,-4.715281,35.94088,19.28221,90.60564
46.3162,-4.715281,35.94088,19.28221,24.58969
46.3162,-4.715281,35.94088,19.28221,95.90543
46.3162,-4.715281,35.94088,19.28221,84.20638
46.3162,-4.715281,35.94088,19.28221,41.06236
46.3162,-4.715281,35.94088,19.28221,21.23483
46.3162,-4.715281,35.94088,19.28221,98.49947
46.3162,-4.715281,35.94088,19.28221,94.19908
46.3162,-4.715281,35.94088,19.28221,102.0187
46.3162,-4.715281,35.94088,19.28221,55.9917
46.3162,-4.715281,35.94088,19.28221,59.02399
46.3162,-4.715281,35.94088,19.28221,26.19408
46.3162,-4.715281,35.94088,19.28221,25.42006
46.3162,-4.715281,35.94088,19.28221,95.41832
46.3162,-4.715281,35.94088,19.28221,56.83331
46.3162,-4.715281,35.94088,19.28221,97.7617
46.3162,-4.715281,35.94088,19.28221,74.45699
46.3162,-4.715281,35.94088,19.28221,72.50057
46.3162,-4.715281,35.94088,19.28221,88.51917
46.3162,-4.715281,35.94088,19.28221,79.53216
46.3162,-4.715281,35.94088,19.28221,65.32619
46.3162,-4.715281,35.94088,19.28221,101.7669
46.3162,-4.715281,35.94088,19.28221,55.90452
46.3162,-4.715281,35.94088,19.28221,11.48391
46.3162,-4.715281,35.94088,19.28221,58.12209
46.3162,-4.715281,35.94088,19.28221,69.03201
46.3162,-4.715281,35.94088,19.28221,21.04715
46.3162,-4.715281,35.94088,19.28221,86.66657
46.3162,-4.715281,35.94088,19.28221,95.61897
46.3162,-4.715281,35.94088,19.28221,18.29466
46.3162,-4.715281,35.94088,19.28221,98.09029
46.3162,-4.715281,35.94088,19.28221,39.37229
46.3162,-4.715281,35.94088,19.28221,71.83298
46.3162,-4.715281,35.94088,19.28221,26.8715
46.3162,-4.715281,35.94088,19.28221,66.57561
46.3162,-4.715281,35.94088,19.28221,99.27235
46.3162,-4.715281,35.94088,19.28221,70.09892
46.3162,-4.715281,35.94088,19.28221,64.14121
46.3162,-4.715281,35.94088,19.28221,62.97361
46.3162,-4.715281,35.94088,19.28221,39.81083
46.3162,-4.715281,35.94088,19.28221,18.04413
46.3162,-4.715281,35.94088,19.28221,26.00694
46.3162,-4.715281,35.94088,19.28221,89.16385
46.3162,-4.715281,35.94088,19.28221,93.40068
46.3162,-4.715281,35.94088,19.28221,59.83058
46.3162,-4.715281,35.94088,19.28221,113.3191
46.3162,-4.715281,35.94088,19.28221,91.31107
46.3162,-4.715281,35.94088,19.28221,98.09192
46.3162,-4.715281,35.94088,19.28221,73.74734
46.3162,-4.715281,35.94088,19.28221,13.65476
46.3162,-4.715281,35.94088,19.28221,91.85535
46.3162,-4.715281,35.94088,19.28221,20.04092
46.3162,-4.715281,35.94088,19.28221,96.31705
46.3162,-4.715281,35.94088,19.28221,59.06758
46.3162,-4.715281,35.94088,19.28221,38.85815
46.3162,-4.715281,35.94088,19.28221,23.76007
46.3162,-4.715281,35.94088,19.28221,102.0689
46.3162,-4.715281,35.94088,19.28221,96.93784
46.3162,-4.715281,35.94088,19.28221,93.52794
46.3162,-4.715281,35.94088,19.28221,9.872134
46.3162,-4.715281,35.94088,19.28221,66.28709
46.3162,-4.715281,35.94088,19.28221,83.11189
46.3162,-4.715281,35.94088,19.28221,97.08576
46.3162,-4.715281,35.94088,19.28221,16.00893
46.3162,-4.715281,35.94088,19.28221,92.214
46.3162,-4.715281,35.94088,19.28221,111.1917
46.3162,-4.715281,35.94088,19.28221,53.63836
46.3162,-4.715281,35.94088,19.28221,43.71278
46.3162,-4.715281,35.94088,19.28221,42.79895
46.3162,-4.715281,35.94088,19.28221,77.84125
46.3162,-4.715281,35.94088,19.28221,54.58797
46.3162,-4.715281,35.94088,19.28221,67.79551
46.3162,-4.715281,35.94088,19.28221,104.2238
46.3162,-4.715281,35.94088,19.28221,111.8218
46.3162,-4.715281,35.94088,19.28221,103.2082
46.3162,-4.715281,35.94088,19.28221,110.393
46.3162,-4.715281,35.94088,19.28221,40.66513
46.3162,-4.715281,35.94088,19.28221,16.14284
46.3162,-4.715281,35.94088,19.28221,92.91493
46.3162,-4.715281,35.94088,19.28221,34.2857
46.3162,-4.715281,35.94088,19.28221,31.99365
46.3162,-4.715281,35.94088,19.28221,97.70894
46.3162,-4.715281,35.94088,19.28221,63.78913
46.3162,-4.715281,35.94088,19.28221,96.8149
46.3162,-4.715281,35.94088,19.28221,106.3604
46.3162,-4.715281,35.94088,19.28221,102.6699
46.3162,-4.715281,35.94088,19.28221,72.79413
46.3162,-4.715281,35.94088,19.28221,30.80136
46.3162,-4.715281,35.94088,19.28221,106.5901
46.3162,-4.715281,35.94088,19.28221,65.77795
46.3162,-4.715281,35.94088,19.28221,21.86845
46.3162,-4.715281,35.94088,19.28221,6.882813
46.3162,-4.715281,35.94088,19.28221,90.46013
46.3162,-4.715281,35.94088,19.28221,16.9297
46.3162,-4.715281,35.94088,19.28221,75.04168
46.3162,-4.715281,35.94088,19.28221,44.50368
46.3162,-4.715281,35.94088,19.28221,95.83483
46.3162,-4.715281,35.94088,19.28221,111.6194
46.3162,-4.715281,35.94088,19.28221,100.1982
46.3162,-4.715281,35.94088,19.28221,61.24846
46.3162,-4.715281,35.94088,19.28221,79.809
46.3162,-4.715281,35.94088,19.28221,66.08014
46.3162,-4.715281,35.94088,19.28221,56.96883
46.3162,-4.715281,35.94088,19.28221,17.89797
46.3162,-4.715281,35.94088,19.28221,58.28882
46.3162,-4.715281,35.94088,19.28221,84.30679
46.3162,-4.715281,35.94088,19.28221,84.14989
46.3162,-4.715281,35.94088,19.28221,93.62991
46.3162,-4.715281,35.94088,19.28221,71.63535
46.3162,-4.715281,35.94088,19.28221,14.83095
46.3162,-4.715281,35.94088,19.28221,68.05996
46.3162,-4.715281,35.94088,19.28221,27.96839
46.3162,-4.715281,35.94088,19.28221,87.70879
46.3162,-4.715281,35.94088,19.28221,109.3378
46.3162,-4.715281,35.94088,19.28221,80.26563
46.3162,-4.715281,35.94088,19.28221,19.00805
46.3162,-4.715281,35.94088,19.28221,97.61774
46.3162,-4.715281,35.94088,19.28221,8.777399
46.3162,-4.715281,35.94088,19.28221,27.28922
46.3162,-4.715281,35.94088,19.28221,74.79978
46.3162,-4.715281,35.94088,19.28221,69.62148
46.3162,-4.715281,35.94088,19.28221,103.438
46.3162,-4.715281,35.94088,19.28221,91.50521
46.3162,-4.715281,35.94088,19.28221,96.58263
46.3162,-4.715281,35.94088,19.28221,42.00015
46.3162,-4.715281,35.94088,19.28221,91.45181
46.3162,-4.715281,35.94088,19.28221,92.09518
46.3162,-4.715281,35.94088,19.28221,75.33931
46.3162,-4.715281,35.94088,19.28221,108.1599
46.3162,-4.715281,35.94088,19.28221,40.86447
46.3162,-4.715281,35.94088,19.28221,99.48413
46.3162,-4.715281,35.94088,19.28221,18.33096
46.3162,-4.715281,35.94088,19.28221,26.47512
46.3162,-4.715281,35.94088,19.28221,97.95408
46.3162,-4.715281,35.94088,19.28221,68.82379
46.3162,-4.715281,35.94088,19.28221,103.6944
46.3162,-4.715281,35.94088,19.28221,67.75481
46.3162,-4.715281,35.94088,19.28221,41.04478
46.3162,-4.715281,35.94088,19.28221,100.591
46.3162,-4.715281,35.94088,19.28221,34.01208
46.3162,-4.715281,35.94088,19.28221,100.8829
46.3162,-4.715281,35.94088,19.28221,90.12595
46.3162,-4.715281,35.94088,19.28221,110.3033
46.3162,-4.715281,35.94088,19.28221,9.109401
46.3162,-4.715281,35.94088,19.28221,99.07616
46.3162,-4.715281,35.94088,19.28221,31.52832
46.3162,-4.715281,35.94088,19.28221,33.96434
46.3162,-4.715281,35.94088,19.28221,49.738
46.3162,-4.715281,35.94088,19.28221,33.21829
46.3162,-4.715281,35.94088,19.28221,101.3548
46.3162,-4.715281,35.94088,19.28221,8.655618
46.3162,-4.715281,35.94088,19.28221,55.33189
46.3162,-4.715281,35.94088,19.28221,50.44854
46.3162,-4.715281,35.94088,19.28221,85.84907
46.3162,-4.715281,35.94088,19.28221,78.5913
46.3162,-4.715281,35.94088,19.28221,74.63763
46.3162,-4.715281,35.94088,19.28221,101.9966
46.3162,-4.715281,35.94088,19.28221,79.02071
46.3162,-4.715281,35.94088,19.28221,92.0479
46.3162,-4.715281,35.94088,19.28221,103.3135
46.3162,-4.715281,35.94088,19.28221,29.44514
46.3162,-4.715281,35.94088,19.28221,20.28176
46.3162,-4.715281,35.94088,19.28221,20.35691
46.3162,-4.715281,35.94088,19.28221,77.75267
46.3162,-4.715281,35.94088,19.28221,99.60208
46.3162,-4.715281,35.94088,19.28221,109.287
46.3162,-4.715281,35.94088,19.28221,16.20765
46.3162,-4.715281,35.94088,19.28221,34.15224
46.3162,-4.715281,35.94088,19.28221,105.9857
46.3162,-4.715281,35.94088,19.28221,43.87444
46.3162,-4.715281,35.94088,19.28221,75.01668
46.3162,-4.715281,35.94088,19.28221,56.30002
46.3162,-4.715281,35.94088,19.28221,109.7469
46.3162,-4.715281,35.94088,19.28221,25.92021
46.3162,-4.715281,35.94088,19.28221,105.0349
46.3162,-4.715281,35.94088,19.28221,57.60718
46.3162,-4.715281,35.94088,19.28221,57.31112
46.3162,-4.715281,35.94088,19.28221,62.13134
46.3162,-4.715281,35.94088,19.28221,112.6803
46.3162,-4.715281,35.94088,19.28221,14.23316
46.3162,-4.715281,35.94088,19.28221,40.86758
46.3162,-4.715281,35.94088,19.28221,71.77301
46.3162,-4.715281,35.94088,19.28221,97.06353
46.3162,-4.715281,35.94088,19.28221,97.42738
46.3162,-4.715281,35.94088,19.28221,62.80934
46.3162,-4.715281,35.94088,19.28221,109.7468
46.3162,-4.715281,35.94088,19.28221,57.47144
46.3162,-4.715281,35.94088,19.28221,102.3438
46.3162,-4.715281,35.94088,19.28221,87.6293
46.3162,-4.715281,35.94088,19.28221,23.21126
46.3162,-4.715281,35.94088,19.28221,95.96
46.3162,-4.715281,35.94088,19.28221,23.80281
46.3162,-4.715281,35.94088,19.28221,103.5372
46.3162,-4.715281,35.94088,19.28221,60.57948
46.3162,-4.715281,35.94088,19.28221,18.24278
46.3162,-4.715281,35.94088,19.28221,86.88563
46.3162,-4.715281,35.94088,19.28221,15.99993
46.3162,-4.715281,35.94088,19.28221,15.51223
46.3162,-4.715281,35.94088,19.28221,19.82743
46.3162,-4.715281,35.94088,19.28221,34.11965
46.3162,-4.715281,35.94088,19.28221,36.05835
46.3162,-4.715281,35.94088,19.28221,106.2802
46.3162,-4.715281,35.94088,19.28221,91.20695
46.3162,-4.715281,35.94088,19.28221,88.30529
46.3162,-4.715281,35.94088,19.28221,96.7278
46.3162,-4.715281,35.94088,19.28221,60.81611
46.3162,-4.715281,35.94088,19.28221,96.56527
46.3162,-4.715281,35.94088,19.28221,91.21166
46.3162,-4.715281,35.94088,19.28221,43.15493
46.3162,-4.715281,35.94088,19.28221,78.62216
46.3162,-4.715281,35.94088,19.28221,78.26247
46.3162,-4.715281,35.94088,19.28221,107.1948
46.3162,-4.715281,35.94088,19.28221,22.66509
46.3162,-4.715281,35.94088,19.28221,32.89215
46.3162,-4.715281,35.94088,19.28221,86.71207
46.3162,-4.715281,35.94088,19.28221,102.7533
46.3162,-4.715281,35.94088,19.28221,27.69644
46.3162,-4.715281,35.94088,19.28221,94.2587
46.3162,-4.715281,35.94088,19.28221,34.38147
46.3162,-4.715281,35.94088,19.28221,89.78411
46.3162,-4.715281,35.94088,19.28221,27.46692
46.3162,-4.715281,35.94088,19.28221,36.31486
46.3162,-4.715281,35.94088,19.28221,22.45717
46.3162,-4.715281,35.94088,19.28221,108.6984
46.3162,-4.715281,35.94088,19.28221,111.8196
46.3162,-4.715281,35.94088,19.28221,91.6355
46.3162,-4.715281,35.94088,19.28221,93.58463
46.3162,-4.715281,35.94088,19.28221,61.38734
46.3162,-4.715281,35.94088,19.28221,114.0245
46.3162,-4.715281,35.94088,19.28221,84.35932
46.3162,-4.715281,35.94088,19.28221,109.6878
46.3162,-4.715281,35.94088,19.28221,42.99352
46.3162,-4.715281,35.94088,19.28221,60.59672
46.3162,-4.715281,35.94088,19.28221,32.37373
46.3162,-4.715281,35.94088,19.28221,53.24283
46.3162,-4.715281,35.94088,19.28221,95.64651
46.3162,-4.715281,35.94088,19.28221,78.66024
46.3162,-4.715281,35.94088,19.28221,11.07098
46.3162,-4.715281,35.94088,19.28221,100.845
46.3162,-4.715281,35.94088,19.28221,57.87157
46.3162,-4.715281,35.94088,19.28221,102.0042
46.3162,-4.715281,35.94088,19.28221,9.277207
46.3162,-4.715281,35.94088,19.28221,46.22495
46.3162,-4.715281,35.94088,19.28221,30.44298
46.3162,-4.715281,35.94088,19.28221,61.60571
46.3162,-4.715281,35.94088,19.28221,90.09823
46.3162,-4.715281,35.94088,19.28221,116.0628
46.3162,-4.715281,35.94088,19.28221,101.18
46.3162,-4.715281,35.94088,19.28221,88.97142
46.3162,-4.715281,35.94088,19.28221,25.56078
46.3162,-4.715281,35.94088,19.28221,110.8676
46.3162,-4.715281,35.94088,19.28221,83.14875
46.3162,-4.715281,35.94088,19.28221,111.1869
46.3162,-4.715281,35.94088,19.28221,111.0415
46.3162,-4.715281,35.94088,19.28221,77.12828
46.3162,-4.715281,35.94088,19.28221,110.2179
46.3162,-4.715281,35.94088,19.28221,17.51139
46.3162,-4.715281,35.94088,19.28221,112.6571
46.3162,-4.715281,35.94088,19.28221,103.7335
46.3162,-4.715281,35.94088,19.28221,40.7944
46.3162,-4.715281,35.94088,19.28221,95.07257
46.3162,-4.715281,35.94088,19.28221,67.82835
46.3162,-4.715281,35.94088,19.28221,19.49357
46.3162,-4.715281,35.94088,19.28221,92.28313
46.3162,-4.715281,35.94088,19.28221,101.7985
46.3162,-4.715281,35.94088,19.28221,107.3821
46.3162,-4.715281,35.94088,19.28221,95.77523
46.3162,-4.715281,35.94088,19.28221,95.72702
46.3162,-4.715281,35.94088,19.28221,111.1152
46.3162,-4.715281,35.94088,19.28221,13.75049
46.3162,-4.715281,35.94088,19.28221,74.55022
46.3162,-4.715281,35.94088,19.28221,98.67014
46.3162,-4.715281,35.94088,19.28221,98.68231
46.3162,-4.715281,35.94088,19.28221,95.01171
46.3162,-4.715281,35.94088,19.28221,113.0882
46.3162,-4.715281,35.94088,19.28221,109.0134
46.3162,-4.715281,35.94088,19.28221,102.3315
46.3162,-4.715281,35.94088,19.28221,88.00366
46.3162,-4.715281,35.94088,19.28221,91.49751
46.3162,-4.715281,35.94088,19.28221,111.2478
46.3162,-4.715281,35.94088,19.28221,12.68319
46.3162,-4.715281,35.94088,19.28221,12.77722
46.3162,-4.715281,35.94088,19.28221,76.13854
46.3162,-4.715281,35.94088,19.28221,105.0865
46.3162,-4.715281,35.94088,19.28221,67.10014
46.3162,-4.715281,35.94088,19.28221,24.10735
46.3162,-4.715281,35.94088,19.28221,36.85516
46.3162,-4.715281,35.94088,19.28221,14.41515
46.3162,-4.715281,35.94088,19.28221,63.01171
46.3162,-4.715281,35.94088,19.28221,66.47647
46.3162,-4.715281,35.94088,19.28221,66.54401
46.3162,-4.715281,35.94088,19.28221,98.26212
46.3162,-4.715281,35.94088,19.28221,109.5288
46.3162,-4.715281,35.94088,19.28221,26.06968
46.3162,-4.715281,35.94088,19.28221,67.28858
46.3162,-4.715281,35.94088,19.28221,16.57699
46.3162,-4.715281,35.94088,19.28221,62.41063
46.3162,-4.715281,35.94088,19.28221,54.55937
46.3162,-4.715281,35.94088,19.28221,52.50897
46.3162,-4.715281,35.94088,19.28221,103.8232
46.3162,-4.715281,35.94088,19.28221,91.4563
46.3162,-4.715281,35.94088,19.28221,17.74326
46.3162,-4.715281,35.94088,19.28221,106.7469
46.3162,-4.715281,35.94088,19.28221,92.76084
46.3162,-4.715281,35.94088,19.28221,53.98805
46.3162,-4.715281,35.94088,19.28221,54.8153
46.3162,-4.715281,35.94088,19.28221,29.08473
46.3162,-4.715281,35.94088,19.28221,96.39706
46.3162,-4.715281,35.94088,19.28221,56.55708
46.3162,-4.715281,35.94088,19.28221,13.1167
46.3162,-4.715281,35.94088,19.28221,54.35134
46.3162,-4.715281,35.94088,19.28221,61.02106
46.3162,-4.715281,35.94088,19.28221,56.37616
46.3162,-4.715281,35.94088,19.28221,65.75224
46.3162,-4.715281,35.94088,19.28221,21.92946
46.3162,-4.715281,35.94088,19.28221,110.6716
46.3162,-4.715281,35.94088,19.28221,93.19733
46.3162,-4.715281,35.94088,19.28221,96.97735
46.3162,-4.715281,35.94088,19.28221,106.859
46.3162,-4.715281,35.94088,19.28221,100.0034
46.3162,-4.715281,35.94088,19.28221,28.31481
46.3162,-4.715281,35.94088,19.28221,88.33274
46.3162,-4.715281,35.94088,19.28221,93.66991
46.3162,-4.715281,35.94088,19.28221,75.3296
46.3162,-4.715281,35.94088,19.28221,35.88238
46.3162,-4.715281,35.94088,19.28221,30.46796
46.3162,-4.715281,35.94088,19.28221,19.46298
46.3162,-4.715281,35.94088,19.28221,14.44245
46.3162,-4.715281,35.94088,19.28221,100.2016
46.3162,-4.715281,35.94088,19.28221,93.22675
46.3162,-4.715281,35.94088,19.28221,80.27285
46.3162,-4.715281,35.94088,19.28221,104.4982
46.3162,-4.715281,35.94088,19.28221,40.39091
46.3162,-4.715281,35.94088,19.28221,95.9723
46.3162,-4.715281,35.94088,19.28221,105.5258
46.3162,-4.715281,35.94088,19.28221,79.70611
46.3162,-4.715281,35.94088,19.28221,88.12504
46.3162,-4.715281,35.94088,19.28221,42.15285
46.3162,-4.715281,35.94088,19.28221,91.76994
46.3162,-4.715281,35.94088,19.28221,25.2777
46.3162,-4.715281,35.94088,19.28221,95.50498
46.3162,-4.715281,35.94088,19.28221,90.33661
46.3162,-4.715281,35.94088,19.28221,14.89008
46.3162,-4.715281,35.94088,19.28221,29.57554
46.3162,-4.715281,35.94088,19.28221,12.86615
46.3162,-4.715281,35.94088,19.28221,13.44653
46.3162,-4.715281,35.94088,19.28221,68.80928
46.3162,-4.715281,35.94088,19.28221,53.37708
46.3162,-4.715281,35.94088,19.28221,101.2879
46.3162,-4.715281,35.94088,19.28221,96.49866
46.3162,-4.715281,35.94088,19.28221,92.07798
46.3162,-4.715281,35.94088,19.28221,98.35136
46.3162,-4.715281,35.94088,19.28221,89.42552
46.3162,-4.715281,35.94088,19.28221,15.06888
46.3162,-4.715281,35.94088,19.28221,90.80872
46.3162,-4.715281,35.94088,19.28221,53.15786
46.3162,-4.715281,35.94088,19.28221,99.37288
46.3162,-4.715281,35.94088,19.28221,64.70802
46.3162,-4.715281,35.94088,19.28221,97.2929
46.3162,-4.715281,35.94088,19.28221,94.36018
46.3162,-4.715281,35.94088,19.28221,48.37591
46.3162,-4.715281,35.94088,19.28221,111.4129
46.3162,-4.715281,35.94088,19.28221,32.38343
46.3162,-4.715281,35.94088,19.28221,93.7982
46.3162,-4.715281,35.94088,19.28221,109.5106
46.3162,-4.715281,35.94088,19.28221,31.46574
46.3162,-4.715281,35.94088,19.28221,14.81692
46.3162,-4.715281,35.94088,19.28221,17.54747
46.3162,-4.715281,35.94088,19.28221,82.74786
46.3162,-4.715281,35.94088,19.28221,112.9921
46.3162,-4.715281,35.94088,19.28221,68.58083
46.3162,-4.715281,35.94088,19.28221,95.18658
46.3162,-4.715281,35.94088,19.28221,113.0899
46.3162,-4.715281,35.94088,19.28221,25.28324
46.3162,-4.715281,35.94088,19.28221,92.35282
46.3162,-4.715281,35.94088,19.28221,98.36819
46.3162,-4.715281,35.94088,19.28221,37.34861
46.3162,-4.715281,35.94088,19.28221,89.65732
46.3162,-4.715281,35.94088,19.28221,71.03496
46.3162,-4.715281,35.94088,19.28221,76.74899
46.3162,-4.715281,35.94088,19.28221,9.458246
46.3162,-4.715281,35.94088,19.28221,77.83163
46.3162,-4.715281,35.94088,19.28221,106.7729
46.3162,-4.715281,35.94088,19.28221,110.4564
46.3162,-4.715281,35.94088,19.28221,33.63438
46.3162,-4.715281,35.94088,19.28221,100.2193
46.3162,-4.715281,35.94088,19.28221,102.7039
46.3162,-4.715281,35.94088,19.28221,83.7001
46.3162,-4.715281,35.94088,19.28221,95.76979
46.3162,-4.715281,35.94088,19.28221,17.28182
46.3162,-4.715281,35.94088,19.28221,97.04188
46.3162,-4.715281,35.94088,19.28221,112.0676
46.3162,-4.715281,35.94088,19.28221,55.16035
46.3162,-4.715281,35.94088,19.28221,21.0408
46.3162,-4.715281,35.94088,19.28221,12.43447
46.3162,-4.715281,35.94088,19.28221,94.62675
46.3162,-4.715281,35.94088,19.28221,96.04047
46.3162,-4.715281,35.94088,19.28221,95.52874
46.3162,-4.715281,35.94088,19.28221,96.01073
46.3162,-4.715281,35.94088,19.28221,55.87867
46.3162,-4.715281,35.94088,19.28221,101.2326
46.3162,-4.715281,35.94088,19.28221,95.09744
46.3162,-4.715281,35.94088,19.28221,95.75758
46.3162,-4.715281,35.94088,19.28221,18.03292
46.3162,-4.715281,35.94088,19.28221,67.44653
46.3162,-4.715281,35.94088,19.28221,91.67813
46.3162,-4.715281,35.94088,19.28221,89.43615
46.3162,-4.715281,35.94088,19.28221,26.80296
46.3162,-4.715281,35.94088,19.28221,59.75776
46.3162,-4.715281,35.94088,19.28221,16.60627
46.3162,-4.715281,35.94088,19.28221,94.18135
46.3162,-4.715281,35.94088,19.28221,66.90724
46.3162,-4.715281,35.94088,19.28221,73.61795
46.3162,-4.715281,35.94088,19.28221,110.7178
46.3162,-4.715281,35.94088,19.28221,105.9139
46.3162,-4.715281,35.94088,19.28221,94.3217
46.3162,-4.715281,35.94088,19.28221,45.53293
46.3162,-4.715281,35.94088,19.28221,109.6184
46.3162,-4.715281,35.94088,19.28221,35.93878
46.3162,-4.715281,35.94088,19.28221,87.23109
46.3162,-4.715281,35.94088,19.28221,110.4093
46.3162,-4.715281,35.94088,19.28221,56.14916
46.3162,-4.715281,35.94088,19.28221,69.92934
46.3162,-4.715281,35.94088,19.28221,8.871735
46.3162,-4.715281,35.94088,19.28221,96.94749
46.3162,-4.715281,35.94088,19.28221,76.41931
46.3162,-4.715281,35.94088,19.28221,99.93153
46.3162,-4.715281,35.94088,19.28221,107.7781
46.3162,-4.715281,35.94088,19.28221,12.69119
46.3162,-4.715281,35.94088,19.28221,44.83423
46.3162,-4.715281,35.94088,19.28221,34.46354
46.3162,-4.715281,35.94088,19.28221,94.19323
46.3162,-4.715281,35.94088,19.28221,52.69497
46.3162,-4.715281,35.94088,19.28221,94.35866
46.3162,-4.715281,35.94088,19.28221,8.656109
46.3162,-4.715281,35.94088,19.28221,58.65094
46.3162,-4.715281,35.94088,19.28221,10.0109
46.3162,-4.715281,35.94088,19.28221,111.8926
46.3162,-4.715281,35.94088,19.28221,109.1214
46.3162,-4.715281,35.94088,19.28221,52.8054
46.3162,-4.715281,35.94088,19.28221,83.755
46.3162,-4.715281,35.94088,19.28221,91.88327
46.3162,-4.715281,35.94088,19.28221,55.63545
46.3162,-4.715281,35.94088,19.28221,88.78082
46.3162,-4.715281,35.94088,19.28221,96.28377
46.3162,-4.715281,35.94088,19.28221,42.90886
46.3162,-4.715281,35.94088,19.28221,108.0407
46.3162,-4.715281,35.94088,19.28221,100.3472
46.3162,-4.715281,35.94088,19.28221,11.06299
46.3162,-4.715281,35.94088,19.28221,91.51059
46.3162,-4.715281,35.94088,19.28221,38.00602
46.3162,-4.715281,35.94088,19.28221,54.83303
46.3162,-4.715281,35.94088,19.28221,110.1787
46.3162,-4.715281,35.94088,19.28221,74.16679
46.3162,-4.715281,35.94088,19.28221,58.37201
46.3162,-4.715281,35.94088,19.28221,98.64398
46.3162,-4.715281,35.94088,19.28221,26.11225
46.3162,-4.715281,35.94088,19.28221,15.37799
46.3162,-4.715281,35.94088,19.28221,87.94373
46.3162,-4.715281,35.94088,19.28221,37.99268
46.3162,-4.715281,35.94088,19.28221,68.72273
46.3162,-4.715281,35.94088,19.28221,113.2888
46.3162,-4.715281,35.94088,19.28221,99.73347
46.3162,-4.715281,35.94088,19.28221,14.78883
46.3162,-4.715281,35.94088,19.28221,34.73504
46.3162,-4.715281,35.94088,19.28221,71.21382
46.3162,-4.715281,35.94088,19.28221,94.265
46.3162,-4.715281,35.94088,19.28221,9.327411
46.3162,-4.715281,35.94088,19.28221,20.35722
46.3162,-4.715281,35.94088,19.28221,90.19695
46.3162,-4.715281,35.94088,19.28221,92.31351
46.3162,-4.715281,35.94088,19.28221,100.5803
46.3162,-4.715281,35.94088,19.28221,93.10308
46.3162,-4.715281,35.94088,19.28221,46.27232
46.3162,-4.715281,35.94088,19.28221,96.44817
46.3162,-4.715281,35.94088,19.28221,83.93951
46.3162,-4.715281,35.94088,19.28221,9.504888
46.3162,-4.715281,35.94088,19.28221,110.8606
46.3162,-4.715281,35.94088,19.28221,57.61291
46.3162,-4.715281,35.94088,19.28221,105.0979
46.3162,-4.715281,35.94088,19.28221,33.29858
46.3162,-4.715281,35.94088,19.28221,18.28346
46.3162,-4.715281,35.94088,19.28221,110.6765
46.3162,-4.715281,35.94088,19.28221,14.91416
46.3162,-4.715281,35.94088,19.28221,93.95874
46.3162,-4.715281,35.94088,19.28221,10.3878
46.3162,-4.715281,35.94088,19.28221,98.66315
46.3162,-4.715281,35.94088,19.28221,59.09535
46.3162,-4.715281,35.94088,19.28221,88.52304
46.3162,-4.715281,35.94088,19.28221,104.2542
46.3162,-4.715281,35.94088,19.28221,77.73281
46.3162,-4.715281,35.94088,19.28221,7.999837
46.3162,-4.715281,35.94088,19.28221,106.2233
46.3162,-4.715281,35.94088,19.28221,59.71025
46.3162,-4.715281,35.94088,19.28221,61.43573
46.3162,-4.715281,35.94088,19.28221,101.8944
46.3162,-4.715281,35.94088,19.28221,89.28334
46.3162,-4.715281,35.94088,19.28221,16.63043
46.3162,-4.715281,35.94088,19.28221,104.3949
46.3162,-4.715281,35.94088,19.28221,99.9954
46.3162,-4.715281,35.94088,19.28221,57.42467
46.3162,-4.715281,35.94088,19.28221,114.5733
46.3162,-4.715281,35.94088,19.28221,111.2646
46.3162,-4.715281,35.94088,19.28221,89.63383
46.3162,-4.715281,35.94088,19.28221,95.90578
46.3162,-4.715281,35.94088,19.28221,57.95585
46.3162,-4.715281,35.94088,19.28221,88.81994
46.3162,-4.715281,35.94088,19.28221,41.647
46.3162,-4.715281,35.94088,19.28221,110.6213
46.3162,-4.715281,35.94088,19.28221,76.53299
46.3162,-4.715281,35.94088,19.28221,104.7544
46.3162,-4.715281,35.94088,19.28221,24.60892
46.3162,-4.715281,35.94088,19.28221,33.86158
46.3162,-4.715281,35.94088,19.28221,20.45982
46.3162,-4.715281,35.94088,19.28221,76.04961
46.3162,-4.715281,35.94088,19.28221,80.81682
46.3162,-4.715281,35.94088,19.28221,103.8635
46.3162,-4.715281,35.94088,19.28221,108.8363
46.3162,-4.715281,35.94088,19.28221,71.45344
46.3162,-4.715281,35.94088,19.28221,15.39911
46.3162,-4.715281,35.94088,19.28221,15.59338
46.3162,-4.715281,35.94088,19.28221,110.8409
46.3162,-4.715281,35.94088,19.28221,32.51531
46.3162,-4.715281,35.94088,19.28221,93.82922
46.3162,-4.715281,35.94088,19.28221,93.61284
46.3162,-4.715281,35.94088,19.28221,36.37608
46.3162,-4.715281,35.94088,19.28221,18.25382
46.3162,-4.715281,35.94088,19.28221,72.34248
46.3162,-4.715281,35.94088,19.28221,57.51051
46.3162,-4.715281,35.94088,19.28221,91.52811
46.3162,-4.715281,35.94088,19.28221,114.5273
46.3162,-4.715281,35.94088,19.28221,92.07147
46.3162,-4.715281,35.94088,19.28221,54.95169
46.3162,-4.715281,35.94088,19.28221,15.84921
46.3162,-4.715281,35.94088,19.28221,76.35036
46.3162,-4.715281,35.94088,19.28221,11.78548
46.3162,-4.715281,35.94088,19.28221,66.24564
46.3162,-4.715281,35.94088,19.28221,14.84951
46.3162,-4.715281,35.94088,19.28221,14.94321
46.3162,-4.715281,35.94088,19.28221,88.25921
46.3162,-4.715281,35.94088,19.28221,102.9462
46.3162,-4.715281,35.94088,19.28221,73.67356
46.3162,-4.715281,35.94088,19.28221,16.12602
46.3162,-4.715281,35.94088,19.28221,112.4183
46.3162,-4.715281,35.94088,19.28221,98.62032
46.3162,-4.715281,35.94088,19.28221,96.05125
46.3162,-4.715281,35.94088,19.28221,83.23378
46.3162,-4.715281,35.94088,19.28221,63.4187
46.3162,-4.715281,35.94088,19.28221,12.16595
46.3162,-4.715281,35.94088,19.28221,89.53062
46.3162,-4.715281,35.94088,19.28221,103.091
46.3162,-4.715281,35.94088,19.28221,16.19307
46.3162,-4.715281,35.94088,19.28221,89.85747
46.3162,-4.715281,35.94088,19.28221,106.486
46.3162,-4.715281,35.94088,19.28221,86.22747
46.3162,-4.715281,35.94088,19.28221,103.7459
46.3162,-4.715281,35.94088,19.28221,8.355423
46.3162,-4.715281,35.94088,19.28221,28.57952
46.3162,-4.715281,35.94088,19.28221,60.33988
46.3162,-4.715281,35.94088,19.28221,103.4576
46.3162,-4.715281,35.94088,19.28221,15.9637
46.3162,-4.715281,35.94088,19.28221,14.69308
46.3162,-4.715281,35.94088,19.28221,109.9102
46.3162,-4.715281,35.94088,19.28221,40.31646
46.3162,-4.715281,35.94088,19.28221,99.39761
46.3162,-4.715281,35.94088,19.28221,78.0682
46.3162,-4.715281,35.94088,19.28221,107.9254
46.3162,-4.715281,35.94088,19.28221,18.04466
46.3162,-4.715281,35.94088,19.28221,104.4862
46.3162,-4.715281,35.94088,19.28221,21.99311
46.3162,-4.715281,35.94088,19.28221,24.82422
46.3162,-4.715281,35.94088,19.28221,104.9369
46.3162,-4.715281,35.94088,19.28221,78.54735
46.3162,-4.715281,35.94088,19.28221,68.07253
46.3162,-4.715281,35.94088,19.28221,98.42259
46.3162,-4.715281,35.94088,19.28221,11.02714
46.3162,-4.715281,35.94088,19.28221,53.50042
46.3162,-4.715281,35.94088,19.28221,98.51424
46.3162,-4.715281,35.94088,19.28221,108.0755
46.3162,-4.715281,35.94088,19.28221,102.0997
46.3162,-4.715281,35.94088,19.28221,42.07816
46.3162,-4.715281,35.94088,19.28221,107.543
46.3162,-4.715281,35.94088,19.28221,97.95249
46.3162,-4.715281,35.94088,19.28221,103.3798
46.3162,-4.715281,35.94088,19.28221,26.26473
46.3162,-4.715281,35.94088,19.28221,61.03102
46.3162,-4.715281,35.94088,19.28221,61.00267
46.3162,-4.715281,35.94088,19.28221,100.7013
46.3162,-4.715281,35.94088,19.28221,107.313
46.3162,-4.715281,35.94088,19.28221,108.7762
46.3162,-4.715281,35.94088,19.28221,24.3946
46.3162,-4.715281,35.94088,19.28221,73.35706
46.3162,-4.715281,35.94088,19.28221,111.3764
46.3162,-4.715281,35.94088,19.28221,82.02209
46.3162,-4.715281,35.94088,19.28221,55.28918
46.3162,-4.715281,35.94088,19.28221,31.61539
46.3162,-4.715281,35.94088,19.28221,17.77602
46.3162,-4.715281,35.94088,19.28221,111.8743
46.3162,-4.715281,35.94088,19.28221,16.08742
46.3162,-4.715281,35.94088,19.28221,110.4402
46.3162,-4.715281,35.94088,19.28221,110.1577
46.3162,-4.715281,35.94088,19.28221,21.37545
46.3162,-4.715281,35.94088,19.28221,96.6143
46.3162,-4.715281,35.94088,19.28221,60.636
46.3162,-4.715281,35.94088,19.28221,102.3972
46.3162,-4.715281,35.94088,19.28221,96.96415
46.3162,-4.715281,35.94088,19.28221,57.51955
46.3162,-4.715281,35.94088,19.28221,15.05719
46.3162,-4.715281,35.94088,19.28221,23.38833
46.3162,-4.715281,35.94088,19.28221,103.4477
46.3162,-4.715281,35.94088,19.28221,112.4991
46.3162,-4.715281,35.94088,19.28221,95.45271
46.3162,-4.715281,35.94088,19.28221,109.2796
46.3162,-4.715281,35.94088,19.28221,8.076957
46.3162,-4.715281,35.94088,19.28221,97.8756
46.3162,-4.715281,35.94088,19.28221,22.85946
46.3162,-4.715281,35.94088,19.28221,68.37443
46.3162,-4.715281,35.94088,19.28221,107.6037
46.3162,-4.715281,35.94088,19.28221,51.35491
46.3162,-4.715281,35.94088,19.28221,73.87344
46.3162,-4.715281,35.94088,19.28221,71.7929
46.3162,-4.715281,35.94088,19.28221,113.9432
46.3162,-4.715281,35.94088,19.28221,108.2913
46.3162,-4.715281,35.94088,19.28221,25.68702
46.3162,-4.715281,35.94088,19.28221,100.7838
46.3162,-4.715281,35.94088,19.28221,38.31722
46.3162,-4.715281,35.94088,19.28221,48.33518
46.3162,-4.715281,35.94088,19.28221,63.56493
46.3162,-4.715281,35.94088,19.28221,26.67531
46.3162,-4.715281,35.94088,19.28221,54.89743
46.3162,-4.715281,35.94088,19.28221,110.9472
46.3162,-4.715281,35.94088,19.28221,22.95683
46.3162,-4.715281,35.94088,19.28221,67.00742
46.3162,-4.715281,35.94088,19.28221,108.5901
46.3162,-4.715281,35.94088,19.28221,101.2943
46.3162,-4.715281,35.94088,19.28221,74.49117
46.3162,-4.715281,35.94088,19.28221,84.23384
46.3162,-4.715281,35.94088,19.28221,104.0231
46.3162,-4.715281,35.94088,19.28221,106.4056
46.3162,-4.715281,35.94088,19.28221,56.39632
46.3162,-4.715281,35.94088,19.28221,41.37759
46.3162,-4.715281,35.94088,19.28221,13.07178
46.3162,-4.715281,35.94088,19.28221,66.37319
46.3162,-4.715281,35.94088,19.28221,106.9479
46.3162,-4.715281,35.94088,19.28221,89.18661
46.3162,-4.715281,35.94088,19.28221,32.3495
46.3162,-4.715281,35.94088,19.28221,14.23589
46.3162,-4.715281,35.94088,19.28221,77.43618
46.3162,-4.715281,35.94088,19.28221,101.323
46.3162,-4.715281,35.94088,19.28221,69.49332
46.3162,-4.715281,35.94088,19.28221,99.73238
46.3162,-4.715281,35.94088,19.28221,29.28326
46.3162,-4.715281,35.94088,19.28221,98.64832
46.3162,-4.715281,35.94088,19.28221,84.5459
46.3162,-4.715281,35.94088,19.28221,100.802
46.3162,-4.715281,35.94088,19.28221,74.03487
46.3162,-4.715281,35.94088,19.28221,113.6993
46.3162,-4.715281,35.94088,19.28221,56.1655
46.3162,-4.715281,35.94088,19.28221,52.89661
46.3162,-4.715281,35.94088,19.28221,66.59444
46.3162,-4.715281,35.94088,19.28221,56.35189
46.3162,-4.715281,35.94088,19.28221,90.55677
46.3162,-4.715281,35.94088,19.28221,105.2417
46.3162,-4.715281,35.94088,19.28221,27.52158
46.3162,-4.715281,35.94088,19.28221,19.25269
46.3162,-4.715281,35.94088,19.28221,110.7139
46.3162,-4.715281,35.94088,19.28221,102.5658
46.3162,-4.715281,35.94088,19.28221,101.1633
46.3162,-4.715281,35.94088,19.28221,55.13974
46.3162,-4.715281,35.94088,19.28221,18.30154
46.3162,-4.715281,35.94088,19.28221,15.87286
46.3162,-4.715281,35.94088,19.28221,100.6368
46.3162,-4.715281,35.94088,19.28221,109.6021
46.3162,-4.715281,35.94088,19.28221,28.20681
46.3162,-4.715281,35.94088,19.28221,13.0537
46.3162,-4.715281,35.94088,19.28221,75.01171
46.3162,-4.715281,35.94088,19.28221,103.7266
46.3162,-4.715281,35.94088,19.28221,90.49175
46.3162,-4.715281,35.94088,19.28221,112.4905
46.3162,-4.715281,35.94088,19.28221,26.88803
46.3162,-4.715281,35.94088,19.28221,20.83137
46.3162,-4.715281,35.94088,19.28221,25.36569
46.3162,-4.715281,35.94088,19.28221,10.92884
46.3162,-4.715281,35.94088,19.28221,18.68464
46.3162,-4.715281,35.94088,19.28221,105.4054
46.3162,-4.715281,35.94088,19.28221,26.87414
46.3162,-4.715281,35.94088,19.28221,106.4512
46.3162,-4.715281,35.94088,19.28221,49.84946
46.3162,-4.715281,35.94088,19.28221,99.41616
46.3162,-4.715281,35.94088,19.28221,76.52334
46.3162,-4.715281,35.94088,19.28221,96.29726
46.3162,-4.715281,35.94088,19.28221,54.84475
46.3162,-4.715281,35.94088,19.28221,70.35361
46.3162,-4.715281,35.94088,19.28221,40.48093
46.3162,-4.715281,35.94088,19.28221,57.29621
46.3162,-4.715281,35.94088,19.28221,62.00336
46.3162,-4.715281,35.94088,19.28221,98.48168
46.3162,-4.715281,35.94088,19.28221,26.14044
46.3162,-4.715281,35.94088,19.28221,91.93845
46.3162,-4.715281,35.94088,19.28221,97.8727
46.3162,-4.715281,35.94088,19.28221,84.49484
46.3162,-4.715281,35.94088,19.28221,71.45295
46.3162,-4.715281,35.94088,19.28221,53.97404
46.3162,-4.715281,35.94088,19.28221,71.03371
46.3162,-4.715281,35.94088,19.28221,97.47032
46.3162,-4.715281,35.94088,19.28221,74.17422
46.3162,-4.715281,35.94088,19.28221,104.4208
46.3162,-4.715281,35.94088,19.28221,40.84025
46.3162,-4.715281,35.94088,19.28221,79.89713
46.3162,-4.715281,35.94088,19.28221,110.1722
46.3162,-4.715281,35.94088,19.28221,71.89587
46.3162,-4.715281,35.94088,19.28221,22.78865
46.3162,-4.715281,35.94088,19.28221,8.864185
46.3162,-4.715281,35.94088,19.28221,74.76368
46.3162,-4.715281,35.94088,19.28221,55.29214
46.3162,-4.715281,35.94088,19.28221,78.03934
46.3162,-4.715281,35.94088,19.28221,104.0121
46.3162,-4.715281,35.94088,19.28221,98.07187
46.3162,-4.715281,35.94088,19.28221,20.12069
46.3162,-4.715281,35.94088,19.28221,25.39201
46.3162,-4.715281,35.94088,19.28221,90.75828
46.3162,-4.715281,35.94088,19.28221,110.7991
46.3162,-4.715281,35.94088,19.28221,101.3614
46.3162,-4.715281,35.94088,19.28221,63.69681
46.3162,-4.715281,35.94088,19.28221,51.22779
46.3162,-4.715281,35.94088,19.28221,95.62875
46.3162,-4.715281,35.94088,19.28221,109.5548
46.3162,-4.715281,35.94088,19.28221,63.86696
46.3162,-4.715281,35.94088,19.28221,60.36178
46.3162,-4.715281,35.94088,19.28221,22.883
46.3162,-4.715281,35.94088,19.28221,20.22381
46.3162,-4.715281,35.94088,19.28221,59.78552
46.3162,-4.715281,35.94088,19.28221,87.09415
46.3162,-4.715281,35.94088,19.28221,82.19077
46.3162,-4.715281,35.94088,19.28221,51.40701
46.3162,-4.715281,35.94088,19.28221,69.57025
46.3162,-4.715281,35.94088,19.28221,90.70148
46.3162,-4.715281,35.94088,19.28221,111.5881
46.3162,-4.715281,35.94088,19.28221,11.27006
46.3162,-4.715281,35.94088,19.28221,28.51584
46.3162,-4.715281,35.94088,19.28221,9.257584
46.3162,-4.715281,35.94088,19.28221,97.98789
46.3162,-4.715281,35.94088,19.28221,56.75255
46.3162,-4.715281,35.94088,19.28221,36.21881
46.3162,-4.715281,35.94088,19.28221,86.886
46.3162,-4.715281,35.94088,19.28221,17.31167
46.3162,-4.715281,35.94088,19.28221,16.96039
46.3162,-4.715281,35.94088,19.28221,109.6414
46.3162,-4.715281,35.94088,19.28221,77.8072
46.3162,-4.715281,35.94088,19.28221,11.34293
46.3162,-4.715281,35.94088,19.28221,18.359
46.3162,-4.715281,35.94088,19.28221,70.52431
46.3162,-4.715281,35.94088,19.28221,43.09324
46.3162,-4.715281,35.94088,19.28221,103.5899
46.3162,-4.715281,35.94088,19.28221,101.0526
46.3162,-4.715281,35.94088,19.28221,91.42247
46.3162,-4.715281,35.94088,19.28221,14.76763
46.3162,-4.715281,35.94088,19.28221,114.8291
46.3162,-4.715281,35.94088,19.28221,30.00868
46.3162,-4.715281,35.94088,19.28221,109.7967
46.3162,-4.715281,35.94088,19.28221,12.05514
46.3162,-4.715281,35.94088,19.28221,109.2999
46.3162,-4.715281,35.94088,19.28221,95.2319
46.3162,-4.715281,35.94088,19.28221,29.47745
46.3162,-4.715281,35.94088,19.28221,73.53032
46.3162,-4.715281,35.94088,19.28221,83.28671
46.3162,-4.715281,35.94088,19.28221,102.2162
46.3162,-4.715281,35.94088,19.28221,57.4847
46.3162,-4.715281,35.94088,19.28221,86.7954
46.3162,-4.715281,35.94088,19.28221,57.47395
46.3162,-4.715281,35.94088,19.28221,11.47707
46.3162,-4.715281,35.94088,19.28221,96.83684
46.3162,-4.715281,35.94088,19.28221,106.536
46.3162,-4.715281,35.94088,19.28221,94.46041
46.3162,-4.715281,35.94088,19.28221,7.613972
46.3162,-4.715281,35.94088,19.28221,42.35089
46.3162,-4.715281,35.94088,19.28221,30.80276
46.3162,-4.715281,35.94088,19.28221,58.90771
46.3162,-4.715281,35.94088,19.28221,56.92243
46.3162,-4.715281,35.94088,19.28221,30.74389
46.3162,-4.715281,35.94088,19.28221,57.36132
46.3162,-4.715281,35.94088,19.28221,30.19502
46.3162,-4.715281,35.94088,19.28221,44.71857
46.3162,-4.715281,35.94088,19.28221,93.3234
46.3162,-4.715281,35.94088,19.28221,73.27643
46.3162,-4.715281,35.94088,19.28221,79.15158
46.3162,-4.715281,35.94088,19.28221,100.3053
46.3162,-4.715281,35.94088,19.28221,107.4183
46.3162,-4.715281,35.94088,19.28221,112.1557
46.3162,-4.715281,35.94088,19.28221,97.7034
46.3162,-4.715281,35.94088,19.28221,108.1057
46.3162,-4.715281,35.94088,19.28221,60.59175
46.3162,-4.715281,35.94088,19.28221,57.51581
46.3162,-4.715281,35.94088,19.28221,42.63222
46.3162,-4.715281,35.94088,19.28221,105.5486
46.3162,-4.715281,35.94088,19.28221,23.3429
46.3162,-4.715281,35.94088,19.28221,66.09895
46.3162,-4.715281,35.94088,19.28221,63.72482
46.3162,-4.715281,35.94088,19.28221,108.3129
46.3162,-4.715281,35.94088,19.28221,80.6531
46.3162,-4.715281,35.94088,19.28221,106.4212
46.3162,-4.715281,35.94088,19.28221,105.0124
46.3162,-4.715281,35.94088,19.28221,105.0424
46.3162,-4.715281,35.94088,19.28221,98.78836
46.3162,-4.715281,35.94088,19.28221,51.60884
46.3162,-4.715281,35.94088,19.28221,89.09649
46.3162,-4.715281,35.94088,19.28221,83.39867
46.3162,-4.715281,35.94088,19.28221,114.4784
46.3162,-4.715281,35.94088,19.28221,57.55297
46.3162,-4.715281,35.94088,19.28221,68.52934
46.3162,-4.715281,35.94088,19.28221,97.85678
46.3162,-4.715281,35.94088,19.28221,68.97137
46.3162,-4.715281,35.94088,19.28221,87.4436
46.3162,-4.715281,35.94088,19.28221,64.27068
46.3162,-4.715281,35.94088,19.28221,77.15071
46.3162,-4.715281,35.94088,19.28221,8.866543
46.3162,-4.715281,35.94088,19.28221,76.85479
46.3162,-4.715281,35.94088,19.28221,107.862
46.3162,-4.715281,35.94088,19.28221,20.11131
46.3162,-4.715281,35.94088,19.28221,14.83643
46.3162,-4.715281,35.94088,19.28221,70.62424
46.3162,-4.715281,35.94088,19.28221,93.26682
46.3162,-4.715281,35.94088,19.28221,12.67016
46.3162,-4.715281,35.94088,19.28221,108.0234
46.3162,-4.715281,35.94088,19.28221,103.8943
46.3162,-4.715281,35.94088,19.28221,100.0193
46.3162,-4.715281,35.94088,19.28221,57.00396
46.3162,-4.715281,35.94088,19.28221,56.12083
46.3162,-4.715281,35.94088,19.28221,96.41249
46.3162,-4.715281,35.94088,19.28221,22.82633
46.3162,-4.715281,35.94088,19.28221,92.83688
46.3162,-4.715281,35.94088,19.28221,101.4578
46.3162,-4.715281,35.94088,19.28221,87.43033
46.3162,-4.715281,35.94088,19.28221,13.56014
46.3162,-4.715281,35.94088,19.28221,111.148
46.3162,-4.715281,35.94088,19.28221,39.65564
46.3162,-4.715281,35.94088,19.28221,102.5016
46.3162,-4.715281,35.94088,19.28221,71.5762
46.3162,-4.715281,35.94088,19.28221,92.51952
46.3162,-4.715281,35.94088,19.28221,20.87975
46.3162,-4.715281,35.94088,19.28221,101.1347
46.3162,-4.715281,35.94088,19.28221,115.2933
46.3162,-4.715281,35.94088,19.28221,74.80385
46.3162,-4.715281,35.94088,19.28221,29.23273
46.3162,-4.715281,35.94088,19.28221,104.6576
46.3162,-4.715281,35.94088,19.28221,79.38437
46.3162,-4.715281,35.94088,19.28221,103.6294
46.3162,-4.715281,35.94088,19.28221,99.60966
46.3162,-4.715281,35.94088,19.28221,102.4977
46.3162,-4.715281,35.94088,19.28221,17.21056
46.3162,-4.715281,35.94088,19.28221,103.1474
46.3162,-4.715281,35.94088,19.28221,64.29134
46.3162,-4.715281,35.94088,19.28221,34.95385
46.3162,-4.715281,35.94088,19.28221,75.80392
46.3162,-4.715281,35.94088,19.28221,109.2811
46.3162,-4.715281,35.94088,19.28221,94.26376
46.3162,-4.715281,35.94088,19.28221,60.55993
46.3162,-4.715281,35.94088,19.28221,95.77992
46.3162,-4.715281,35.94088,19.28221,75.3708
46.3162,-4.715281,35.94088,19.28221,59.46131
46.3162,-4.715281,35.94088,19.28221,17.64574
46.3162,-4.715281,35.94088,19.28221,10.06785
46.3162,-4.715281,35.94088,19.28221,45.23859
46.3162,-4.715281,35.94088,19.28221,9.61718
46.3162,-4.715281,35.94088,19.28221,101.9194
46.3162,-4.715281,35.94088,19.28221,99.6807
46.3162,-4.715281,35.94088,19.28221,24.86234
46.3162,-4.715281,35.94088,19.28221,105.7505
46.3162,-4.715281,35.94088,19.28221,84.93881
46.3162,-4.715281,35.94088,19.28221,23.99123
46.3162,-4.715281,35.94088,19.28221,111.5888
46.3162,-4.715281,35.94088,19.28221,105.5837
46.3162,-4.715281,35.94088,19.28221,102.8593
46.3162,-4.715281,35.94088,19.28221,14.74203
46.3162,-4.715281,35.94088,19.28221,88.91121
46.3162,-4.715281,35.94088,19.28221,12.51606
46.3162,-4.715281,35.94088,19.28221,30.97263
46.3162,-4.715281,35.94088,19.28221,39.93935
46.3162,-4.715281,35.94088,19.28221,20.63117
46.3162,-4.715281,35.94088,19.28221,43.92089
46.3162,-4.715281,35.94088,19.28221,57.06634
46.3162,-4.715281,35.94088,19.28221,59.47804
46.3162,-4.715281,35.94088,19.28221,58.16352
46.3162,-4.715281,35.94088,19.28221,54.50965
46.3162,-4.715281,35.94088,19.28221,70.80959
46.3162,-4.715281,35.94088,19.28221,30.26466
46.3162,-4.715281,35.94088,19.28221,106.3977
46.3162,-4.715281,35.94088,19.28221,23.85814
46.3162,-4.715281,35.94088,19.28221,98.54369
46.3162,-4.715281,35.94088,19.28221,101.6991
46.3162,-4.715281,35.94088,19.28221,95.60939
46.3162,-4.715281,35.94088,19.28221,97.5267
46.3162,-4.715281,35.94088,19.28221,21.59164
46.3162,-4.715281,35.94088,19.28221,58.25335
46.3162,-4.715281,35.94088,19.28221,39.9315
46.3162,-4.715281,35.94088,19.28221,78.49788
46.3162,-4.715281,35.94088,19.28221,106.807
46.3162,-4.715281,35.94088,19.28221,40.36626
46.3162,-4.715281,35.94088,19.28221,96.91763
46.3162,-4.715281,35.94088,19.28221,96.28159
46.3162,-4.715281,35.94088,19.28221,102.1983
46.3162,-4.715281,35.94088,19.28221,75.77377
46.3162,-4.715281,35.94088,19.28221,96.04095
46.3162,-4.715281,35.94088,19.28221,14.24372
46.3162,-4.715281,35.94088,19.28221,107.398
46.3162,-4.715281,35.94088,19.28221,102.4515
46.3162,-4.715281,35.94088,19.28221,37.08641
46.3162,-4.715281,35.94088,19.28221,56.34594
46.3162,-4.715281,35.94088,19.28221,12.88522
46.3162,-4.715281,35.94088,19.28221,43.19031
46.3162,-4.715281,35.94088,19.28221,85.89276
46.3162,-4.715281,35.94088,19.28221,14.5864
46.3162,-4.715281,35.94088,19.28221,101.2909
46.3162,-4.715281,35.94088,19.28221,41.59282
46.3162,-4.715281,35.94088,19.28221,75.39742
46.3162,-4.715281,35.94088,19.28221,76.08685
46.3162,-4.715281,35.94088,19.28221,89.57851
46.3162,-4.715281,35.94088,19.28221,98.82145
46.3162,-4.715281,35.94088,19.28221,84.03637
46.3162,-4.715281,35.94088,19.28221,13.31468
46.3162,-4.715281,35.94088,19.28221,49.42807
46.3162,-4.715281,35.94088,19.28221,15.03062
46.3162,-4.715281,35.94088,19.28221,12.92751
46.3162,-4.715281,35.94088,19.28221,72.83268
46.3162,-4.715281,35.94088,19.28221,99.31454
46.3162,-4.715281,35.94088,19.28221,108.6195
46.3162,-4.715281,35.94088,19.28221,20.32175
46.3162,-4.715281,35.94088,19.28221,80.89664
46.3162,-4.715281,35.94088,19.28221,92.75683
46.3162,-4.715281,35.94088,19.28221,10.57657
46.3162,-4.715281,35.94088,19.28221,85.82394
46.3162,-4.715281,35.94088,19.28221,17.88414
46.3162,-4.715281,35.94088,19.28221,91.38848
46.3162,-4.715281,35.94088,19.28221,90.23141
46.3162,-4.715281,35.94088,19.28221,106.5886
46.3162,-4.715281,35.94088,19.28221,84.77033
46.3162,-4.715281,35.94088,19.28221,41.51239
46.3162,-4.715281,35.94088,19.28221,98.81304
46.3162,-4.715281,35.94088,19.28221,95.98679
46.3162,-4.715281,35.94088,19.28221,79.57517
46.3162,-4.715281,35.94088,19.28221,69.56405
46.3162,-4.715281,35.94088,19.28221,81.72157
46.3162,-4.715281,35.94088,19.28221,15.39184
46.3162,-4.715281,35.94088,19.28221,14.04536
46.3162,-4.715281,35.94088,19.28221,70.77289
46.3162,-4.715281,35.94088,19.28221,94.16372
46.3162,-4.715281,35.94088,19.28221,68.08426
46.3162,-4.715281,35.94088,19.28221,58.93516
46.3162,-4.715281,35.94088,19.28221,77.65645
46.3162,-4.715281,35.94088,19.28221,95.40965
46.3162,-4.715281,35.94088,19.28221,91.94148
46.3162,-4.715281,35.94088,19.28221,57.17875
46.3162,-4.715281,35.94088,19.28221,20.47126
46.3162,-4.715281,35.94088,19.28221,27.79638
46.3162,-4.715281,35.94088,19.28221,12.71181
46.3162,-4.715281,35.94088,19.28221,100.9193
46.3162,-4.715281,35.94088,19.28221,89.68025
46.3162,-4.715281,35.94088,19.28221,18.97834
46.3162,-4.715281,35.94088,19.28221,45.77475
46.3162,-4.715281,35.94088,19.28221,30.75989
46.3162,-4.715281,35.94088,19.28221,109.1282
46.3162,-4.715281,35.94088,19.28221,15.88562
46.3162,-4.715281,35.94088,19.28221,34.18131
46.3162,-4.715281,35.94088,19.28221,84.2794
46.3162,-4.715281,35.94088,19.28221,105.7946
46.3162,-4.715281,35.94088,19.28221,106.218
46.3162,-4.715281,35.94088,19.28221,97.18731
46.3162,-4.715281,35.94088,19.28221,73.69682
46.3162,-4.715281,35.94088,19.28221,33.71232
46.3162,-4.715281,35.94088,19.28221,103.1002
46.3162,-4.715281,35.94088,19.28221,87.29074
46.3162,-4.715281,35.94088,19.28221,99.94087
46.3162,-4.715281,35.94088,19.28221,109.9254
46.3162,-4.715281,35.94088,19.28221,112.4568
46.3162,-4.715281,35.94088,19.28221,39.55533
46.3162,-4.715281,35.94088,19.28221,40.61961
46.3162,-4.715281,35.94088,19.28221,56.60037
46.3162,-4.715281,35.94088,19.28221,60.13694
46.3162,-4.715281,35.94088,19.28221,13.4158
46.3162,-4.715281,35.94088,19.28221,75.363
46.3162,-4.715281,35.94088,19.28221,13.99054
46.3162,-4.715281,35.94088,19.28221,43.61721
46.3162,-4.715281,35.94088,19.28221,103.4045
46.3162,-4.715281,35.94088,19.28221,25.91702
46.3162,-4.715281,35.94088,19.28221,72.36732
46.3162,-4.715281,35.94088,19.28221,99.60712
46.3162,-4.715281,35.94088,19.28221,107.5955
46.3162,-4.715281,35.94088,19.28221,84.06135
46.3162,-4.715281,35.94088,19.28221,94.56994
46.3162,-4.715281,35.94088,19.28221,33.38231
46.3162,-4.715281,35.94088,19.28221,29.1174
46.3162,-4.715281,35.94088,19.28221,92.35027
46.3162,-4.715281,35.94088,19.28221,17.06754
46.3162,-4.715281,35.94088,19.28221,58.49008
46.3162,-4.715281,35.94088,19.28221,18.53351
46.3162,-4.715281,35.94088,19.28221,99.42716
46.3162,-4.715281,35.94088,19.28221,107.5816
46.3162,-4.715281,35.94088,19.28221,53.38079
46.3162,-4.715281,35.94088,19.28221,78.13309
46.3162,-4.715281,35.94088,19.28221,25.59986
46.3162,-4.715281,35.94088,19.28221,104.0751
46.3162,-4.715281,35.94088,19.28221,92.9605
46.3162,-4.715281,35.94088,19.28221,99.33031
46.3162,-4.715281,35.94088,19.28221,104.2047
46.3162,-4.715281,35.94088,19.28221,25.98704
46.3162,-4.715281,35.94088,19.28221,67.70424
46.3162,-4.715281,35.94088,19.28221,61.7123
46.3162,-4.715281,35.94088,19.28221,40.77122
46.3162,-4.715281,35.94088,19.28221,14.13178
46.3162,-4.715281,35.94088,19.28221,97.46283
46.3162,-4.715281,35.94088,19.28221,96.84557
46.3162,-4.715281,35.94088,19.28221,37.40281
46.3162,-4.715281,35.94088,19.28221,9.6053
46.3162,-4.715281,35.94088,19.28221,95.34852
46.3162,-4.715281,35.94088,19.28221,15.57714
46.3162,-4.715281,35.94088,19.28221,72.19899
46.3162,-4.715281,35.94088,19.28221,107.6553
46.3162,-4.715281,35.94088,19.28221,77.64841
46.3162,-4.715281,35.94088,19.28221,89.18279
46.3162,-4.715281,35.94088,19.28221,100.014
46.3162,-4.715281,35.94088,19.28221,74.97221
46.3162,-4.715281,35.94088,19.28221,98.21423
46.3162,-4.715281,35.94088,19.28221,33.38476
46.3162,-4.715281,35.94088,19.28221,90.86977
46.3162,-4.715281,35.94088,19.28221,75.06012
46.3162,-4.715281,35.94088,19.28221,50.56369
46.3162,-4.715281,35.94088,19.28221,57.33696
46.3162,-4.715281,35.94088,19.28221,73.2319
46.3162,-4.715281,35.94088,19.28221,92.88292
46.3162,-4.715281,35.94088,19.28221,68.40775
46.3162,-4.715281,35.94088,19.28221,55.24562
46.3162,-4.715281,35.94088,19.28221,42.57706
46.3162,-4.715281,35.94088,19.28221,58.06701
46.3162,-4.715281,35.94088,19.28221,32.91199
46.3162,-4.715281,35.94088,19.28221,84.4219
46.3162,-4.715281,35.94088,19.28221,92.65676
46.3162,-4.715281,35.94088,19.28221,96.62776
46.3162,-4.715281,35.94088,19.28221,74.29218
46.3162,-4.715281,35.94088,19.28221,103.707
46.3162,-4.715281,35.94088,19.28221,27.20065
46.3162,-4.715281,35.94088,19.28221,88.86095
46.3162,-4.715281,35.94088,19.28221,90.37992
46.3162,-4.715281,35.94088,19.28221,110.6795
46.3162,-4.715281,35.94088,19.28221,107.6871
46.3162,-4.715281,35.94088,19.28221,95.02974
46.3162,-4.715281,35.94088,19.28221,104.7741
46.3162,-4.715281,35.94088,19.28221,86.82011
46.3162,-4.715281,35.94088,19.28221,78.57159
46.3162,-4.715281,35.94088,19.28221,49.2225
46.3162,-4.715281,35.94088,19.28221,24.08775
46.3162,-4.715281,35.94088,19.28221,102.6261
46.3162,-4.715281,35.94088,19.28221,27.57392
46.3162,-4.715281,35.94088,19.28221,9.744169
46.3162,-4.715281,35.94088,19.28221,104.0052
46.3162,-4.715281,35.94088,19.28221,53.19419
46.3162,-4.715281,35.94088,19.28221,97.82824
46.3162,-4.715281,35.94088,19.28221,94.61339
46.3162,-4.715281,35.94088,19.28221,17.99462
46.3162,-4.715281,35.94088,19.28221,103.0221
46.3162,-4.715281,35.94088,19.28221,39.93571
46.3162,-4.715281,35.94088,19.28221,60.42473
46.3162,-4.715281,35.94088,19.28221,30.9339
46.3162,-4.715281,35.94088,19.28221,31.54477
46.3162,-4.715281,35.94088,19.28221,56.87202
46.3162,-4.715281,35.94088,19.28221,107.4569
46.3162,-4.715281,35.94088,19.28221,23.64648
46.3162,-4.715281,35.94088,19.28221,111.6364
46.3162,-4.715281,35.94088,19.28221,109.4978
46.3162,-4.715281,35.94088,19.28221,24.82653
46.3162,-4.715281,35.94088,19.28221,114.6123
46.3162,-4.715281,35.94088,19.28221,92.35749
46.3162,-4.715281,35.94088,19.28221,92.04908
46.3162,-4.715281,35.94088,19.28221,56.20462
46.3162,-4.715281,35.94088,19.28221,6.409584
46.3162,-4.715281,35.94088,19.28221,53.86717
46.3162,-4.715281,35.94088,19.28221,11.85927
46.3162,-4.715281,35.94088,19.28221,104.3085
46.3162,-4.715281,35.94088,19.28221,113.4043
46.3162,-4.715281,35.94088,19.28221,78.62486
46.3162,-4.715281,35.94088,19.28221,84.70146
46.3162,-4.715281,35.94088,19.28221,94.39578
46.3162,-4.715281,35.94088,19.28221,9.896035
46.3162,-4.715281,35.94088,19.28221,45.64989
46.3162,-4.715281,35.94088,19.28221,14.17782
46.3162,-4.715281,35.94088,19.28221,31.69917
46.3162,-4.715281,35.94088,19.28221,110.5395
46.3162,-4.715281,35.94088,19.28221,70.90163
46.3162,-4.715281,35.94088,19.28221,21.92628
46.3162,-4.715281,35.94088,19.28221,57.04105
46.3162,-4.715281,35.94088,19.28221,87.63462
46.3162,-4.715281,35.94088,19.28221,64.57487
46.3162,-4.715281,35.94088,19.28221,101.7076
46.3162,-4.715281,35.94088,19.28221,16.16167
46.3162,-4.715281,35.94088,19.28221,39.38916
46.3162,-4.715281,35.94088,19.28221,53.54259
46.3162,-4.715281,35.94088,19.28221,111.2859
46.3162,-4.715281,35.94088,19.28221,50.37563
46.3162,-4.715281,35.94088,19.28221,15.99964
46.3162,-4.715281,35.94088,19.28221,54.40668
46.3162,-4.715281,35.94088,19.28221,99.12362
46.3162,-4.715281,35.94088,19.28221,100.5785
46.3162,-4.715281,35.94088,19.28221,78.35246
46.3162,-4.715281,35.94088,19.28221,18.67408
46.3162,-4.715281,35.94088,19.28221,95.01911
46.3162,-4.715281,35.94088,19.28221,92.96238
46.3162,-4.715281,35.94088,19.28221,95.71568
46.3162,-4.715281,35.94088,19.28221,108.3387
46.3162,-4.715281,35.94088,19.28221,32.14853
46.3162,-4.715281,35.94088,19.28221,92.35326
46.3162,-4.715281,35.94088,19.28221,9.75841
46.3162,-4.715281,35.94088,19.28221,58.55784
46.3162,-4.715281,35.94088,19.28221,95.99017
46.3162,-4.715281,35.94088,19.28221,68.12161
46.3162,-4.715281,35.94088,19.28221,70.76297
46.3162,-4.715281,35.94088,19.28221,40.99116
46.3162,-4.715281,35.94088,19.28221,95.15201
46.3162,-4.715281,35.94088,19.28221,26.29095
46.3162,-4.715281,35.94088,19.28221,111.095
46.3162,-4.715281,35.94088,19.28221,22.9435
46.3162,-4.715281,35.94088,19.28221,11.77606
46.3162,-4.715281,35.94088,19.28221,92.22675
46.3162,-4.715281,35.94088,19.28221,14.44873
46.3162,-4.715281,35.94088,19.28221,111.4281
46.3162,-4.715281,35.94088,19.28221,102.6268
46.3162,-4.715281,35.94088,19.28221,18.35182
46.3162,-4.715281,35.94088,19.28221,20.00519
46.3162,-4.715281,35.94088,19.28221,68.49597
46.3162,-4.715281,35.94088,19.28221,16.30793
46.3162,-4.715281,35.94088,19.28221,7.674807
46.3162,-4.715281,35.94088,19.28221,104.6063
46.3162,-4.715281,35.94088,19.28221,97.84985
46.3162,-4.715281,35.94088,19.28221,78.44157
46.3162,-4.715281,35.94088,19.28221,97.61858
46.3162,-4.715281,35.94088,19.28221,101.5016
46.3162,-4.715281,35.94088,19.28221,94.71842
46.3162,-4.715281,35.94088,19.28221,64.27193
46.3162,-4.715281,35.94088,19.28221,26.25674
46.3162,-4.715281,35.94088,19.28221,66.50676
46.3162,-4.715281,35.94088,19.28221,54.13403
46.3162,-4.715281,35.94088,19.28221,96.19106
46.3162,-4.715281,35.94088,19.28221,26.54576
46.3162,-4.715281,35.94088,19.28221,103.5965
46.3162,-4.715281,35.94088,19.28221,88.03956
46.3162,-4.715281,35.94088,19.28221,35.61715
46.3162,-4.715281,35.94088,19.28221,24.59582
46.3162,-4.715281,35.94088,19.28221,33.90464
46.3162,-4.715281,35.94088,19.28221,44.16495
46.3162,-4.715281,35.94088,19.28221,92.7329
46.3162,-4.715281,35.94088,19.28221,91.95574
46.3162,-4.715281,35.94088,19.28221,17.09994
46.3162,-4.715281,35.94088,19.28221,71.83252
46.3162,-4.715281,35.94088,19.28221,31.37508
46.3162,-4.715281,35.94088,19.28221,57.33125
46.3162,-4.715281,35.94088,19.28221,8.663311
46.3162,-4.715281,35.94088,19.28221,85.3214
46.3162,-4.715281,35.94088,19.28221,93.09571
46.3162,-4.715281,35.94088,19.28221,25.23021
46.3162,-4.715281,35.94088,19.28221,109.2312
46.3162,-4.715281,35.94088,19.28221,79.47795
46.3162,-4.715281,35.94088,19.28221,105.7155
46.3162,-4.715281,35.94088,19.28221,17.9281
46.3162,-4.715281,35.94088,19.28221,27.24687
46.3162,-4.715281,35.94088,19.28221,16.84248
46.3162,-4.715281,35.94088,19.28221,56.00249
46.3162,-4.715281,35.94088,19.28221,97.60723
46.3162,-4.715281,35.94088,19.28221,15.50915
46.3162,-4.715281,35.94088,19.28221,61.52551
46.3162,-4.715281,35.94088,19.28221,62.68286
46.3162,-4.715281,35.94088,19.28221,70.9596
46.3162,-4.715281,35.94088,19.28221,85.45718
46.3162,-4.715281,35.94088,19.28221,93.75833
46.3162,-4.715281,35.94088,19.28221,95.01453
46.3162,-4.715281,35.94088,19.28221,99.84065
46.3162,-4.715281,35.94088,19.28221,54.45024
46.3162,-4.715281,35.94088,19.28221,33.17662
46.3162,-4.715281,35.94088,19.28221,67.57421
46.3162,-4.715281,35.94088,19.28221,96.65077
46.3162,-4.715281,35.94088,19.28221,13.22616
46.3162,-4.715281,35.94088,19.28221,89.43182
46.3162,-4.715281,35.94088,19.28221,39.73198
46.3162,-4.715281,35.94088,19.28221,39.29096
46.3162,-4.715281,35.94088,19.28221,106.7024
46.3162,-4.715281,35.94088,19.28221,51.97474
46.3162,-4.715281,35.94088,19.28221,54.0985
46.3162,-4.715281,35.94088,19.28221,44.05929
46.3162,-4.715281,35.94088,19.28221,110.054
46.3162,-4.715281,35.94088,19.28221,94.35583
46.3162,-4.715281,35.94088,19.28221,105.986
46.3162,-4.715281,35.94088,19.28221,76.25001
46.3162,-4.715281,35.94088,19.28221,25.93431
46.3162,-4.715281,35.94088,19.28221,10.0083
46.3162,-4.715281,35.94088,19.28221,60.81802
46.3162,-4.715281,35.94088,19.28221,105.0082
46.3162,-4.715281,35.94088,19.28221,109.0988
46.3162,-4.715281,35.94088,19.28221,91.10926
46.3162,-4.715281,35.94088,19.28221,9.864835
46.3162,-4.715281,35.94088,19.28221,107.292
46.3162,-4.715281,35.94088,19.28221,102.2302
46.3162,-4.715281,35.94088,19.28221,104.8852
46.3162,-4.715281,35.94088,19.28221,73.22608
46.3162,-4.715281,35.94088,19.28221,16.26508
46.3162,-4.715281,35.94088,19.28221,94.0775
46.3162,-4.715281,35.94088,19.28221,80.71207
46.3162,-4.715281,35.94088,19.28221,12.45082
46.3162,-4.715281,35.94088,19.28221,96.94895
46.3162,-4.715281,35.94088,19.28221,6.492764
46.3162,-4.715281,35.94088,19.28221,66.95039
46.3162,-4.715281,35.94088,19.28221,59.23983
46.3162,-4.715281,35.94088,19.28221,22.2121
46.3162,-4.715281,35.94088,19.28221,82.17088
46.3162,-4.715281,35.94088,19.28221,36.35874
46.3162,-4.715281,35.94088,19.28221,51.89492
46.3162,-4.715281,35.94088,19.28221,89.87275
46.3162,-4.715281,35.94088,19.28221,22.804
46.3162,-4.715281,35.94088,19.28221,24.72911
46.3162,-4.715281,35.94088,19.28221,78.83484
46.3162,-4.715281,35.94088,19.28221,108.1458
46.3162,-4.715281,35.94088,19.28221,54.209
46.3162,-4.715281,35.94088,19.28221,109.0604
46.3162,-4.715281,35.94088,19.28221,38.71877
46.3162,-4.715281,35.94088,19.28221,60.52405
46.3162,-4.715281,35.94088,19.28221,100.7596
46.3162,-4.715281,35.94088,19.28221,97.56618
46.3162,-4.715281,35.94088,19.28221,49.78273
46.3162,-4.715281,35.94088,19.28221,79.79436
46.3162,-4.715281,35.94088,19.28221,53.96587
46.3162,-4.715281,35.94088,19.28221,12.50072
46.3162,-4.715281,35.94088,19.28221,95.94921
46.3162,-4.715281,35.94088,19.28221,98.2468
46.3162,-4.715281,35.94088,19.28221,95.85612
46.3162,-4.715281,35.94088,19.28221,76.80029
46.3162,-4.715281,35.94088,19.28221,108.4795
46.3162,-4.715281,35.94088,19.28221,33.8053
46.3162,-4.715281,35.94088,19.28221,83.61024
46.3162,-4.715281,35.94088,19.28221,101.9224
46.3162,-4.715281,35.94088,19.28221,90.26904
46.3162,-4.715281,35.94088,19.28221,101.1435
46.3162,-4.715281,35.94088,19.28221,99.65194
46.3162,-4.715281,35.94088,19.28221,92.23625
46.3162,-4.715281,35.94088,19.28221,105.1991
46.3162,-4.715281,35.94088,19.28221,56.4792
46.3162,-4.715281,35.94088,19.28221,104.4144
46.3162,-4.715281,35.94088,19.28221,96.33611
46.3162,-4.715281,35.94088,19.28221,30.89993
46.3162,-4.715281,35.94088,19.28221,94.1181
46.3162,-4.715281,35.94088,19.28221,14.96148
46.3162,-4.715281,35.94088,19.28221,99.03642
46.3162,-4.715281,35.94088,19.28221,106.2739
46.3162,-4.715281,35.94088,19.28221,98.21537
46.3162,-4.715281,35.94088,19.28221,92.89735
46.3162,-4.715281,35.94088,19.28221,55.71363
46.3162,-4.715281,35.94088,19.28221,88.26486
46.3162,-4.715281,35.94088,19.28221,17.05067
46.3162,-4.715281,35.94088,19.28221,101.2409
46.3162,-4.715281,35.94088,19.28221,108.2499
46.3162,-4.715281,35.94088,19.28221,114.4923
46.3162,-4.715281,35.94088,19.28221,12.05042
46.3162,-4.715281,35.94088,19.28221,106.3992
46.3162,-4.715281,35.94088,19.28221,10.47181
46.3162,-4.715281,35.94088,19.28221,67.64149
46.3162,-4.715281,35.94088,19.28221,109.646
46.3162,-4.715281,35.94088,19.28221,67.91141
46.3162,-4.715281,35.94088,19.28221,111.6865
46.3162,-4.715281,35.94088,19.28221,109.1829
46.3162,-4.715281,35.94088,19.28221,113.422
46.3162,-4.715281,35.94088,19.28221,74.97646
46.3162,-4.715281,35.94088,19.28221,85.27422
46.3162,-4.715281,35.94088,19.28221,59.66975
46.3162,-4.715281,35.94088,19.28221,92.76618
46.3162,-4.715281,35.94088,19.28221,99.34772
46.3162,-4.715281,35.94088,19.28221,28.50933
46.3162,-4.715281,35.94088,19.28221,110.7364
46.3162,-4.715281,35.94088,19.28221,22.9432
46.3162,-4.715281,35.94088,19.28221,60.39244
46.3162,-4.715281,35.94088,19.28221,75.56098
46.3162,-4.715281,35.94088,19.28221,57.71114
46.3162,-4.715281,35.94088,19.28221,75.25298
46.3162,-4.715281,35.94088,19.28221,103.6191
46.3162,-4.715281,35.94088,19.28221,18.70817
46.3162,-4.715281,35.94088,19.28221,72.95821
46.3162,-4.715281,35.94088,19.28221,70.81613
46.3162,-4.715281,35.94088,19.28221,76.46046
46.3162,-4.715281,35.94088,19.28221,43.75701
46.3162,-4.715281,35.94088,19.28221,63.55337
46.3162,-4.715281,35.94088,19.28221,39.54101
46.3162,-4.715281,35.94088,19.28221,108.8551
46.3162,-4.715281,35.94088,19.28221,25.75737
46.3162,-4.715281,35.94088,19.28221,61.96506
46.3162,-4.715281,35.94088,19.28221,31.90902
46.3162,-4.715281,35.94088,19.28221,92.24977
46.3162,-4.715281,35.94088,19.28221,11.68879
46.3162,-4.715281,35.94088,19.28221,91.02315
46.3162,-4.715281,35.94088,19.28221,86.1428
46.3162,-4.715281,35.94088,19.28221,83.18024
46.3162,-4.715281,35.94088,19.28221,103.3932
46.3162,-4.715281,35.94088,19.28221,109.0022
46.3162,-4.715281,35.94088,19.28221,52.818
46.3162,-4.715281,35.94088,19.28221,26.6232
46.3162,-4.715281,35.94088,19.28221,55.59938
46.3162,-4.715281,35.94088,19.28221,93.16664
46.3162,-4.715281,35.94088,19.28221,92.75599
46.3162,-4.715281,35.94088,19.28221,55.0266
46.3162,-4.715281,35.94088,19.28221,62.68455
46.3162,-4.715281,35.94088,19.28221,83.68633
46.3162,-4.715281,35.94088,19.28221,58.10188
46.3162,-4.715281,35.94088,19.28221,14.39773
46.3162,-4.715281,35.94088,19.28221,109.2984
46.3162,-4.715281,35.94088,19.28221,60.14541
46.3162,-4.715281,35.94088,19.28221,93.3642
46.3162,-4.715281,35.94088,19.28221,95.93563
46.3162,-4.715281,35.94088,19.28221,40.21157
46.3162,-4.715281,35.94088,19.28221,106.9831
46.3162,-4.715281,35.94088,19.28221,75.21683
46.3162,-4.715281,35.94088,19.28221,33.6692
46.3162,-4.715281,35.94088,19.28221,21.96759
46.3162,-4.715281,35.94088,19.28221,59.31153
46.3162,-4.715281,35.94088,19.28221,111.4008
46.3162,-4.715281,35.94088,19.28221,33.73177
46.3162,-4.715281,35.94088,19.28221,102.8294
46.3162,-4.715281,35.94088,19.28221,57.90952
46.3162,-4.715281,35.94088,19.28221,89.55023
46.3162,-4.715281,35.94088,19.28221,103.28
46.3162,-4.715281,35.94088,19.28221,58.60553
46.3162,-4.715281,35.94088,19.28221,104.3292
46.3162,-4.715281,35.94088,19.28221,75.89818
46.3162,-4.715281,35.94088,19.28221,78.05609
46.3162,-4.715281,35.94088,19.28221,9.821664
46.3162,-4.715281,35.94088,19.28221,94.29495
46.3162,-4.715281,35.94088,19.28221,93.7468
46.3162,-4.715281,35.94088,19.28221,89.85552
46.3162,-4.715281,35.94088,19.28221,95.51219
46.3162,-4.715281,35.94088,19.28221,10.13176
46.3162,-4.715281,35.94088,19.28221,103.3776
46.3162,-4.715281,35.94088,19.28221,104.4793
46.3162,-4.715281,35.94088,19.28221,79.04005
46.3162,-4.715281,35.94088,19.28221,103.0695
46.3162,-4.715281,35.94088,19.28221,95.54108
46.3162,-4.715281,35.94088,19.28221,60.98824
46.3162,-4.715281,35.94088,19.28221,48.84429
46.3162,-4.715281,35.94088,19.28221,51.70886
46.3162,-4.715281,35.94088,19.28221,97.81979
46.3162,-4.715281,35.94088,19.28221,77.6489
46.3162,-4.715281,35.94088,19.28221,55.99669
46.3162,-4.715281,35.94088,19.28221,9.429891
46.3162,-4.715281,35.94088,19.28221,101.7638
46.3162,-4.715281,35.94088,19.28221,74.21414
46.3162,-4.715281,35.94088,19.28221,110.5456
46.3162,-4.715281,35.94088,19.28221,66.01363
46.3162,-4.715281,35.94088,19.28221,38.10321
46.3162,-4.715281,35.94088,19.28221,57.99552
46.3162,-4.715281,35.94088,19.28221,8.018199
46.3162,-4.715281,35.94088,19.28221,63.27731
46.3162,-4.715281,35.94088,19.28221,16.47835
46.3162,-4.715281,35.94088,19.28221,57.90678
46.3162,-4.715281,35.94088,19.28221,53.49148
46.3162,-4.715281,35.94088,19.28221,70.50164
46.3162,-4.715281,35.94088,19.28221,85.43278
46.3162,-4.715281,35.94088,19.28221,107.57
46.3162,-4.715281,35.94088,19.28221,91.04918
46.3162,-4.715281,35.94088,19.28221,102.1159
46.3162,-4.715281,35.94088,19.28221,56.87477
46.3162,-4.715281,35.94088,19.28221,89.67699
46.3162,-4.715281,35.94088,19.28221,19.25539
46.3162,-4.715281,35.94088,19.28221,92.38898
46.3162,-4.715281,35.94088,19.28221,14.43047
46.3162,-4.715281,35.94088,19.28221,107.4171
46.3162,-4.715281,35.94088,19.28221,55.86686
46.3162,-4.715281,35.94088,19.28221,56.90941
46.3162,-4.715281,35.94088,19.28221,92.97124
46.3162,-4.715281,35.94088,19.28221,13.2553
46.3162,-4.715281,35.94088,19.28221,109.476
46.3162,-4.715281,35.94088,19.28221,7.567633
46.3162,-4.715281,35.94088,19.28221,99.78184
46.3162,-4.715281,35.94088,19.28221,80.24937
46.3162,-4.715281,35.94088,19.28221,28.76667
46.3162,-4.715281,35.94088,19.28221,106.504
46.3162,-4.715281,35.94088,19.28221,106.6201
46.3162,-4.715281,35.94088,19.28221,16.4157
46.3162,-4.715281,35.94088,19.28221,60.05363
46.3162,-4.715281,35.94088,19.28221,73.61996
46.3162,-4.715281,35.94088,19.28221,91.8811
46.3162,-4.715281,35.94088,19.28221,114.8695
46.3162,-4.715281,35.94088,19.28221,91.74217
46.3162,-4.715281,35.94088,19.28221,78.61204
46.3162,-4.715281,35.94088,19.28221,49.39594
46.3162,-4.715281,35.94088,19.28221,26.49109
46.3162,-4.715281,35.94088,19.28221,115.515
46.3162,-4.715281,35.94088,19.28221,25.75665
46.3162,-4.715281,35.94088,19.28221,112.536
46.3162,-4.715281,35.94088,19.28221,98.59631
46.3162,-4.715281,35.94088,19.28221,64.05795
46.3162,-4.715281,35.94088,19.28221,107.4676
46.3162,-4.715281,35.94088,19.28221,79.76809
46.3162,-4.715281,35.94088,19.28221,63.2488
46.3162,-4.715281,35.94088,19.28221,19.84241
46.3162,-4.715281,35.94088,19.28221,88.23505
46.3162,-4.715281,35.94088,19.28221,10.14462
46.3162,-4.715281,35.94088,19.28221,16.19434
46.3162,-4.715281,35.94088,19.28221,99.14555
46.3162,-4.715281,35.94088,19.28221,23.88214
46.3162,-4.715281,35.94088,19.28221,66.8063
46.3162,-4.715281,35.94088,19.28221,60.78309
46.3162,-4.715281,35.94088,19.28221,106.3162
46.3162,-4.715281,35.94088,19.28221,26.35628
46.3162,-4.715281,35.94088,19.28221,94.61953
46.3162,-4.715281,35.94088,19.28221,13.23176
46.3162,-4.715281,35.94088,19.28221,109.1448
46.3162,-4.715281,35.94088,19.28221,108.0837
46.3162,-4.715281,35.94088,19.28221,87.4085
46.3162,-4.715281,35.94088,19.28221,93.45047
46.3162,-4.715281,35.94088,19.28221,20.75819
46.3162,-4.715281,35.94088,19.28221,42.62586
46.3162,-4.715281,35.94088,19.28221,95.04371
46.3162,-4.715281,35.94088,19.28221,114.9967
46.3162,-4.715281,35.94088,19.28221,94.19958
46.3162,-4.715281,35.94088,19.28221,102.2901
46.3162,-4.715281,35.94088,19.28221,94.55368
46.3162,-4.715281,35.94088,19.28221,105.1318
46.3162,-4.715281,35.94088,19.28221,17.16854
46.3162,-4.715281,35.94088,19.28221,100.3889
46.3162,-4.715281,35.94088,19.28221,77.13763
46.3162,-4.715281,35.94088,19.28221,103.6746
46.3162,-4.715281,35.94088,19.28221,34.70083
46.3162,-4.715281,35.94088,19.28221,24.47169
46.3162,-4.715281,35.94088,19.28221,44.4918
46.3162,-4.715281,35.94088,19.28221,52.40049
46.3162,-4.715281,35.94088,19.28221,58.34088
46.3162,-4.715281,35.94088,19.28221,69.98637
46.3162,-4.715281,35.94088,19.28221,28.79169
46.3162,-4.715281,35.94088,19.28221,95.21395
46.3162,-4.715281,35.94088,19.28221,87.1203
46.3162,-4.715281,35.94088,19.28221,103.4406
46.3162,-4.715281,35.94088,19.28221,21.74264
46.3162,-4.715281,35.94088,19.28221,90.02
46.3162,-4.715281,35.94088,19.28221,98.05032
46.3162,-4.715281,35.94088,19.28221,20.42019
46.3162,-4.715281,35.94088,19.28221,25.03566
46.3162,-4.715281,35.94088,19.28221,10.80595
46.3162,-4.715281,35.94088,19.28221,70.79607
46.3162,-4.715281,35.94088,19.28221,57.24646
46.3162,-4.715281,35.94088,19.28221,78.56031
46.3162,-4.715281,35.94088,19.28221,75.47276
46.3162,-4.715281,35.94088,19.28221,11.43306
46.3162,-4.715281,35.94088,19.28221,112.4097
46.3162,-4.715281,35.94088,19.28221,92.4593
46.3162,-4.715281,35.94088,19.28221,41.3003
46.3162,-4.715281,35.94088,19.28221,76.67691
46.3162,-4.715281,35.94088,19.28221,29.67036
46.3162,-4.715281,35.94088,19.28221,54.90356
46.3162,-4.715281,35.94088,19.28221,100.6164
46.3162,-4.715281,35.94088,19.28221,104.5268
46.3162,-4.715281,35.94088,19.28221,68.50479
46.3162,-4.715281,35.94088,19.28221,43.20785
46.3162,-4.715281,35.94088,19.28221,22.35114
46.3162,-4.715281,35.94088,19.28221,53.26099
46.3162,-4.715281,35.94088,19.28221,93.29097
46.3162,-4.715281,35.94088,19.28221,17.96436
46.3162,-4.715281,35.94088,19.28221,107.5796
46.3162,-4.715281,35.94088,19.28221,101.8054
46.3162,-4.715281,35.94088,19.28221,105.6096
46.3162,-4.715281,35.94088,19.28221,33.50655
46.3162,-4.715281,35.94088,19.28221,12.04282
46.3162,-4.715281,35.94088,19.28221,105.2811
46.3162,-4.715281,35.94088,19.28221,100.7944
46.3162,-4.715281,35.94088,19.28221,32.86221
46.3162,-4.715281,35.94088,19.28221,91.29144
46.3162,-4.715281,35.94088,19.28221,90.49504
46.3162,-4.715281,35.94088,19.28221,87.5593
46.3162,-4.715281,35.94088,19.28221,110.9553
46.3162,-4.715281,35.94088,19.28221,102.4911
46.3162,-4.715281,35.94088,19.28221,97.84342
46.3162,-4.715281,35.94088,19.28221,24.76032
46.3162,-4.715281,35.94088,19.28221,10.59233
46.3162,-4.715281,35.94088,19.28221,56.27437
46.3162,-4.715281,35.94088,19.28221,75.30325
46.3162,-4.715281,35.94088,19.28221,26.25992
46.3162,-4.715281,35.94088,19.28221,92.17435
46.3162,-4.715281,35.94088,19.28221,11.85723
46.3162,-4.715281,35.94088,19.28221,14.21438
46.3162,-4.715281,35.94088,19.28221,105.2489
46.3162,-4.715281,35.94088,19.28221,114.8043
46.3162,-4.715281,35.94088,19.28221,104.7305
46.3162,-4.715281,35.94088,19.28221,113.5137
46.3162,-4.715281,35.94088,19.28221,113.843
46.3162,-4.715281,35.94088,19.28221,59.46805
46.3162,-4.715281,35.94088,19.28221,105.9994
46.3162,-4.715281,35.94088,19.28221,36.56015
46.3162,-4.715281,35.94088,19.28221,16.33265
46.3162,-4.715281,35.94088,19.28221,18.87278
46.3162,-4.715281,35.94088,19.28221,28.94857
46.3162,-4.715281,35.94088,19.28221,105.2923
46.3162,-4.715281,35.94088,19.28221,88.04298
46.3162,-4.715281,35.94088,19.28221,90.46953
46.3162,-4.715281,35.94088,19.28221,110.3643
46.3162,-4.715281,35.94088,19.28221,7.163587
46.3162,-4.715281,35.94088,19.28221,93.54883
46.3162,-4.715281,35.94088,19.28221,70.34892
46.3162,-4.715281,35.94088,19.28221,106.6683
46.3162,-4.715281,35.94088,19.28221,101.493
46.3162,-4.715281,35.94088,19.28221,54.72981
46.3162,-4.715281,35.94088,19.28221,23.56668
46.3162,-4.715281,35.94088,19.28221,7.36797
46.3162,-4.715281,35.94088,19.28221,20.40648
46.3162,-4.715281,35.94088,19.28221,107.7832
46.3162,-4.715281,35.94088,19.28221,107.1056
46.3162,-4.715281,35.94088,19.28221,100.2103
46.3162,-4.715281,35.94088,19.28221,105.9046
46.3162,-4.715281,35.94088,19.28221,59.75305
46.3162,-4.715281,35.94088,19.28221,99.97985
46.3162,-4.715281,35.94088,19.28221,55.72455
46.3162,-4.715281,35.94088,19.28221,89.13338
46.3162,-4.715281,35.94088,19.28221,109.8727
46.3162,-4.715281,35.94088,19.28221,17.15559
46.3162,-4.715281,35.94088,19.28221,101.8911
46.3162,-4.715281,35.94088,19.28221,110.9122
46.3162,-4.715281,35.94088,19.28221,107.157
46.3162,-4.715281,35.94088,19.28221,106.4384
46.3162,-4.715281,35.94088,19.28221,93.11597
46.3162,-4.715281,35.94088,19.28221,100.8051
46.3162,-4.715281,35.94088,19.28221,108.4536
46.3162,-4.715281,35.94088,19.28221,27.16797
46.3162,-4.715281,35.94088,19.28221,58.39772
46.3162,-4.715281,35.94088,19.28221,72.14675
46.3162,-4.715281,35.94088,19.28221,112.6338
46.3162,-4.715281,35.94088,19.28221,61.48836
46.3162,-4.715281,35.94088,19.28221,81.27899
46.3162,-4.715281,35.94088,19.28221,114.4983
46.3162,-4.715281,35.94088,19.28221,27.23577
46.3162,-4.715281,35.94088,19.28221,108.2813
46.3162,-4.715281,35.94088,19.28221,56.56328
46.3162,-4.715281,35.94088,19.28221,59.86986
46.3162,-4.715281,35.94088,19.28221,35.58773
46.3162,-4.715281,35.94088,19.28221,94.46713
46.3162,-4.715281,35.94088,19.28221,99.14161
46.3162,-4.715281,35.94088,19.28221,102.5123
46.3162,-4.715281,35.94088,19.28221,105.8942
46.3162,-4.715281,35.94088,19.28221,88.44884
46.3162,-4.715281,35.94088,19.28221,52.66392
46.3162,-4.715281,35.94088,19.28221,68.93607
46.3162,-4.715281,35.94088,19.28221,101.8506
46.3162,-4.715281,35.94088,19.28221,83.37616
46.3162,-4.715281,35.94088,19.28221,98.39927
46.3162,-4.715281,35.94088,19.28221,31.59129
46.3162,-4.715281,35.94088,19.28221,48.60415
46.3162,-4.715281,35.94088,19.28221,83.57085
46.3162,-4.715281,35.94088,19.28221,58.98434
46.3162,-4.715281,35.94088,19.28221,25.10711
46.3162,-4.715281,35.94088,19.28221,85.90071
46.3162,-4.715281,35.94088,19.28221,58.26858
46.3162,-4.715281,35.94088,19.28221,106.6932
46.3162,-4.715281,35.94088,19.28221,94.06707
46.3162,-4.715281,35.94088,19.28221,111.6396
46.3162,-4.715281,35.94088,19.28221,109.8916
46.3162,-4.715281,35.94088,19.28221,16.75364
46.3162,-4.715281,35.94088,19.28221,108.045
46.3162,-4.715281,35.94088,19.28221,92.13869
46.3162,-4.715281,35.94088,19.28221,84.4849
46.3162,-4.715281,35.94088,19.28221,99.2394
46.3162,-4.715281,35.94088,19.28221,52.62301
46.3162,-4.715281,35.94088,19.28221,110.2112
46.3162,-4.715281,35.94088,19.28221,95.6578
46.3162,-4.715281,35.94088,19.28221,91.16806
46.3162,-4.715281,35.94088,19.28221,42.06173
46.3162,-4.715281,35.94088,19.28221,93.95412
46.3162,-4.715281,35.94088,19.28221,77.41264
46.3162,-4.715281,35.94088,19.28221,61.92245
46.3162,-4.715281,35.94088,19.28221,12.01168
46.3162,-4.715281,35.94088,19.28221,65.41801
46.3162,-4.715281,35.94088,19.28221,93.00009
46.3162,-4.715281,35.94088,19.28221,23.87988
46.3162,-4.715281,35.94088,19.28221,64.62461
46.3162,-4.715281,35.94088,19.28221,94.54472
46.3162,-4.715281,35.94088,19.28221,49.21024
46.3162,-4.715281,35.94088,19.28221,111.3615
46.3162,-4.715281,35.94088,19.28221,72.17995
46.3162,-4.715281,35.94088,19.28221,90.71121
46.3162,-4.715281,35.94088,19.28221,71.33257
46.3162,-4.715281,35.94088,19.28221,73.79602
46.3162,-4.715281,35.94088,19.28221,103.8118
46.3162,-4.715281,35.94088,19.28221,7.319325
46.3162,-4.715281,35.94088,19.28221,78.21965
46.3162,-4.715281,35.94088,19.28221,12.10461
46.3162,-4.715281,35.94088,19.28221,54.4664
46.3162,-4.715281,35.94088,19.28221,102.6799
46.3162,-4.715281,35.94088,19.28221,54.96764
46.3162,-4.715281,35.94088,19.28221,39.67078
46.3162,-4.715281,35.94088,19.28221,86.4729
46.3162,-4.715281,35.94088,19.28221,60.47925
46.3162,-4.715281,35.94088,19.28221,70.73207
46.3162,-4.715281,35.94088,19.28221,110.1434
46.3162,-4.715281,35.94088,19.28221,10.36726
46.3162,-4.715281,35.94088,19.28221,14.74973
46.3162,-4.715281,35.94088,19.28221,32.86373
46.3162,-4.715281,35.94088,19.28221,104.0882
46.3162,-4.715281,35.94088,19.28221,102.6873
46.3162,-4.715281,35.94088,19.28221,72.99298
46.3162,-4.715281,35.94088,19.28221,98.44753
46.3162,-4.715281,35.94088,19.28221,69.32035
46.3162,-4.715281,35.94088,19.28221,14.87445
46.3162,-4.715281,35.94088,19.28221,105.9165
46.3162,-4.715281,35.94088,19.28221,73.00791
46.3162,-4.715281,35.94088,19.28221,100.2622
46.3162,-4.715281,35.94088,19.28221,106.7286
46.3162,-4.715281,35.94088,19.28221,110.0824
46.3162,-4.715281,35.94088,19.28221,70.29593
46.3162,-4.715281,35.94088,19.28221,112.7943
46.3162,-4.715281,35.94088,19.28221,75.77106
46.3162,-4.715281,35.94088,19.28221,73.92302
46.3162,-4.715281,35.94088,19.28221,54.54952
46.3162,-4.715281,35.94088,19.28221,35.9868
46.3162,-4.715281,35.94088,19.28221,93.33326
46.3162,-4.715281,35.94088,19.28221,102.2127
46.3162,-4.715281,35.94088,19.28221,27.55315
46.3162,-4.715281,35.94088,19.28221,66.40512
46.3162,-4.715281,35.94088,19.28221,103.1376
46.3162,-4.715281,35.94088,19.28221,100.1809
46.3162,-4.715281,35.94088,19.28221,73.22578
46.3162,-4.715281,35.94088,19.28221,73.42223
46.3162,-4.715281,35.94088,19.28221,95.00116
46.3162,-4.715281,35.94088,19.28221,70.77381
46.3162,-4.715281,35.94088,19.28221,29.09642
46.3162,-4.715281,35.94088,19.28221,69.73111
46.3162,-4.715281,35.94088,19.28221,97.66497
46.3162,-4.715281,35.94088,19.28221,79.95892
46.3162,-4.715281,35.94088,19.28221,51.52721
46.3162,-4.715281,35.94088,19.28221,95.78895
46.3162,-4.715281,35.94088,19.28221,14.15034
46.3162,-4.715281,35.94088,19.28221,109.6185
46.3162,-4.715281,35.94088,19.28221,86.38612
46.3162,-4.715281,35.94088,19.28221,62.19708
46.3162,-4.715281,35.94088,19.28221,65.81422
46.3162,-4.715281,35.94088,19.28221,98.20155
46.3162,-4.715281,35.94088,19.28221,101.6002
46.3162,-4.715281,35.94088,19.28221,96.77484
46.3162,-4.715281,35.94088,19.28221,115.8646
46.3162,-4.715281,35.94088,19.28221,101.2155
46.3162,-4.715281,35.94088,19.28221,90.08922
46.3162,-4.715281,35.94088,19.28221,10.20469
46.3162,-4.715281,35.94088,19.28221,38.54582
46.3162,-4.715281,35.94088,19.28221,41.75946
46.3162,-4.715281,35.94088,19.28221,93.62327
46.3162,-4.715281,35.94088,19.28221,109.4729
46.3162,-4.715281,35.94088,19.28221,65.9576
46.3162,-4.715281,35.94088,19.28221,76.38302
46.3162,-4.715281,35.94088,19.28221,76.6967
46.3162,-4.715281,35.94088,19.28221,26.32184
46.3162,-4.715281,35.94088,19.28221,86.43068
46.3162,-4.715281,35.94088,19.28221,89.22558
46.3162,-4.715281,35.94088,19.28221,86.79166
46.3162,-4.715281,35.94088,19.28221,14.943
46.3162,-4.715281,35.94088,19.28221,104.3557
46.3162,-4.715281,35.94088,19.28221,19.51869
46.3162,-4.715281,35.94088,19.28221,64.28708
46.3162,-4.715281,35.94088,19.28221,107.5063
46.3162,-4.715281,35.94088,19.28221,57.66021
46.3162,-4.715281,35.94088,19.28221,13.93924
46.3162,-4.715281,35.94088,19.28221,49.42397
46.3162,-4.715281,35.94088,19.28221,96.08791
46.3162,-4.715281,35.94088,19.28221,15.98985
46.3162,-4.715281,35.94088,19.28221,93.71277
46.3162,-4.715281,35.94088,19.28221,96.11562
46.3162,-4.715281,35.94088,19.28221,90.19724
46.3162,-4.715281,35.94088,19.28221,79.67034
46.3162,-4.715281,35.94088,19.28221,106.5361
46.3162,-4.715281,35.94088,19.28221,104.3668
46.3162,-4.715281,35.94088,19.28221,74.02915
46.3162,-4.715281,35.94088,19.28221,16.00564
46.3162,-4.715281,35.94088,19.28221,94.33648
46.3162,-4.715281,35.94088,19.28221,101.0852
46.3162,-4.715281,35.94088,19.28221,17.86446
46.3162,-4.715281,35.94088,19.28221,22.01718
46.3162,-4.715281,35.94088,19.28221,88.41019
46.3162,-4.715281,35.94088,19.28221,59.55183
46.3162,-4.715281,35.94088,19.28221,20.18932
46.3162,-4.715281,35.94088,19.28221,40.73785
46.3162,-4.715281,35.94088,19.28221,116.7604
46.3162,-4.715281,35.94088,19.28221,54.96729
46.3162,-4.715281,35.94088,19.28221,17.87559
46.3162,-4.715281,35.94088,19.28221,42.20042
46.3162,-4.715281,35.94088,19.28221,23.54036
46.3162,-4.715281,35.94088,19.28221,34.8649
46.3162,-4.715281,35.94088,19.28221,33.48945
46.3162,-4.715281,35.94088,19.28221,101.1912
46.3162,-4.715281,35.94088,19.28221,93.11148
46.3162,-4.715281,35.94088,19.28221,97.62889
46.3162,-4.715281,35.94088,19.28221,78.22243
46.3162,-4.715281,35.94088,19.28221,56.75931
46.3162,-4.715281,35.94088,19.28221,39.84843
46.3162,-4.715281,35.94088,19.28221,95.7579
46.3162,-4.715281,35.94088,19.28221,89.37799
46.3162,-4.715281,35.94088,19.28221,100.8402
46.3162,-4.715281,35.94088,19.28221,105.8628
46.3162,-4.715281,35.94088,19.28221,69.02944
46.3162,-4.715281,35.94088,19.28221,74.87473
46.3162,-4.715281,35.94088,19.28221,113.2611
46.3162,-4.715281,35.94088,19.28221,113.6295
46.3162,-4.715281,35.94088,19.28221,93.24583
46.3162,-4.715281,35.94088,19.28221,86.69605
46.3162,-4.715281,35.94088,19.28221,81.56293
46.3162,-4.715281,35.94088,19.28221,100.2632
46.3162,-4.715281,35.94088,19.28221,95.62402
46.3162,-4.715281,35.94088,19.28221,14.66922
46.3162,-4.715281,35.94088,19.28221,56.11401
46.3162,-4.715281,35.94088,19.28221,77.5676
46.3162,-4.715281,35.94088,19.28221,105.3006
46.3162,-4.715281,35.94088,19.28221,92.09184
46.3162,-4.715281,35.94088,19.28221,60.29581
46.3162,-4.715281,35.94088,19.28221,97.27243
46.3162,-4.715281,35.94088,19.28221,104.2539
46.3162,-4.715281,35.94088,19.28221,74.70805
46.3162,-4.715281,35.94088,19.28221,18.08972
46.3162,-4.715281,35.94088,19.28221,34.03505
46.3162,-4.715281,35.94088,19.28221,79.15967
46.3162,-4.715281,35.94088,19.28221,64.8876
46.3162,-4.715281,35.94088,19.28221,104.4989
46.3162,-4.715281,35.94088,19.28221,49.38504
46.3162,-4.715281,35.94088,19.28221,86.78981
46.3162,-4.715281,35.94088,19.28221,109.368
46.3162,-4.715281,35.94088,19.28221,15.80538
46.3162,-4.715281,35.94088,19.28221,59.07527
46.3162,-4.715281,35.94088,19.28221,112.5891
46.3162,-4.715281,35.94088,19.28221,29.79649
46.3162,-4.715281,35.94088,19.28221,92.98834
46.3162,-4.715281,35.94088,19.28221,111.0896
46.3162,-4.715281,35.94088,19.28221,98.8568
46.3162,-4.715281,35.94088,19.28221,75.48426
46.3162,-4.715281,35.94088,19.28221,79.99473
46.3162,-4.715281,35.94088,19.28221,26.94221
46.3162,-4.715281,35.94088,19.28221,97.56733
46.3162,-4.715281,35.94088,19.28221,93.86196
46.3162,-4.715281,35.94088,19.28221,78.02553
46.3162,-4.715281,35.94088,19.28221,95.97807
46.3162,-4.715281,35.94088,19.28221,97.57722
46.3162,-4.715281,35.94088,19.28221,77.31787
46.3162,-4.715281,35.94088,19.28221,90.57517
46.3162,-4.715281,35.94088,19.28221,67.78867
46.3162,-4.715281,35.94088,19.28221,57.07394
46.3162,-4.715281,35.94088,19.28221,69.91405
46.3162,-4.715281,35.94088,19.28221,25.65927
46.3162,-4.715281,35.94088,19.28221,69.663
46.3162,-4.715281,35.94088,19.28221,110.5247
46.3162,-4.715281,35.94088,19.28221,30.17017
46.3162,-4.715281,35.94088,19.28221,107.8622
46.3162,-4.715281,35.94088,19.28221,96.75358
46.3162,-4.715281,35.94088,19.28221,59.54197
46.3162,-4.715281,35.94088,19.28221,94.9874
46.3162,-4.715281,35.94088,19.28221,72.38705
46.3162,-4.715281,35.94088,19.28221,14.18959
46.3162,-4.715281,35.94088,19.28221,111.1656
46.3162,-4.715281,35.94088,19.28221,19.53525
46.3162,-4.715281,35.94088,19.28221,59.43558
46.3162,-4.715281,35.94088,19.28221,10.89758
46.3162,-4.715281,35.94088,19.28221,93.78941
46.3162,-4.715281,35.94088,19.28221,27.18391
46.3162,-4.715281,35.94088,19.28221,53.29373
46.3162,-4.715281,35.94088,19.28221,21.11166
46.3162,-4.715281,35.94088,19.28221,32.88643
46.3162,-4.715281,35.94088,19.28221,75.9772
46.3162,-4.715281,35.94088,19.28221,79.41004
46.3162,-4.715281,35.94088,19.28221,97.49017
46.3162,-4.715281,35.94088,19.28221,59.46587
46.3162,-4.715281,35.94088,19.28221,23.97904
46.3162,-4.715281,35.94088,19.28221,17.84619
46.3162,-4.715281,35.94088,19.28221,56.24792
46.3162,-4.715281,35.94088,19.28221,102.75
46.3162,-4.715281,35.94088,19.28221,91.52632
46.3162,-4.715281,35.94088,19.28221,57.1064
46.3162,-4.715281,35.94088,19.28221,94.46714
46.3162,-4.715281,35.94088,19.28221,62.74137
46.3162,-4.715281,35.94088,19.28221,58.64515
46.3162,-4.715281,35.94088,19.28221,101.4059
46.3162,-4.715281,35.94088,19.28221,70.90853
46.3162,-4.715281,35.94088,19.28221,87.62003
46.3162,-4.715281,35.94088,19.28221,40.17401
46.3162,-4.715281,35.94088,19.28221,28.68691
46.3162,-4.715281,35.94088,19.28221,76.19904
46.3162,-4.715281,35.94088,19.28221,27.36869
46.3162,-4.715281,35.94088,19.28221,97.24762
46.3162,-4.715281,35.94088,19.28221,11.82763
46.3162,-4.715281,35.94088,19.28221,78.48445
46.3162,-4.715281,35.94088,19.28221,17.4862
46.3162,-4.715281,35.94088,19.28221,101.8839
46.3162,-4.715281,35.94088,19.28221,12.3992
46.3162,-4.715281,35.94088,19.28221,102.8839
46.3162,-4.715281,35.94088,19.28221,81.42368
46.3162,-4.715281,35.94088,19.28221,34.48441
46.3162,-4.715281,35.94088,19.28221,78.61626
46.3162,-4.715281,35.94088,19.28221,100.8612
46.3162,-4.715281,35.94088,19.28221,88.07109
46.3162,-4.715281,35.94088,19.28221,106.824
46.3162,-4.715281,35.94088,19.28221,27.64041
46.3162,-4.715281,35.94088,19.28221,113.272
46.3162,-4.715281,35.94088,19.28221,116.1456
46.3162,-4.715281,35.94088,19.28221,96.14767
46.3162,-4.715281,35.94088,19.28221,98.7491
46.3162,-4.715281,35.94088,19.28221,99.34056
46.3162,-4.715281,35.94088,19.28221,8.62553
46.3162,-4.715281,35.94088,19.28221,15.04263
46.3162,-4.715281,35.94088,19.28221,102.295
46.3162,-4.715281,35.94088,19.28221,106.179
46.3162,-4.715281,35.94088,19.28221,110.475
46.3162,-4.715281,35.94088,19.28221,114.877
46.3162,-4.715281,35.94088,19.28221,98.52156
46.3162,-4.715281,35.94088,19.28221,87.53074
46.3162,-4.715281,35.94088,19.28221,82.2412
46.3162,-4.715281,35.94088,19.28221,79.38455
46.3162,-4.715281,35.94088,19.28221,88.99576
46.3162,-4.715281,35.94088,19.28221,105.8765
46.3162,-4.715281,35.94088,19.28221,99.72383
46.3162,-4.715281,35.94088,19.28221,79.23386
46.3162,-4.715281,35.94088,19.28221,76.18185
46.3162,-4.715281,35.94088,19.28221,100.7002
46.3162,-4.715281,35.94088,19.28221,100.6269
46.3162,-4.715281,35.94088,19.28221,111.0301
46.3162,-4.715281,35.94088,19.28221,16.89444
46.3162,-4.715281,35.94088,19.28221,110.058
46.3162,-4.715281,35.94088,19.28221,94.63811
46.3162,-4.715281,35.94088,19.28221,76.66765
46.3162,-4.715281,35.94088,19.28221,15.68518
46.3162,-4.715281,35.94088,19.28221,86.67146
46.3162,-4.715281,35.94088,19.28221,58.95741
46.3162,-4.715281,35.94088,19.28221,75.56261
46.3162,-4.715281,35.94088,19.28221,58.36369
46.3162,-4.715281,35.94088,19.28221,113.2513
46.3162,-4.715281,35.94088,19.28221,38.68742
46.3162,-4.715281,35.94088,19.28221,14.89806
46.3162,-4.715281,35.94088,19.28221,11.60567
46.3162,-4.715281,35.94088,19.28221,76.84042
46.3162,-4.715281,35.94088,19.28221,39.78283
46.3162,-4.715281,35.94088,19.28221,77.47523
46.3162,-4.715281,35.94088,19.28221,53.86564
46.3162,-4.715281,35.94088,19.28221,91.96088
46.3162,-4.715281,35.94088,19.28221,12.33581
46.3162,-4.715281,35.94088,19.28221,57.48893
46.3162,-4.715281,35.94088,19.28221,114.0987
46.3162,-4.715281,35.94088,19.28221,16.0812
46.3162,-4.715281,35.94088,19.28221,72.9953
46.3162,-4.715281,35.94088,19.28221,110.9938
46.3162,-4.715281,35.94088,19.28221,114.8744
46.3162,-4.715281,35.94088,19.28221,27.9903
46.3162,-4.715281,35.94088,19.28221,89.56689
46.3162,-4.715281,35.94088,19.28221,68.25307
46.3162,-4.715281,35.94088,19.28221,18.30213
46.3162,-4.715281,35.94088,19.28221,21.26168
46.3162,-4.715281,35.94088,19.28221,99.17609
46.3162,-4.715281,35.94088,19.28221,110.916
46.3162,-4.715281,35.94088,19.28221,100.939
46.3162,-4.715281,35.94088,19.28221,106.7158
46.3162,-4.715281,35.94088,19.28221,95.91723
46.3162,-4.715281,35.94088,19.28221,102.4548
46.3162,-4.715281,35.94088,19.28221,60.28831
46.3162,-4.715281,35.94088,19.28221,17.09421
46.3162,-4.715281,35.94088,19.28221,24.14279
46.3162,-4.715281,35.94088,19.28221,18.68205
46.3162,-4.715281,35.94088,19.28221,15.88394
46.3162,-4.715281,35.94088,19.28221,75.66628
46.3162,-4.715281,35.94088,19.28221,73.81705
46.3162,-4.715281,35.94088,19.28221,72.16572
46.3162,-4.715281,35.94088,19.28221,90.80086
46.3162,-4.715281,35.94088,19.28221,45.05673
46.3162,-4.715281,35.94088,19.28221,93.40175
46.3162,-4.715281,35.94088,19.28221,109.5056
46.3162,-4.715281,35.94088,19.28221,17.33522
46.3162,-4.715281,35.94088,19.28221,101.9968
46.3162,-4.715281,35.94088,19.28221,79.37977
46.3162,-4.715281,35.94088,19.28221,104.6572
46.3162,-4.715281,35.94088,19.28221,100.572
46.3162,-4.715281,35.94088,19.28221,63.77641
46.3162,-4.715281,35.94088,19.28221,100.1865
46.3162,-4.715281,35.94088,19.28221,59.10924
46.3162,-4.715281,35.94088,19.28221,39.15637
46.3162,-4.715281,35.94088,19.28221,107.1056
46.3162,-4.715281,35.94088,19.28221,96.30816
46.3162,-4.715281,35.94088,19.28221,97.08871
46.3162,-4.715281,35.94088,19.28221,31.40195
46.3162,-4.715281,35.94088,19.28221,58.79919
46.3162,-4.715281,35.94088,19.28221,93.0631
46.3162,-4.715281,35.94088,19.28221,84.97053
46.3162,-4.715281,35.94088,19.28221,92.06242
46.3162,-4.715281,35.94088,19.28221,15.88382
46.3162,-4.715281,35.94088,19.28221,92.76981
46.3162,-4.715281,35.94088,19.28221,55.75462
46.3162,-4.715281,35.94088,19.28221,74.80455
46.3162,-4.715281,35.94088,19.28221,20.76946
46.3162,-4.715281,35.94088,19.28221,26.09518
46.3162,-4.715281,35.94088,19.28221,33.11418
46.3162,-4.715281,35.94088,19.28221,30.05666
46.3162,-4.715281,35.94088,19.28221,84.99933
46.3162,-4.715281,35.94088,19.28221,110.0197
46.3162,-4.715281,35.94088,19.28221,19.45682
46.3162,-4.715281,35.94088,19.28221,102.4564
46.3162,-4.715281,35.94088,19.28221,97.17792
46.3162,-4.715281,35.94088,19.28221,108.6702
46.3162,-4.715281,35.94088,19.28221,107.4537
46.3162,-4.715281,35.94088,19.28221,101.1575
46.3162,-4.715281,35.94088,19.28221,50.32258
46.3162,-4.715281,35.94088,19.28221,14.67447
46.3162,-4.715281,35.94088,19.28221,14.70495
46.3162,-4.715281,35.94088,19.28221,112.6719
46.3162,-4.715281,35.94088,19.28221,106.7655
46.3162,-4.715281,35.94088,19.28221,85.15042
46.3162,-4.715281,35.94088,19.28221,14.66249
46.3162,-4.715281,35.94088,19.28221,81.79738
46.3162,-4.715281,35.94088,19.28221,71.96455
46.3162,-4.715281,35.94088,19.28221,94.82032
46.3162,-4.715281,35.94088,19.28221,7.442521
46.3162,-4.715281,35.94088,19.28221,57.1744
46.3162,-4.715281,35.94088,19.28221,24.32308
46.3162,-4.715281,35.94088,19.28221,92.73394
46.3162,-4.715281,35.94088,19.28221,103.097
46.3162,-4.715281,35.94088,19.28221,99.66064
46.3162,-4.715281,35.94088,19.28221,97.21795
46.3162,-4.715281,35.94088,19.28221,44.94146
46.3162,-4.715281,35.94088,19.28221,18.76861
46.3162,-4.715281,35.94088,19.28221,105.7734
46.3162,-4.715281,35.94088,19.28221,61.25612
46.3162,-4.715281,35.94088,19.28221,103.877
46.3162,-4.715281,35.94088,19.28221,108.0146
46.3162,-4.715281,35.94088,19.28221,90.21811
46.3162,-4.715281,35.94088,19.28221,109.5887
46.3162,-4.715281,35.94088,19.28221,25.02725
46.3162,-4.715281,35.94088,19.28221,105.4086
46.3162,-4.715281,35.94088,19.28221,103.4117
46.3162,-4.715281,35.94088,19.28221,100.4997
46.3162,-4.715281,35.94088,19.28221,110.9129
46.3162,-4.715281,35.94088,19.28221,22.47344
46.3162,-4.715281,35.94088,19.28221,100.5739
46.3162,-4.715281,35.94088,19.28221,56.79642
46.3162,-4.715281,35.94088,19.28221,21.39658
46.3162,-4.715281,35.94088,19.28221,57.6486
46.3162,-4.715281,35.94088,19.28221,90.0218
46.3162,-4.715281,35.94088,19.28221,24.27648
46.3162,-4.715281,35.94088,19.28221,42.59783
46.3162,-4.715281,35.94088,19.28221,112.9824
46.3162,-4.715281,35.94088,19.28221,102.1482
46.3162,-4.715281,35.94088,19.28221,30.32107
46.3162,-4.715281,35.94088,19.28221,96.94375
46.3162,-4.715281,35.94088,19.28221,56.43734
46.3162,-4.715281,35.94088,19.28221,108.9662
46.3162,-4.715281,35.94088,19.28221,91.84227
46.3162,-4.715281,35.94088,19.28221,110.263
46.3162,-4.715281,35.94088,19.28221,102.3368
46.3162,-4.715281,35.94088,19.28221,113.6703
46.3162,-4.715281,35.94088,19.28221,22.4788
46.3162,-4.715281,35.94088,19.28221,6.930562
46.3162,-4.715281,35.94088,19.28221,78.15056
46.3162,-4.715281,35.94088,19.28221,89.40083
46.3162,-4.715281,35.94088,19.28221,108.9241
46.3162,-4.715281,35.94088,19.28221,88.30629
46.3162,-4.715281,35.94088,19.28221,103.5427
46.3162,-4.715281,35.94088,19.28221,99.20241
46.3162,-4.715281,35.94088,19.28221,90.01964
46.3162,-4.715281,35.94088,19.28221,113.642
46.3162,-4.715281,35.94088,19.28221,25.7583
46.3162,-4.715281,35.94088,19.28221,106.0597
46.3162,-4.715281,35.94088,19.28221,25.52405
46.3162,-4.715281,35.94088,19.28221,97.43138
46.3162,-4.715281,35.94088,19.28221,94.45055
46.3162,-4.715281,35.94088,19.28221,102.8544
46.3162,-4.715281,35.94088,19.28221,12.33607
46.3162,-4.715281,35.94088,19.28221,40.02282
46.3162,-4.715281,35.94088,19.28221,11.9543
46.3162,-4.715281,35.94088,19.28221,76.37847
46.3162,-4.715281,35.94088,19.28221,8.237906
46.3162,-4.715281,35.94088,19.28221,56.59691
46.3162,-4.715281,35.94088,19.28221,76.47968
46.3162,-4.715281,35.94088,19.28221,74.28181
46.3162,-4.715281,35.94088,19.28221,60.8684
46.3162,-4.715281,35.94088,19.28221,95.95652
46.3162,-4.715281,35.94088,19.28221,18.05826
46.3162,-4.715281,35.94088,19.28221,79.741
46.3162,-4.715281,35.94088,19.28221,109.3674
46.3162,-4.715281,35.94088,19.28221,88.30072
46.3162,-4.715281,35.94088,19.28221,18.58557
46.3162,-4.715281,35.94088,19.28221,111.0467
46.3162,-4.715281,35.94088,19.28221,21.00017
46.3162,-4.715281,35.94088,19.28221,74.45758
46.3162,-4.715281,35.94088,19.28221,23.64206
46.3162,-4.715281,35.94088,19.28221,50.89469
46.3162,-4.715281,35.94088,19.28221,55.29618
46.3162,-4.715281,35.94088,19.28221,59.78441
46.3162,-4.715281,35.94088,19.28221,41.82057
46.3162,-4.715281,35.94088,19.28221,94.79561
46.3162,-4.715281,35.94088,19.28221,101.053
46.3162,-4.715281,35.94088,19.28221,91.13751
46.3162,-4.715281,35.94088,19.28221,91.61462
46.3162,-4.715281,35.94088,19.28221,68.07396
46.3162,-4.715281,35.94088,19.28221,89.13065
46.3162,-4.715281,35.94088,19.28221,100.0064
46.3162,-4.715281,35.94088,19.28221,14.77785
46.3162,-4.715281,35.94088,19.28221,96.71207
46.3162,-4.715281,35.94088,19.28221,30.50396
46.3162,-4.715281,35.94088,19.28221,114.7037
46.3162,-4.715281,35.94088,19.28221,28.50603
46.3162,-4.715281,35.94088,19.28221,53.12947
46.3162,-4.715281,35.94088,19.28221,57.83934
46.3162,-4.715281,35.94088,19.28221,78.75436
46.3162,-4.715281,35.94088,19.28221,100.2024
46.3162,-4.715281,35.94088,19.28221,99.57541
46.3162,-4.715281,35.94088,19.28221,29.3269
46.3162,-4.715281,35.94088,19.28221,61.62733
46.3162,-4.715281,35.94088,19.28221,57.99726
46.3162,-4.715281,35.94088,19.28221,16.80087
46.3162,-4.715281,35.94088,19.28221,38.24213
46.3162,-4.715281,35.94088,19.28221,107.7048
46.3162,-4.715281,35.94088,19.28221,84.62223
46.3162,-4.715281,35.94088,19.28221,14.59518
46.3162,-4.715281,35.94088,19.28221,20.81166
46.3162,-4.715281,35.94088,19.28221,109.2352
46.3162,-4.715281,35.94088,19.28221,105.8958
46.3162,-4.715281,35.94088,19.28221,104.3156
46.3162,-4.715281,35.94088,19.28221,71.61125
46.3162,-4.715281,35.94088,19.28221,31.31179
46.3162,-4.715281,35.94088,19.28221,11.95814
46.3162,-4.715281,35.94088,19.28221,66.74442
46.3162,-4.715281,35.94088,19.28221,55.67327
46.3162,-4.715281,35.94088,19.28221,11.13765
46.3162,-4.715281,35.94088,19.28221,60.61855
46.3162,-4.715281,35.94088,19.28221,93.98437
46.3162,-4.715281,35.94088,19.28221,57.20729
46.3162,-4.715281,35.94088,19.28221,66.20811
46.3162,-4.715281,35.94088,19.28221,60.89594
46.3162,-4.715281,35.94088,19.28221,110.5771
46.3162,-4.715281,35.94088,19.28221,12.81068
46.3162,-4.715281,35.94088,19.28221,98.662
46.3162,-4.715281,35.94088,19.28221,27.88719
46.3162,-4.715281,35.94088,19.28221,111.2812
46.3162,-4.715281,35.94088,19.28221,56.77324
46.3162,-4.715281,35.94088,19.28221,90.23991
46.3162,-4.715281,35.94088,19.28221,57.3734
46.3162,-4.715281,35.94088,19.28221,19.9036
46.3162,-4.715281,35.94088,19.28221,40.07614
46.3162,-4.715281,35.94088,19.28221,93.96046
46.3162,-4.715281,35.94088,19.28221,42.56561
46.3162,-4.715281,35.94088,19.28221,16.02469
46.3162,-4.715281,35.94088,19.28221,50.64938
46.3162,-4.715281,35.94088,19.28221,86.23011
46.3162,-4.715281,35.94088,19.28221,85.54952
46.3162,-4.715281,35.94088,19.28221,33.96735
46.3162,-4.715281,35.94088,19.28221,56.56588
46.3162,-4.715281,35.94088,19.28221,42.61132
46.3162,-4.715281,35.94088,19.28221,55.78415
46.3162,-4.715281,35.94088,19.28221,69.63342
46.3162,-4.715281,35.94088,19.28221,81.78863
46.3162,-4.715281,35.94088,19.28221,97.85756
46.3162,-4.715281,35.94088,19.28221,43.51823
46.3162,-4.715281,35.94088,19.28221,11.16446
46.3162,-4.715281,35.94088,19.28221,103.6406
46.3162,-4.715281,35.94088,19.28221,92.56775
46.3162,-4.715281,35.94088,19.28221,72.28575
46.3162,-4.715281,35.94088,19.28221,71.42309
46.3162,-4.715281,35.94088,19.28221,97.65311
46.3162,-4.715281,35.94088,19.28221,109.9933
46.3162,-4.715281,35.94088,19.28221,13.1316
46.3162,-4.715281,35.94088,19.28221,94.44769
46.3162,-4.715281,35.94088,19.28221,7.408644
46.3162,-4.715281,35.94088,19.28221,94.8522
46.3162,-4.715281,35.94088,19.28221,38.31202
46.3162,-4.715281,35.94088,19.28221,19.96591
46.3162,-4.715281,35.94088,19.28221,69.29034
46.3162,-4.715281,35.94088,19.28221,58.83281
46.3162,-4.715281,35.94088,19.28221,27.0988
46.3162,-4.715281,35.94088,19.28221,88.09334
46.3162,-4.715281,35.94088,19.28221,91.75167
46.3162,-4.715281,35.94088,19.28221,102.758
46.3162,-4.715281,35.94088,19.28221,99.05682
46.3162,-4.715281,35.94088,19.28221,63.80497
46.3162,-4.715281,35.94088,19.28221,20.64098
46.3162,-4.715281,35.94088,19.28221,101.1351
46.3162,-4.715281,35.94088,19.28221,95.41698
46.3162,-4.715281,35.94088,19.28221,54.24596
46.3162,-4.715281,35.94088,19.28221,111.5558
46.3162,-4.715281,35.94088,19.28221,92.75981
46.3162,-4.715281,35.94088,19.28221,115.0716
46.3162,-4.715281,35.94088,19.28221,22.22862
46.3162,-4.715281,35.94088,19.28221,96.38227
46.3162,-4.715281,35.94088,19.28221,17.82466
46.3162,-4.715281,35.94088,19.28221,23.10041
46.3162,-4.715281,35.94088,19.28221,92.74988
46.3162,-4.715281,35.94088,19.28221,107.8454
46.3162,-4.715281,35.94088,19.28221,78.56949
46.3162,-4.715281,35.94088,19.28221,58.37962
46.3162,-4.715281,35.94088,19.28221,96.44034
46.3162,-4.715281,35.94088,19.28221,104.6189
46.3162,-4.715281,35.94088,19.28221,77.83463
46.3162,-4.715281,35.94088,19.28221,64.3327
46.3162,-4.715281,35.94088,19.28221,103.1313
46.3162,-4.715281,35.94088,19.28221,97.37647
46.3162,-4.715281,35.94088,19.28221,69.44734
46.3162,-4.715281,35.94088,19.28221,100.4844
46.3162,-4.715281,35.94088,19.28221,95.14552
46.3162,-4.715281,35.94088,19.28221,113.7961
46.3162,-4.715281,35.94088,19.28221,101.7031
46.3162,-4.715281,35.94088,19.28221,12.79531
46.3162,-4.715281,35.94088,19.28221,101.6708
46.3162,-4.715281,35.94088,19.28221,109.4347
46.3162,-4.715281,35.94088,19.28221,100.1031
46.3162,-4.715281,35.94088,19.28221,30.66379
46.3162,-4.715281,35.94088,19.28221,67.87029
46.3162,-4.715281,35.94088,19.28221,102.9908
46.3162,-4.715281,35.94088,19.28221,44.14133
46.3162,-4.715281,35.94088,19.28221,98.29639
46.3162,-4.715281,35.94088,19.28221,92.93112
46.3162,-4.715281,35.94088,19.28221,25.8046
46.3162,-4.715281,35.94088,19.28221,52.61708
46.3162,-4.715281,35.94088,19.28221,111.3024
46.3162,-4.715281,35.94088,19.28221,107.1826
46.3162,-4.715281,35.94088,19.28221,79.68239
46.3162,-4.715281,35.94088,19.28221,13.0006
46.3162,-4.715281,35.94088,19.28221,99.33524
46.3162,-4.715281,35.94088,19.28221,13.3472
46.3162,-4.715281,35.94088,19.28221,78.01749
46.3162,-4.715281,35.94088,19.28221,102.3226
46.3162,-4.715281,35.94088,19.28221,115.729
46.3162,-4.715281,35.94088,19.28221,104.6131
46.3162,-4.715281,35.94088,19.28221,111.9111
46.3162,-4.715281,35.94088,19.28221,51.08204
46.3162,-4.715281,35.94088,19.28221,76.92356
46.3162,-4.715281,35.94088,19.28221,56.29244
46.3162,-4.715281,35.94088,19.28221,70.12109
46.3162,-4.715281,35.94088,19.28221,58.20116
46.3162,-4.715281,35.94088,19.28221,76.8695
46.3162,-4.715281,35.94088,19.28221,102.2939
46.3162,-4.715281,35.94088,19.28221,45.9086
46.3162,-4.715281,35.94088,19.28221,90.04382
46.3162,-4.715281,35.94088,19.28221,53.55296
46.3162,-4.715281,35.94088,19.28221,59.62088
46.3162,-4.715281,35.94088,19.28221,97.22428
46.3162,-4.715281,35.94088,19.28221,83.84608
46.3162,-4.715281,35.94088,19.28221,17.49318
46.3162,-4.715281,35.94088,19.28221,71.39139
46.3162,-4.715281,35.94088,19.28221,101.3768
46.3162,-4.715281,35.94088,19.28221,53.80143
46.3162,-4.715281,35.94088,19.28221,15.60061
46.3162,-4.715281,35.94088,19.28221,111.7095
46.3162,-4.715281,35.94088,19.28221,78.24443
46.3162,-4.715281,35.94088,19.28221,56.42968
46.3162,-4.715281,35.94088,19.28221,46.50648
46.3162,-4.715281,35.94088,19.28221,30.70146
46.3162,-4.715281,35.94088,19.28221,18.85249
46.3162,-4.715281,35.94088,19.28221,93.92091
46.3162,-4.715281,35.94088,19.28221,108.3514
46.3162,-4.715281,35.94088,19.28221,34.33371
46.3162,-4.715281,35.94088,19.28221,80.18103
46.3162,-4.715281,35.94088,19.28221,45.02245
46.3162,-4.715281,35.94088,19.28221,79.68988
46.3162,-4.715281,35.94088,19.28221,95.33438
46.3162,-4.715281,35.94088,19.28221,76.17479
46.3162,-4.715281,35.94088,19.28221,77.43474
46.3162,-4.715281,35.94088,19.28221,102.9603
46.3162,-4.715281,35.94088,19.28221,97.48888
46.3162,-4.715281,35.94088,19.28221,99.93793
46.3162,-4.715281,35.94088,19.28221,102.5476
46.3162,-4.715281,35.94088,19.28221,100.7367
46.3162,-4.715281,35.94088,19.28221,57.00297
46.3162,-4.715281,35.94088,19.28221,101.8774
46.3162,-4.715281,35.94088,19.28221,111.9228
46.3162,-4.715281,35.94088,19.28221,11.50472
46.3162,-4.715281,35.94088,19.28221,89.97369
46.3162,-4.715281,35.94088,19.28221,11.89788
46.3162,-4.715281,35.94088,19.28221,33.4264
46.3162,-4.715281,35.94088,19.28221,10.12859
46.3162,-4.715281,35.94088,19.28221,96.53503
46.3162,-4.715281,35.94088,19.28221,60.16484
46.3162,-4.715281,35.94088,19.28221,106.3206
46.3162,-4.715281,35.94088,19.28221,109.3523
46.3162,-4.715281,35.94088,19.28221,31.90603
46.3162,-4.715281,35.94088,19.28221,101.8024
46.3162,-4.715281,35.94088,19.28221,78.0705
46.3162,-4.715281,35.94088,19.28221,78.32771
46.3162,-4.715281,35.94088,19.28221,111.7982
46.3162,-4.715281,35.94088,19.28221,109.3024
46.3162,-4.715281,35.94088,19.28221,56.83463
46.3162,-4.715281,35.94088,19.28221,89.44049
46.3162,-4.715281,35.94088,19.28221,102.2061
46.3162,-4.715281,35.94088,19.28221,32.00718
46.3162,-4.715281,35.94088,19.28221,56.70314
46.3162,-4.715281,35.94088,19.28221,99.18382
46.3162,-4.715281,35.94088,19.28221,108.0403
46.3162,-4.715281,35.94088,19.28221,95.22232
46.3162,-4.715281,35.94088,19.28221,109.567
46.3162,-4.715281,35.94088,19.28221,68.95407
46.3162,-4.715281,35.94088,19.28221,8.724822
46.3162,-4.715281,35.94088,19.28221,94.66521
46.3162,-4.715281,35.94088,19.28221,69.28133
46.3162,-4.715281,35.94088,19.28221,98.5448
46.3162,-4.715281,35.94088,19.28221,98.92688
46.3162,-4.715281,35.94088,19.28221,79.98851
46.3162,-4.715281,35.94088,19.28221,98.51881
46.3162,-4.715281,35.94088,19.28221,62.22928
46.3162,-4.715281,35.94088,19.28221,77.12247
46.3162,-4.715281,35.94088,19.28221,71.07866
46.3162,-4.715281,35.94088,19.28221,82.46523
46.3162,-4.715281,35.94088,19.28221,94.9485
46.3162,-4.715281,35.94088,19.28221,102.0852
46.3162,-4.715281,35.94088,19.28221,77.37042
46.3162,-4.715281,35.94088,19.28221,102.8145
46.3162,-4.715281,35.94088,19.28221,14.91944
46.3162,-4.715281,35.94088,19.28221,57.86893
46.3162,-4.715281,35.94088,19.28221,56.13386
46.3162,-4.715281,35.94088,19.28221,69.56724
46.3162,-4.715281,35.94088,19.28221,73.23539
46.3162,-4.715281,35.94088,19.28221,56.81526
46.3162,-4.715281,35.94088,19.28221,42.15959
46.3162,-4.715281,35.94088,19.28221,90.39714
46.3162,-4.715281,35.94088,19.28221,102.5114
46.3162,-4.715281,35.94088,19.28221,109.6711
46.3162,-4.715281,35.94088,19.28221,55.90929
46.3162,-4.715281,35.94088,19.28221,109.3752
46.3162,-4.715281,35.94088,19.28221,34.06178
46.3162,-4.715281,35.94088,19.28221,111.0147
46.3162,-4.715281,35.94088,19.28221,15.48023
46.3162,-4.715281,35.94088,19.28221,104.9424
46.3162,-4.715281,35.94088,19.28221,85.9057
46.3162,-4.715281,35.94088,19.28221,102.252
46.3162,-4.715281,35.94088,19.28221,111.1664
46.3162,-4.715281,35.94088,19.28221,57.54337
46.3162,-4.715281,35.94088,19.28221,105.6051
46.3162,-4.715281,35.94088,19.28221,67.33847
46.3162,-4.715281,35.94088,19.28221,100.244
46.3162,-4.715281,35.94088,19.28221,72.32552
46.3162,-4.715281,35.94088,19.28221,53.00186
46.3162,-4.715281,35.94088,19.28221,106.3157
46.3162,-4.715281,35.94088,19.28221,15.26236
46.3162,-4.715281,35.94088,19.28221,50.90223
46.3162,-4.715281,35.94088,19.28221,46.03452
46.3162,-4.715281,35.94088,19.28221,104.183
46.3162,-4.715281,35.94088,19.28221,14.45393
46.3162,-4.715281,35.94088,19.28221,56.21946
46.3162,-4.715281,35.94088,19.28221,111.0696
46.3162,-4.715281,35.94088,19.28221,18.42298
46.3162,-4.715281,35.94088,19.28221,95.32951
46.3162,-4.715281,35.94088,19.28221,17.33993
46.3162,-4.715281,35.94088,19.28221,27.73612
46.3162,-4.715281,35.94088,19.28221,54.7019
46.3162,-4.715281,35.94088,19.28221,96.33437
46.3162,-4.715281,35.94088,19.28221,95.74609
46.3162,-4.715281,35.94088,19.28221,57.42236
46.3162,-4.715281,35.94088,19.28221,98.8234
46.3162,-4.715281,35.94088,19.28221,97.56776
46.3162,-4.715281,35.94088,19.28221,92.66165
46.3162,-4.715281,35.94088,19.28221,87.87004
46.3162,-4.715281,35.94088,19.28221,18.52464
46.3162,-4.715281,35.94088,19.28221,24.43281
46.3162,-4.715281,35.94088,19.28221,76.29059
46.3162,-4.715281,35.94088,19.28221,88.00294
46.3162,-4.715281,35.94088,19.28221,100.4539
46.3162,-4.715281,35.94088,19.28221,105.2952
46.3162,-4.715281,35.94088,19.28221,104.9199
46.3162,-4.715281,35.94088,19.28221,60.44726
46.3162,-4.715281,35.94088,19.28221,104.767
46.3162,-4.715281,35.94088,19.28221,77.49137
46.3162,-4.715281,35.94088,19.28221,56.51788
46.3162,-4.715281,35.94088,19.28221,43.59888
46.3162,-4.715281,35.94088,19.28221,71.74787
46.3162,-4.715281,35.94088,19.28221,103.4679
46.3162,-4.715281,35.94088,19.28221,22.70348
46.3162,-4.715281,35.94088,19.28221,94.03156
46.3162,-4.715281,35.94088,19.28221,92.72486
46.3162,-4.715281,35.94088,19.28221,75.82584
46.3162,-4.715281,35.94088,19.28221,91.46481
46.3162,-4.715281,35.94088,19.28221,71.2364
46.3162,-4.715281,35.94088,19.28221,56.181
46.3162,-4.715281,35.94088,19.28221,25.21341
46.3162,-4.715281,35.94088,19.28221,104.6048
46.3162,-4.715281,35.94088,19.28221,32.33268
46.3162,-4.715281,35.94088,19.28221,26.16785
46.3162,-4.715281,35.94088,19.28221,113.493
46.3162,-4.715281,35.94088,19.28221,55.26195
46.3162,-4.715281,35.94088,19.28221,32.78165
46.3162,-4.715281,35.94088,19.28221,106.5328
46.3162,-4.715281,35.94088,19.28221,56.92999
46.3162,-4.715281,35.94088,19.28221,103.4268
46.3162,-4.715281,35.94088,19.28221,87.99268
46.3162,-4.715281,35.94088,19.28221,42.55164
46.3162,-4.715281,35.94088,19.28221,65.23236
46.3162,-4.715281,35.94088,19.28221,65.27631
46.3162,-4.715281,35.94088,19.28221,101.4363
46.3162,-4.715281,35.94088,19.28221,8.012338
46.3162,-4.715281,35.94088,19.28221,72.56829
46.3162,-4.715281,35.94088,19.28221,17.02203
46.3162,-4.715281,35.94088,19.28221,92.36178
46.3162,-4.715281,35.94088,19.28221,74.73378
46.3162,-4.715281,35.94088,19.28221,25.5698
46.3162,-4.715281,35.94088,19.28221,15.20358
46.3162,-4.715281,35.94088,19.28221,29.7755
46.3162,-4.715281,35.94088,19.28221,97.04226
46.3162,-4.715281,35.94088,19.28221,71.09102
46.3162,-4.715281,35.94088,19.28221,105.0283
46.3162,-4.715281,35.94088,19.28221,77.60312
46.3162,-4.715281,35.94088,19.28221,114.4349
46.3162,-4.715281,35.94088,19.28221,96.17108
46.3162,-4.715281,35.94088,19.28221,110.8847
46.3162,-4.715281,35.94088,19.28221,68.13301
46.3162,-4.715281,35.94088,19.28221,20.54203
46.3162,-4.715281,35.94088,19.28221,104.3977
46.3162,-4.715281,35.94088,19.28221,31.18525
46.3162,-4.715281,35.94088,19.28221,93.06564
46.3162,-4.715281,35.94088,19.28221,108.3731
46.3162,-4.715281,35.94088,19.28221,76.40833
46.3162,-4.715281,35.94088,19.28221,100.4434
46.3162,-4.715281,35.94088,19.28221,45.10432
46.3162,-4.715281,35.94088,19.28221,78.13519
46.3162,-4.715281,35.94088,19.28221,105.7165
46.3162,-4.715281,35.94088,19.28221,58.90664
46.3162,-4.715281,35.94088,19.28221,31.14807
46.3162,-4.715281,35.94088,19.28221,105.1461
46.3162,-4.715281,35.94088,19.28221,28.86706
46.3162,-4.715281,35.94088,19.28221,98.42326
46.3162,-4.715281,35.94088,19.28221,31.40707
46.3162,-4.715281,35.94088,19.28221,39.15159
46.3162,-4.715281,35.94088,19.28221,88.9226
46.3162,-4.715281,35.94088,19.28221,89.10391
46.3162,-4.715281,35.94088,19.28221,108.6573
46.3162,-4.715281,35.94088,19.28221,112.6321
46.3162,-4.715281,35.94088,19.28221,106.618
46.3162,-4.715281,35.94088,19.28221,114.0614
46.3162,-4.715281,35.94088,19.28221,42.47663
46.3162,-4.715281,35.94088,19.28221,12.7161
46.3162,-4.715281,35.94088,19.28221,106.7011
46.3162,-4.715281,35.94088,19.28221,112.7384
46.3162,-4.715281,35.94088,19.28221,28.07918
46.3162,-4.715281,35.94088,19.28221,58.67676
46.3162,-4.715281,35.94088,19.28221,42.76659
46.3162,-4.715281,35.94088,19.28221,75.51353
46.3162,-4.715281,35.94088,19.28221,55.33221
46.3162,-4.715281,35.94088,19.28221,43.10128
46.3162,-4.715281,35.94088,19.28221,85.65646
46.3162,-4.715281,35.94088,19.28221,25.96775
46.3162,-4.715281,35.94088,19.28221,84.31934
46.3162,-4.715281,35.94088,19.28221,17.36971
46.3162,-4.715281,35.94088,19.28221,96.0704
46.3162,-4.715281,35.94088,19.28221,43.52745
46.3162,-4.715281,35.94088,19.28221,83.79234
46.3162,-4.715281,35.94088,19.28221,63.92987
46.3162,-4.715281,35.94088,19.28221,73.71289
46.3162,-4.715281,35.94088,19.28221,97.42327
46.3162,-4.715281,35.94088,19.28221,94.06644
46.3162,-4.715281,35.94088,19.28221,58.44558
46.3162,-4.715281,35.94088,19.28221,63.1963
46.3162,-4.715281,35.94088,19.28221,109.9585
46.3162,-4.715281,35.94088,19.28221,18.75692
46.3162,-4.715281,35.94088,19.28221,74.44592
46.3162,-4.715281,35.94088,19.28221,56.24039
46.3162,-4.715281,35.94088,19.28221,82.16061
46.3162,-4.715281,35.94088,19.28221,94.25166
46.3162,-4.715281,35.94088,19.28221,89.42802
46.3162,-4.715281,35.94088,19.28221,99.04418
46.3162,-4.715281,35.94088,19.28221,29.95322
46.3162,-4.715281,35.94088,19.28221,59.9287
46.3162,-4.715281,35.94088,19.28221,58.14848
46.3162,-4.715281,35.94088,19.28221,105.5196
46.3162,-4.715281,35.94088,19.28221,68.10777
46.3162,-4.715281,35.94088,19.28221,104.7211
46.3162,-4.715281,35.94088,19.28221,83.5759
46.3162,-4.715281,35.94088,19.28221,55.23068
46.3162,-4.715281,35.94088,19.28221,106.0489
46.3162,-4.715281,35.94088,19.28221,83.75433
46.3162,-4.715281,35.94088,19.28221,8.624599
46.3162,-4.715281,35.94088,19.28221,103.7314
46.3162,-4.715281,35.94088,19.28221,88.63928
46.3162,-4.715281,35.94088,19.28221,85.32098
46.3162,-4.715281,35.94088,19.28221,31.00614
46.3162,-4.715281,35.94088,19.28221,86.91244
46.3162,-4.715281,35.94088,19.28221,107.7025
46.3162,-4.715281,35.94088,19.28221,26.73916
46.3162,-4.715281,35.94088,19.28221,87.904
46.3162,-4.715281,35.94088,19.28221,88.36431
46.3162,-4.715281,35.94088,19.28221,15.94242
46.3162,-4.715281,35.94088,19.28221,36.59416
46.3162,-4.715281,35.94088,19.28221,103.0516
46.3162,-4.715281,35.94088,19.28221,69.6976
46.3162,-4.715281,35.94088,19.28221,94.15555
46.3162,-4.715281,35.94088,19.28221,34.08741
46.3162,-4.715281,35.94088,19.28221,17.62541
46.3162,-4.715281,35.94088,19.28221,21.77358
46.3162,-4.715281,35.94088,19.28221,12.36213
46.3162,-4.715281,35.94088,19.28221,25.33162
46.3162,-4.715281,35.94088,19.28221,103.5079
46.3162,-4.715281,35.94088,19.28221,60.10879
46.3162,-4.715281,35.94088,19.28221,12.15569
46.3162,-4.715281,35.94088,19.28221,13.21928
46.3162,-4.715281,35.94088,19.28221,10.27788
46.3162,-4.715281,35.94088,19.28221,78.73841
46.3162,-4.715281,35.94088,19.28221,43.52638
46.3162,-4.715281,35.94088,19.28221,110.6222
46.3162,-4.715281,35.94088,19.28221,16.87454
46.3162,-4.715281,35.94088,19.28221,91.03486
46.3162,-4.715281,35.94088,19.28221,76.74168
46.3162,-4.715281,35.94088,19.28221,26.30336
46.3162,-4.715281,35.94088,19.28221,94.13243
46.3162,-4.715281,35.94088,19.28221,91.40848
46.3162,-4.715281,35.94088,19.28221,28.28844
46.3162,-4.715281,35.94088,19.28221,108.9918
46.3162,-4.715281,35.94088,19.28221,102.2926
46.3162,-4.715281,35.94088,19.28221,60.49711
46.3162,-4.715281,35.94088,19.28221,73.87572
46.3162,-4.715281,35.94088,19.28221,87.86222
46.3162,-4.715281,35.94088,19.28221,51.38271
46.3162,-4.715281,35.94088,19.28221,91.59814
46.3162,-4.715281,35.94088,19.28221,30.22729
46.3162,-4.715281,35.94088,19.28221,99.30774
46.3162,-4.715281,35.94088,19.28221,19.12045
46.3162,-4.715281,35.94088,19.28221,22.24516
46.3162,-4.715281,35.94088,19.28221,34.45473
46.3162,-4.715281,35.94088,19.28221,111.5094
46.3162,-4.715281,35.94088,19.28221,105.4346
46.3162,-4.715281,35.94088,19.28221,44.44175
46.3162,-4.715281,35.94088,19.28221,54.47777
46.3162,-4.715281,35.94088,19.28221,51.38631
46.3162,-4.715281,35.94088,19.28221,13.42206
46.3162,-4.715281,35.94088,19.28221,81.10988
46.3162,-4.715281,35.94088,19.28221,95.54752
46.3162,-4.715281,35.94088,19.28221,53.09567
46.3162,-4.715281,35.94088,19.28221,33.53695
46.3162,-4.715281,35.94088,19.28221,76.8302
46.3162,-4.715281,35.94088,19.28221,108.1797
46.3162,-4.715281,35.94088,19.28221,73.51837
46.3162,-4.715281,35.94088,19.28221,98.53101
46.3162,-4.715281,35.94088,19.28221,93.51045
46.3162,-4.715281,35.94088,19.28221,98.00095
46.3162,-4.715281,35.94088,19.28221,103.2182
46.3162,-4.715281,35.94088,19.28221,25.83247
46.3162,-4.715281,35.94088,19.28221,106.824
46.3162,-4.715281,35.94088,19.28221,109.8106
46.3162,-4.715281,35.94088,19.28221,67.4227
46.3162,-4.715281,35.94088,19.28221,59.38877
46.3162,-4.715281,35.94088,19.28221,110.2406
46.3162,-4.715281,35.94088,19.28221,71.01804
46.3162,-4.715281,35.94088,19.28221,71.74853
46.3162,-4.715281,35.94088,19.28221,80.74967
46.3162,-4.715281,35.94088,19.28221,110.415
46.3162,-4.715281,35.94088,19.28221,73.39285
46.3162,-4.715281,35.94088,19.28221,74.73537
46.3162,-4.715281,35.94088,19.28221,95.15125
46.3162,-4.715281,35.94088,19.28221,95.79175
46.3162,-4.715281,35.94088,19.28221,82.83788
46.3162,-4.715281,35.94088,19.28221,109.3855
46.3162,-4.715281,35.94088,19.28221,101.1175
46.3162,-4.715281,35.94088,19.28221,44.51841
46.3162,-4.715281,35.94088,19.28221,91.008
46.3162,-4.715281,35.94088,19.28221,27.30186
46.3162,-4.715281,35.94088,19.28221,97.92332
46.3162,-4.715281,35.94088,19.28221,103.0248
46.3162,-4.715281,35.94088,19.28221,18.73556
46.3162,-4.715281,35.94088,19.28221,78.52655
46.3162,-4.715281,35.94088,19.28221,97.63697
46.3162,-4.715281,35.94088,19.28221,105.4469
46.3162,-4.715281,35.94088,19.28221,26.46598
46.3162,-4.715281,35.94088,19.28221,109.7848
46.3162,-4.715281,35.94088,19.28221,57.88093
46.3162,-4.715281,35.94088,19.28221,97.07932
46.3162,-4.715281,35.94088,19.28221,99.18407
46.3162,-4.715281,35.94088,19.28221,94.48685
46.3162,-4.715281,35.94088,19.28221,10.15966
46.3162,-4.715281,35.94088,19.28221,88.9037
46.3162,-4.715281,35.94088,19.28221,99.09156
46.3162,-4.715281,35.94088,19.28221,101.8855
46.3162,-4.715281,35.94088,19.28221,90.10156
46.3162,-4.715281,35.94088,19.28221,61.65021
46.3162,-4.715281,35.94088,19.28221,54.3955
46.3162,-4.715281,35.94088,19.28221,107.4857
46.3162,-4.715281,35.94088,19.28221,19.57662
46.3162,-4.715281,35.94088,19.28221,105.976
46.3162,-4.715281,35.94088,19.28221,93.00232
46.3162,-4.715281,35.94088,19.28221,18.60184
46.3162,-4.715281,35.94088,19.28221,90.99527
46.3162,-4.715281,35.94088,19.28221,91.53431
46.3162,-4.715281,35.94088,19.28221,69.88551
46.3162,-4.715281,35.94088,19.28221,94.75227
46.3162,-4.715281,35.94088,19.28221,56.05129
46.3162,-4.715281,35.94088,19.28221,102.6563
46.3162,-4.715281,35.94088,19.28221,89.95444
46.3162,-4.715281,35.94088,19.28221,64.2215
46.3162,-4.715281,35.94088,19.28221,56.94452
46.3162,-4.715281,35.94088,19.28221,110.7362
46.3162,-4.715281,35.94088,19.28221,105.233
46.3162,-4.715281,35.94088,19.28221,41.39089
46.3162,-4.715281,35.94088,19.28221,17.12532
46.3162,-4.715281,35.94088,19.28221,65.78355
46.3162,-4.715281,35.94088,19.28221,89.12512
46.3162,-4.715281,35.94088,19.28221,12.22322
46.3162,-4.715281,35.94088,19.28221,9.436753
46.3162,-4.715281,35.94088,19.28221,107.1468
46.3162,-4.715281,35.94088,19.28221,94.8604
46.3162,-4.715281,35.94088,19.28221,111.3643
46.3162,-4.715281,35.94088,19.28221,108.8728
46.3162,-4.715281,35.94088,19.28221,19.84107
46.3162,-4.715281,35.94088,19.28221,95.25409
46.3162,-4.715281,35.94088,19.28221,17.94121
46.3162,-4.715281,35.94088,19.28221,90.35244
46.3162,-4.715281,35.94088,19.28221,33.23733
46.3162,-4.715281,35.94088,19.28221,92.98168
46.3162,-4.715281,35.94088,19.28221,99.91953
46.3162,-4.715281,35.94088,19.28221,104.3314
46.3162,-4.715281,35.94088,19.28221,33.33789
46.3162,-4.715281,35.94088,19.28221,109.2488
46.3162,-4.715281,35.94088,19.28221,106.4812
46.3162,-4.715281,35.94088,19.28221,83.41557
46.3162,-4.715281,35.94088,19.28221,113.2557
46.3162,-4.715281,35.94088,19.28221,62.02065
46.3162,-4.715281,35.94088,19.28221,69.22155
46.3162,-4.715281,35.94088,19.28221,59.26487
46.3162,-4.715281,35.94088,19.28221,88.72999
46.3162,-4.715281,35.94088,19.28221,13.04413
46.3162,-4.715281,35.94088,19.28221,108.3557
46.3162,-4.715281,35.94088,19.28221,97.46722
46.3162,-4.715281,35.94088,19.28221,14.4004
46.3162,-4.715281,35.94088,19.28221,96.88377
46.3162,-4.715281,35.94088,19.28221,61.05819
46.3162,-4.715281,35.94088,19.28221,110.8975
46.3162,-4.715281,35.94088,19.28221,53.20739
46.3162,-4.715281,35.94088,19.28221,110.6051
46.3162,-4.715281,35.94088,19.28221,89.98909
46.3162,-4.715281,35.94088,19.28221,61.85505
46.3162,-4.715281,35.94088,19.28221,31.38596
46.3162,-4.715281,35.94088,19.28221,26.56473
46.3162,-4.715281,35.94088,19.28221,25.09262
46.3162,-4.715281,35.94088,19.28221,54.53499
46.3162,-4.715281,35.94088,19.28221,75.11818
46.3162,-4.715281,35.94088,19.28221,91.11205
46.3162,-4.715281,35.94088,19.28221,112.7371
46.3162,-4.715281,35.94088,19.28221,113.5969
46.3162,-4.715281,35.94088,19.28221,107.1274
46.3162,-4.715281,35.94088,19.28221,42.34967
46.3162,-4.715281,35.94088,19.28221,85.6273
46.3162,-4.715281,35.94088,19.28221,98.42672
46.3162,-4.715281,35.94088,19.28221,104.5372
46.3162,-4.715281,35.94088,19.28221,51.11237
46.3162,-4.715281,35.94088,19.28221,32.39479
46.3162,-4.715281,35.94088,19.28221,103.4142
46.3162,-4.715281,35.94088,19.28221,25.64244
46.3162,-4.715281,35.94088,19.28221,85.50621
46.3162,-4.715281,35.94088,19.28221,15.01111
46.3162,-4.715281,35.94088,19.28221,67.68186
46.3162,-4.715281,35.94088,19.28221,107.6959
46.3162,-4.715281,35.94088,19.28221,14.54564
46.3162,-4.715281,35.94088,19.28221,71.95567
46.3162,-4.715281,35.94088,19.28221,28.60563
46.3162,-4.715281,35.94088,19.28221,26.56751
46.3162,-4.715281,35.94088,19.28221,110.6581
46.3162,-4.715281,35.94088,19.28221,7.521501
46.3162,-4.715281,35.94088,19.28221,56.56971
46.3162,-4.715281,35.94088,19.28221,15.02808
46.3162,-4.715281,35.94088,19.28221,43.59358
46.3162,-4.715281,35.94088,19.28221,94.94892
46.3162,-4.715281,35.94088,19.28221,89.32731
46.3162,-4.715281,35.94088,19.28221,62.74667
46.3162,-4.715281,35.94088,19.28221,38.57062
46.3162,-4.715281,35.94088,19.28221,96.91071
46.3162,-4.715281,35.94088,19.28221,100.4977
46.3162,-4.715281,35.94088,19.28221,103.6373
46.3162,-4.715281,35.94088,19.28221,84.73259
46.3162,-4.715281,35.94088,19.28221,62.64143
46.3162,-4.715281,35.94088,19.28221,78.9473
46.3162,-4.715281,35.94088,19.28221,94.72805
46.3162,-4.715281,35.94088,19.28221,116.026
46.3162,-4.715281,35.94088,19.28221,99.2799
46.3162,-4.715281,35.94088,19.28221,6.6059
46.3162,-4.715281,35.94088,19.28221,51.61979
46.3162,-4.715281,35.94088,19.28221,24.45833
46.3162,-4.715281,35.94088,19.28221,44.57719
46.3162,-4.715281,35.94088,19.28221,95.78028
46.3162,-4.715281,35.94088,19.28221,106.9909
46.3162,-4.715281,35.94088,19.28221,110.1588
46.3162,-4.715281,35.94088,19.28221,73.76633
46.3162,-4.715281,35.94088,19.28221,105.1835
46.3162,-4.715281,35.94088,19.28221,14.78646
46.3162,-4.715281,35.94088,19.28221,92.6135
46.3162,-4.715281,35.94088,19.28221,111.4534
46.3162,-4.715281,35.94088,19.28221,31.54065
46.3162,-4.715281,35.94088,19.28221,83.58264
46.3162,-4.715281,35.94088,19.28221,101.0814
46.3162,-4.715281,35.94088,19.28221,106.7488
46.3162,-4.715281,35.94088,19.28221,113.6951
46.3162,-4.715281,35.94088,19.28221,106.7697
46.3162,-4.715281,35.94088,19.28221,19.28096
46.3162,-4.715281,35.94088,19.28221,76.67345
46.3162,-4.715281,35.94088,19.28221,78.07995
46.3162,-4.715281,35.94088,19.28221,51.70332
46.3162,-4.715281,35.94088,19.28221,96.97145
46.3162,-4.715281,35.94088,19.28221,93.30709
46.3162,-4.715281,35.94088,19.28221,19.04631
46.3162,-4.715281,35.94088,19.28221,56.38026
46.3162,-4.715281,35.94088,19.28221,75.08435
46.3162,-4.715281,35.94088,19.28221,79.12274
46.3162,-4.715281,35.94088,19.28221,96.26863
46.3162,-4.715281,35.94088,19.28221,57.83791
46.3162,-4.715281,35.94088,19.28221,14.72051
46.3162,-4.715281,35.94088,19.28221,58.13079
46.3162,-4.715281,35.94088,19.28221,101.1789
46.3162,-4.715281,35.94088,19.28221,110.3592
46.3162,-4.715281,35.94088,19.28221,96.55725
46.3162,-4.715281,35.94088,19.28221,68.20865
46.3162,-4.715281,35.94088,19.28221,41.88634
46.3162,-4.715281,35.94088,19.28221,92.24202
46.3162,-4.715281,35.94088,19.28221,98.56567
46.3162,-4.715281,35.94088,19.28221,97.06963
46.3162,-4.715281,35.94088,19.28221,8.101966
46.3162,-4.715281,35.94088,19.28221,96.96173
46.3162,-4.715281,35.94088,19.28221,58.2195
46.3162,-4.715281,35.94088,19.28221,101.1465
46.3162,-4.715281,35.94088,19.28221,107.9665
46.3162,-4.715281,35.94088,19.28221,98.25565
46.3162,-4.715281,35.94088,19.28221,57.29897
46.3162,-4.715281,35.94088,19.28221,55.67424
46.3162,-4.715281,35.94088,19.28221,22.94112
46.3162,-4.715281,35.94088,19.28221,67.61084
46.3162,-4.715281,35.94088,19.28221,79.81445
46.3162,-4.715281,35.94088,19.28221,107.474
46.3162,-4.715281,35.94088,19.28221,59.20797
46.3162,-4.715281,35.94088,19.28221,92.50529
46.3162,-4.715281,35.94088,19.28221,80.14739
46.3162,-4.715281,35.94088,19.28221,99.50356
46.3162,-4.715281,35.94088,19.28221,63.64803
46.3162,-4.715281,35.94088,19.28221,77.21791
46.3162,-4.715281,35.94088,19.28221,14.98405
46.3162,-4.715281,35.94088,19.28221,88.30862
46.3162,-4.715281,35.94088,19.28221,42.9114
46.3162,-4.715281,35.94088,19.28221,39.77141
46.3162,-4.715281,35.94088,19.28221,80.59586
46.3162,-4.715281,35.94088,19.28221,94.28058
46.3162,-4.715281,35.94088,19.28221,108.2316
46.3162,-4.715281,35.94088,19.28221,16.93495
46.3162,-4.715281,35.94088,19.28221,100.9132
46.3162,-4.715281,35.94088,19.28221,18.02536
46.3162,-4.715281,35.94088,19.28221,39.83759
46.3162,-4.715281,35.94088,19.28221,66.37506
46.3162,-4.715281,35.94088,19.28221,59.65826
46.3162,-4.715281,35.94088,19.28221,87.61349
46.3162,-4.715281,35.94088,19.28221,101.8038
46.3162,-4.715281,35.94088,19.28221,13.52174
46.3162,-4.715281,35.94088,19.28221,6.40073
46.3162,-4.715281,35.94088,19.28221,101.703
46.3162,-4.715281,35.94088,19.28221,92.08563
46.3162,-4.715281,35.94088,19.28221,29.24307
46.3162,-4.715281,35.94088,19.28221,90.88776
46.3162,-4.715281,35.94088,19.28221,36.32812
46.3162,-4.715281,35.94088,19.28221,13.32327
46.3162,-4.715281,35.94088,19.28221,84.22533
46.3162,-4.715281,35.94088,19.28221,111.2493
46.3162,-4.715281,35.94088,19.28221,57.99992
46.3162,-4.715281,35.94088,19.28221,29.99967
46.3162,-4.715281,35.94088,19.28221,77.92136
46.3162,-4.715281,35.94088,19.28221,13.27134
46.3162,-4.715281,35.94088,19.28221,88.3606
46.3162,-4.715281,35.94088,19.28221,70.14868
46.3162,-4.715281,35.94088,19.28221,78.9388
46.3162,-4.715281,35.94088,19.28221,14.25304
46.3162,-4.715281,35.94088,19.28221,11.4399
46.3162,-4.715281,35.94088,19.28221,115.8622
46.3162,-4.715281,35.94088,19.28221,30.5325
46.3162,-4.715281,35.94088,19.28221,23.7257
46.3162,-4.715281,35.94088,19.28221,88.70382
46.3162,-4.715281,35.94088,19.28221,74.58607
46.3162,-4.715281,35.94088,19.28221,100.1591
46.3162,-4.715281,35.94088,19.28221,106.4143
46.3162,-4.715281,35.94088,19.28221,23.75409
46.3162,-4.715281,35.94088,19.28221,13.29175
46.3162,-4.715281,35.94088,19.28221,15.75414
46.3162,-4.715281,35.94088,19.28221,85.43187
46.3162,-4.715281,35.94088,19.28221,105.8275
46.3162,-4.715281,35.94088,19.28221,98.79105
46.3162,-4.715281,35.94088,19.28221,58.47582
46.3162,-4.715281,35.94088,19.28221,102.6325
46.3162,-4.715281,35.94088,19.28221,93.62103
46.3162,-4.715281,35.94088,19.28221,53.65621
46.3162,-4.715281,35.94088,19.28221,42.08418
46.3162,-4.715281,35.94088,19.28221,103.3827
46.3162,-4.715281,35.94088,19.28221,95.43853
46.3162,-4.715281,35.94088,19.28221,91.61854
46.3162,-4.715281,35.94088,19.28221,103.6452
46.3162,-4.715281,35.94088,19.28221,27.94115
46.3162,-4.715281,35.94088,19.28221,55.40042
46.3162,-4.715281,35.94088,19.28221,76.23919
46.3162,-4.715281,35.94088,19.28221,84.57357
46.3162,-4.715281,35.94088,19.28221,109.3285
46.3162,-4.715281,35.94088,19.28221,17.6817
46.3162,-4.715281,35.94088,19.28221,15.8596
46.3162,-4.715281,35.94088,19.28221,62.1772
46.3162,-4.715281,35.94088,19.28221,87.35878
46.3162,-4.715281,35.94088,19.28221,27.05047
46.3162,-4.715281,35.94088,19.28221,32.34499
46.3162,-4.715281,35.94088,19.28221,60.23323
46.3162,-4.715281,35.94088,19.28221,99.53426
46.3162,-4.715281,35.94088,19.28221,39.86679
46.3162,-4.715281,35.94088,19.28221,104.4886
46.3162,-4.715281,35.94088,19.28221,102.2492
46.3162,-4.715281,35.94088,19.28221,107.3104
46.3162,-4.715281,35.94088,19.28221,73.19846
46.3162,-4.715281,35.94088,19.28221,106.5339
46.3162,-4.715281,35.94088,19.28221,109.6758
46.3162,-4.715281,35.94088,19.28221,96.56754
46.3162,-4.715281,35.94088,19.28221,57.15225
46.3162,-4.715281,35.94088,19.28221,59.69449
46.3162,-4.715281,35.94088,19.28221,73.61947
46.3162,-4.715281,35.94088,19.28221,94.19397
46.3162,-4.715281,35.94088,19.28221,10.79678
46.3162,-4.715281,35.94088,19.28221,62.89578
46.3162,-4.715281,35.94088,19.28221,80.34409
46.3162,-4.715281,35.94088,19.28221,17.89143
46.3162,-4.715281,35.94088,19.28221,110.6494
46.3162,-4.715281,35.94088,19.28221,28.53425
46.3162,-4.715281,35.94088,19.28221,91.1862
46.3162,-4.715281,35.94088,19.28221,94.36551
46.3162,-4.715281,35.94088,19.28221,101.8008
46.3162,-4.715281,35.94088,19.28221,58.90995
46.3162,-4.715281,35.94088,19.28221,67.87673
46.3162,-4.715281,35.94088,19.28221,104.5746
46.3162,-4.715281,35.94088,19.28221,97.55442
46.3162,-4.715281,35.94088,19.28221,49.83781
46.3162,-4.715281,35.94088,19.28221,14.57963
46.3162,-4.715281,35.94088,19.28221,88.88039
46.3162,-4.715281,35.94088,19.28221,66.66051
46.3162,-4.715281,35.94088,19.28221,55.00591
46.3162,-4.715281,35.94088,19.28221,75.13449
46.3162,-4.715281,35.94088,19.28221,14.16743
46.3162,-4.715281,35.94088,19.28221,106.2175
46.3162,-4.715281,35.94088,19.28221,81.95612
46.3162,-4.715281,35.94088,19.28221,11.01899
46.3162,-4.715281,35.94088,19.28221,87.40401
46.3162,-4.715281,35.94088,19.28221,7.223546
46.3162,-4.715281,35.94088,19.28221,98.43274
46.3162,-4.715281,35.94088,19.28221,103.6695
46.3162,-4.715281,35.94088,19.28221,100.4394
46.3162,-4.715281,35.94088,19.28221,77.25608
46.3162,-4.715281,35.94088,19.28221,84.37199
46.3162,-4.715281,35.94088,19.28221,50.54022
46.3162,-4.715281,35.94088,19.28221,33.98418
46.3162,-4.715281,35.94088,19.28221,49.16948
46.3162,-4.715281,35.94088,19.28221,90.37441
46.3162,-4.715281,35.94088,19.28221,109.1526
46.3162,-4.715281,35.94088,19.28221,96.03639
46.3162,-4.715281,35.94088,19.28221,69.1106
46.3162,-4.715281,35.94088,19.28221,71.49461
46.3162,-4.715281,35.94088,19.28221,96.58111
46.3162,-4.715281,35.94088,19.28221,115.3543
46.3162,-4.715281,35.94088,19.28221,56.26081
46.3162,-4.715281,35.94088,19.28221,109.2452
46.3162,-4.715281,35.94088,19.28221,15.11156
46.3162,-4.715281,35.94088,19.28221,94.19097
46.3162,-4.715281,35.94088,19.28221,103.7481
46.3162,-4.715281,35.94088,19.28221,66.90395
46.3162,-4.715281,35.94088,19.28221,13.86994
46.3162,-4.715281,35.94088,19.28221,52.1089
46.3162,-4.715281,35.94088,19.28221,76.18391
46.3162,-4.715281,35.94088,19.28221,80.49044
46.3162,-4.715281,35.94088,19.28221,108.5381
46.3162,-4.715281,35.94088,19.28221,60.86381
46.3162,-4.715281,35.94088,19.28221,107.6394
46.3162,-4.715281,35.94088,19.28221,115.1994
46.3162,-4.715281,35.94088,19.28221,111.308
46.3162,-4.715281,35.94088,19.28221,97.68665
46.3162,-4.715281,35.94088,19.28221,25.6503
46.3162,-4.715281,35.94088,19.28221,61.24566
46.3162,-4.715281,35.94088,19.28221,87.51018
46.3162,-4.715281,35.94088,19.28221,111.0169
46.3162,-4.715281,35.94088,19.28221,95.24776
46.3162,-4.715281,35.94088,19.28221,66.5347
46.3162,-4.715281,35.94088,19.28221,86.78495
46.3162,-4.715281,35.94088,19.28221,23.99208
46.3162,-4.715281,35.94088,19.28221,38.51062
46.3162,-4.715281,35.94088,19.28221,85.4414
46.3162,-4.715281,35.94088,19.28221,112.1463
46.3162,-4.715281,35.94088,19.28221,32.75144
46.3162,-4.715281,35.94088,19.28221,106.6029
46.3162,-4.715281,35.94088,19.28221,102.4721
46.3162,-4.715281,35.94088,19.28221,101.9715
46.3162,-4.715281,35.94088,19.28221,17.68217
46.3162,-4.715281,35.94088,19.28221,107.9139
46.3162,-4.715281,35.94088,19.28221,101.9856
46.3162,-4.715281,35.94088,19.28221,44.40678
46.3162,-4.715281,35.94088,19.28221,76.10755
46.3162,-4.715281,35.94088,19.28221,8.539046
46.3162,-4.715281,35.94088,19.28221,92.0332
46.3162,-4.715281,35.94088,19.28221,83.85249
46.3162,-4.715281,35.94088,19.28221,53.54467
46.3162,-4.715281,35.94088,19.28221,69.41664
46.3162,-4.715281,35.94088,19.28221,108.5223
46.3162,-4.715281,35.94088,19.28221,96.81266
46.3162,-4.715281,35.94088,19.28221,59.34954
46.3162,-4.715281,35.94088,19.28221,61.35169
46.3162,-4.715281,35.94088,19.28221,111.414
46.3162,-4.715281,35.94088,19.28221,42.50171
46.3162,-4.715281,35.94088,19.28221,34.05848
46.3162,-4.715281,35.94088,19.28221,112.0958
46.3162,-4.715281,35.94088,19.28221,23.33799
46.3162,-4.715281,35.94088,19.28221,54.93654
46.3162,-4.715281,35.94088,19.28221,95.33364
46.3162,-4.715281,35.94088,19.28221,41.86843
46.3162,-4.715281,35.94088,19.28221,32.20161
46.3162,-4.715281,35.94088,19.28221,97.3871
46.3162,-4.715281,35.94088,19.28221,90.46952
46.3162,-4.715281,35.94088,19.28221,91.58507
46.3162,-4.715281,35.94088,19.28221,18.10528
46.3162,-4.715281,35.94088,19.28221,92.42896
46.3162,-4.715281,35.94088,19.28221,99.91389
46.3162,-4.715281,35.94088,19.28221,78.66752
46.3162,-4.715281,35.94088,19.28221,68.10179
46.3162,-4.715281,35.94088,19.28221,108.4439
46.3162,-4.715281,35.94088,19.28221,10.19454
46.3162,-4.715281,35.94088,19.28221,107.0426
46.3162,-4.715281,35.94088,19.28221,81.6573
46.3162,-4.715281,35.94088,19.28221,13.09782
46.3162,-4.715281,35.94088,19.28221,55.17985
46.3162,-4.715281,35.94088,19.28221,104.143
46.3162,-4.715281,35.94088,19.28221,79.47614
46.3162,-4.715281,35.94088,19.28221,105.9451
46.3162,-4.715281,35.94088,19.28221,112.6401
46.3162,-4.715281,35.94088,19.28221,16.51429
46.3162,-4.715281,35.94088,19.28221,84.50735
46.3162,-4.715281,35.94088,19.28221,63.91867
46.3162,-4.715281,35.94088,19.28221,96.87552
46.3162,-4.715281,35.94088,19.28221,26.63636
46.3162,-4.715281,35.94088,19.28221,97.35388
46.3162,-4.715281,35.94088,19.28221,110.6439
46.3162,-4.715281,35.94088,19.28221,101.3232
46.3162,-4.715281,35.94088,19.28221,95.95715
46.3162,-4.715281,35.94088,19.28221,67.93617
46.3162,-4.715281,35.94088,19.28221,18.8689
46.3162,-4.715281,35.94088,19.28221,108.7034
46.3162,-4.715281,35.94088,19.28221,95.54925
46.3162,-4.715281,35.94088,19.28221,9.807145
46.3162,-4.715281,35.94088,19.28221,17.73952
46.3162,-4.715281,35.94088,19.28221,16.82005
46.3162,-4.715281,35.94088,19.28221,66.07749
46.3162,-4.715281,35.94088,19.28221,42.60411
46.3162,-4.715281,35.94088,19.28221,97.21867
46.3162,-4.715281,35.94088,19.28221,56.08405
46.3162,-4.715281,35.94088,19.28221,56.72967
46.3162,-4.715281,35.94088,19.28221,103.7403
46.3162,-4.715281,35.94088,19.28221,21.29408
46.3162,-4.715281,35.94088,19.28221,21.2915
46.3162,-4.715281,35.94088,19.28221,60.22947
46.3162,-4.715281,35.94088,19.28221,91.19142
46.3162,-4.715281,35.94088,19.28221,9.843243
46.3162,-4.715281,35.94088,19.28221,80.71522
46.3162,-4.715281,35.94088,19.28221,55.5444
46.3162,-4.715281,35.94088,19.28221,70.80572
46.3162,-4.715281,35.94088,19.28221,93.00301
46.3162,-4.715281,35.94088,19.28221,11.73113
46.3162,-4.715281,35.94088,19.28221,65.60466
46.3162,-4.715281,35.94088,19.28221,60.98068
46.3162,-4.715281,35.94088,19.28221,90.23361
46.3162,-4.715281,35.94088,19.28221,10.75479
46.3162,-4.715281,35.94088,19.28221,53.0307
46.3162,-4.715281,35.94088,19.28221,96.08385
46.3162,-4.715281,35.94088,19.28221,106.0601
46.3162,-4.715281,35.94088,19.28221,54.08779
46.3162,-4.715281,35.94088,19.28221,100.4043
46.3162,-4.715281,35.94088,19.28221,64.11909
46.3162,-4.715281,35.94088,19.28221,67.97376
46.3162,-4.715281,35.94088,19.28221,107.2328
46.3162,-4.715281,35.94088,19.28221,58.44789
46.3162,-4.715281,35.94088,19.28221,74.12569
46.3162,-4.715281,35.94088,19.28221,20.67054
46.3162,-4.715281,35.94088,19.28221,52.30565
46.3162,-4.715281,35.94088,19.28221,21.05764
46.3162,-4.715281,35.94088,19.28221,20.13815
46.3162,-4.715281,35.94088,19.28221,16.89876
46.3162,-4.715281,35.94088,19.28221,54.50298
46.3162,-4.715281,35.94088,19.28221,95.49834
46.3162,-4.715281,35.94088,19.28221,19.67891
46.3162,-4.715281,35.94088,19.28221,102.2821
46.3162,-4.715281,35.94088,19.28221,87.815
46.3162,-4.715281,35.94088,19.28221,13.81203
46.3162,-4.715281,35.94088,19.28221,79.7765
46.3162,-4.715281,35.94088,19.28221,87.72173
46.3162,-4.715281,35.94088,19.28221,12.86171
46.3162,-4.715281,35.94088,19.28221,19.91483
46.3162,-4.715281,35.94088,19.28221,10.29921
46.3162,-4.715281,35.94088,19.28221,109.725
46.3162,-4.715281,35.94088,19.28221,90.17416
46.3162,-4.715281,35.94088,19.28221,99.63463
46.3162,-4.715281,35.94088,19.28221,111.7782
46.3162,-4.715281,35.94088,19.28221,70.4123
46.3162,-4.715281,35.94088,19.28221,13.13256
46.3162,-4.715281,35.94088,19.28221,64.13691
46.3162,-4.715281,35.94088,19.28221,18.2383
46.3162,-4.715281,35.94088,19.28221,86.78263
46.3162,-4.715281,35.94088,19.28221,59.24269
46.3162,-4.715281,35.94088,19.28221,10.73758
46.3162,-4.715281,35.94088,19.28221,11.84718
46.3162,-4.715281,35.94088,19.28221,98.06964
46.3162,-4.715281,35.94088,19.28221,32.0862
46.3162,-4.715281,35.94088,19.28221,12.63502
46.3162,-4.715281,35.94088,19.28221,29.59137
46.3162,-4.715281,35.94088,19.28221,85.54499
46.3162,-4.715281,35.94088,19.28221,94.50865
46.3162,-4.715281,35.94088,19.28221,85.58853
46.3162,-4.715281,35.94088,19.28221,33.64173
46.3162,-4.715281,35.94088,19.28221,17.22439
46.3162,-4.715281,35.94088,19.28221,92.52852
46.3162,-4.715281,35.94088,19.28221,58.47194
46.3162,-4.715281,35.94088,19.28221,98.20216
46.3162,-4.715281,35.94088,19.28221,95.99377
46.3162,-4.715281,35.94088,19.28221,99.4142
46.3162,-4.715281,35.94088,19.28221,112.1902
46.3162,-4.715281,35.94088,19.28221,59.18175
46.3162,-4.715281,35.94088,19.28221,97.82529
46.3162,-4.715281,35.94088,19.28221,97.6199
46.3162,-4.715281,35.94088,19.28221,55.64576
46.3162,-4.715281,35.94088,19.28221,74.78862
46.3162,-4.715281,35.94088,19.28221,63.11272
46.3162,-4.715281,35.94088,19.28221,70.63644
46.3162,-4.715281,35.94088,19.28221,43.8979
46.3162,-4.715281,35.94088,19.28221,90.55429
46.3162,-4.715281,35.94088,19.28221,86.67287
46.3162,-4.715281,35.94088,19.28221,18.93931
46.3162,-4.715281,35.94088,19.28221,94.4808
46.3162,-4.715281,35.94088,19.28221,113.4945
46.3162,-4.715281,35.94088,19.28221,42.5824
46.3162,-4.715281,35.94088,19.28221,69.30708
46.3162,-4.715281,35.94088,19.28221,25.63391
46.3162,-4.715281,35.94088,19.28221,101.6792
46.3162,-4.715281,35.94088,19.28221,85.264
46.3162,-4.715281,35.94088,19.28221,97.30774
46.3162,-4.715281,35.94088,19.28221,95.03183
46.3162,-4.715281,35.94088,19.28221,87.84847
46.3162,-4.715281,35.94088,19.28221,101.9362
46.3162,-4.715281,35.94088,19.28221,90.54239
46.3162,-4.715281,35.94088,19.28221,66.14338
46.3162,-4.715281,35.94088,19.28221,64.94577
46.3162,-4.715281,35.94088,19.28221,79.87071
46.3162,-4.715281,35.94088,19.28221,93.67244
46.3162,-4.715281,35.94088,19.28221,18.73538
46.3162,-4.715281,35.94088,19.28221,60.51999
46.3162,-4.715281,35.94088,19.28221,77.94299
46.3162,-4.715281,35.94088,19.28221,44.82667
46.3162,-4.715281,35.94088,19.28221,107.339
46.3162,-4.715281,35.94088,19.28221,31.26729
46.3162,-4.715281,35.94088,19.28221,101.8102
46.3162,-4.715281,35.94088,19.28221,98.85466
46.3162,-4.715281,35.94088,19.28221,69.80811
46.3162,-4.715281,35.94088,19.28221,95.02567
46.3162,-4.715281,35.94088,19.28221,12.15078
46.3162,-4.715281,35.94088,19.28221,44.68834
46.3162,-4.715281,35.94088,19.28221,100.1456
46.3162,-4.715281,35.94088,19.28221,25.06427
46.3162,-4.715281,35.94088,19.28221,85.3449
46.3162,-4.715281,35.94088,19.28221,26.79005
46.3162,-4.715281,35.94088,19.28221,55.99485
46.3162,-4.715281,35.94088,19.28221,104.5673
46.3162,-4.715281,35.94088,19.28221,107.8045
46.3162,-4.715281,35.94088,19.28221,92.74128
46.3162,-4.715281,35.94088,19.28221,15.70916
46.3162,-4.715281,35.94088,19.28221,99.92147
46.3162,-4.715281,35.94088,19.28221,104.3137
46.3162,-4.715281,35.94088,19.28221,110.4282
46.3162,-4.715281,35.94088,19.28221,70.3135
46.3162,-4.715281,35.94088,19.28221,17.5376
46.3162,-4.715281,35.94088,19.28221,102.9082
46.3162,-4.715281,35.94088,19.28221,111.1401
46.3162,-4.715281,35.94088,19.28221,73.00345
46.3162,-4.715281,35.94088,19.28221,58.16415
46.3162,-4.715281,35.94088,19.28221,50.01302
46.3162,-4.715281,35.94088,19.28221,63.41897
46.3162,-4.715281,35.94088,19.28221,94.51903
46.3162,-4.715281,35.94088,19.28221,17.42221
46.3162,-4.715281,35.94088,19.28221,64.63738
46.3162,-4.715281,35.94088,19.28221,96.58621
46.3162,-4.715281,35.94088,19.28221,97.44732
46.3162,-4.715281,35.94088,19.28221,43.5315
46.3162,-4.715281,35.94088,19.28221,78.51575
46.3162,-4.715281,35.94088,19.28221,111.1707
46.3162,-4.715281,35.94088,19.28221,92.74593
46.3162,-4.715281,35.94088,19.28221,71.41087
46.3162,-4.715281,35.94088,19.28221,90.32887
46.3162,-4.715281,35.94088,19.28221,25.65655
46.3162,-4.715281,35.94088,19.28221,8.802165
46.3162,-4.715281,35.94088,19.28221,92.7791
46.3162,-4.715281,35.94088,19.28221,21.95235
46.3162,-4.715281,35.94088,19.28221,94.48725
46.3162,-4.715281,35.94088,19.28221,27.61444
46.3162,-4.715281,35.94088,19.28221,16.1965
46.3162,-4.715281,35.94088,19.28221,111.9291
46.3162,-4.715281,35.94088,19.28221,92.14063
46.3162,-4.715281,35.94088,19.28221,116.9292
46.3162,-4.715281,35.94088,19.28221,24.80209
46.3162,-4.715281,35.94088,19.28221,90.9824
46.3162,-4.715281,35.94088,19.28221,83.43334
46.3162,-4.715281,35.94088,19.28221,92.33492
46.3162,-4.715281,35.94088,19.28221,13.57078
46.3162,-4.715281,35.94088,19.28221,19.89525
46.3162,-4.715281,35.94088,19.28221,57.03988
46.3162,-4.715281,35.94088,19.28221,62.90055
46.3162,-4.715281,35.94088,19.28221,51.35364
46.3162,-4.715281,35.94088,19.28221,110.8357
46.3162,-4.715281,35.94088,19.28221,94.61725
46.3162,-4.715281,35.94088,19.28221,94.49024
46.3162,-4.715281,35.94088,19.28221,54.68148
46.3162,-4.715281,35.94088,19.28221,77.15408
46.3162,-4.715281,35.94088,19.28221,110.3221
46.3162,-4.715281,35.94088,19.28221,39.50071
46.3162,-4.715281,35.94088,19.28221,95.78699
46.3162,-4.715281,35.94088,19.28221,101.2791
46.3162,-4.715281,35.94088,19.28221,70.75948
46.3162,-4.715281,35.94088,19.28221,18.75446
46.3162,-4.715281,35.94088,19.28221,28.79551
46.3162,-4.715281,35.94088,19.28221,112.2931
46.3162,-4.715281,35.94088,19.28221,111.4667
46.3162,-4.715281,35.94088,19.28221,24.72482
46.3162,-4.715281,35.94088,19.28221,61.50628
46.3162,-4.715281,35.94088,19.28221,58.0562
46.3162,-4.715281,35.94088,19.28221,9.189816
46.3162,-4.715281,35.94088,19.28221,56.84383
46.3162,-4.715281,35.94088,19.28221,41.4808
46.3162,-4.715281,35.94088,19.28221,99.52235
46.3162,-4.715281,35.94088,19.28221,62.03378
46.3162,-4.715281,35.94088,19.28221,70.10899
46.3162,-4.715281,35.94088,19.28221,90.92547
46.3162,-4.715281,35.94088,19.28221,17.74948
46.3162,-4.715281,35.94088,19.28221,110.8496
46.3162,-4.715281,35.94088,19.28221,82.47206
46.3162,-4.715281,35.94088,19.28221,68.17711
46.3162,-4.715281,35.94088,19.28221,31.54929
46.3162,-4.715281,35.94088,19.28221,12.60999
46.3162,-4.715281,35.94088,19.28221,9.265673
46.3162,-4.715281,35.94088,19.28221,84.5399
46.3162,-4.715281,35.94088,19.28221,113.3994
46.3162,-4.715281,35.94088,19.28221,68.35903
46.3162,-4.715281,35.94088,19.28221,22.30139
46.3162,-4.715281,35.94088,19.28221,112.6653
46.3162,-4.715281,35.94088,19.28221,58.25788
46.3162,-4.715281,35.94088,19.28221,90.37585
46.3162,-4.715281,35.94088,19.28221,53.04828
46.3162,-4.715281,35.94088,19.28221,43.56638
46.3162,-4.715281,35.94088,19.28221,19.35722
46.3162,-4.715281,35.94088,19.28221,105.5522
46.3162,-4.715281,35.94088,19.28221,55.75743
46.3162,-4.715281,35.94088,19.28221,39.36948
46.3162,-4.715281,35.94088,19.28221,7.922674
46.3162,-4.715281,35.94088,19.28221,103.3564
46.3162,-4.715281,35.94088,19.28221,93.61502
46.3162,-4.715281,35.94088,19.28221,62.39065
46.3162,-4.715281,35.94088,19.28221,14.41521
46.3162,-4.715281,35.94088,19.28221,37.0779
46.3162,-4.715281,35.94088,19.28221,89.84943
46.3162,-4.715281,35.94088,19.28221,95.40986
46.3162,-4.715281,35.94088,19.28221,44.49276
46.3162,-4.715281,35.94088,19.28221,11.63068
46.3162,-4.715281,35.94088,19.28221,70.10551
46.3162,-4.715281,35.94088,19.28221,90.17474
46.3162,-4.715281,35.94088,19.28221,78.54443
46.3162,-4.715281,35.94088,19.28221,94.67313
46.3162,-4.715281,35.94088,19.28221,29.35703
46.3162,-4.715281,35.94088,19.28221,67.91967
46.3162,-4.715281,35.94088,19.28221,93.28135
46.3162,-4.715281,35.94088,19.28221,74.67544
46.3162,-4.715281,35.94088,19.28221,100.2666
46.3162,-4.715281,35.94088,19.28221,15.54405
46.3162,-4.715281,35.94088,19.28221,98.39761
46.3162,-4.715281,35.94088,19.28221,107.173
46.3162,-4.715281,35.94088,19.28221,107.5805
46.3162,-4.715281,35.94088,19.28221,86.93094
46.3162,-4.715281,35.94088,19.28221,10.76312
46.3162,-4.715281,35.94088,19.28221,104.6995
46.3162,-4.715281,35.94088,19.28221,102.6261
46.3162,-4.715281,35.94088,19.28221,30.55139
46.3162,-4.715281,35.94088,19.28221,79.38303
46.3162,-4.715281,35.94088,19.28221,98.42935
46.3162,-4.715281,35.94088,19.28221,46.39347
46.3162,-4.715281,35.94088,19.28221,105.4194
46.3162,-4.715281,35.94088,19.28221,90.88111
46.3162,-4.715281,35.94088,19.28221,56.50753
46.3162,-4.715281,35.94088,19.28221,19.29477
46.3162,-4.715281,35.94088,19.28221,87.64609
46.3162,-4.715281,35.94088,19.28221,93.21862
46.3162,-4.715281,35.94088,19.28221,68.20503
46.3162,-4.715281,35.94088,19.28221,50.16285
46.3162,-4.715281,35.94088,19.28221,29.85798
46.3162,-4.715281,35.94088,19.28221,76.95707
46.3162,-4.715281,35.94088,19.28221,95.08216
46.3162,-4.715281,35.94088,19.28221,93.57201
46.3162,-4.715281,35.94088,19.28221,69.99877
46.3162,-4.715281,35.94088,19.28221,20.72255
46.3162,-4.715281,35.94088,19.28221,110.6136
46.3162,-4.715281,35.94088,19.28221,54.87281
46.3162,-4.715281,35.94088,19.28221,106.6207
46.3162,-4.715281,35.94088,19.28221,104.2224
46.3162,-4.715281,35.94088,19.28221,109.8368
46.3162,-4.715281,35.94088,19.28221,109.7333
46.3162,-4.715281,35.94088,19.28221,110.0153
46.3162,-4.715281,35.94088,19.28221,30.16514
46.3162,-4.715281,35.94088,19.28221,41.70115
46.3162,-4.715281,35.94088,19.28221,11.94719
46.3162,-4.715281,35.94088,19.28221,102.3876
46.3162,-4.715281,35.94088,19.28221,13.06155
46.3162,-4.715281,35.94088,19.28221,9.810775
46.3162,-4.715281,35.94088,19.28221,99.848
46.3162,-4.715281,35.94088,19.28221,90.18383
46.3162,-4.715281,35.94088,19.28221,78.96713
46.3162,-4.715281,35.94088,19.28221,101.9192
46.3162,-4.715281,35.94088,19.28221,43.53096
46.3162,-4.715281,35.94088,19.28221,93.93663
46.3162,-4.715281,35.94088,19.28221,110.5462
46.3162,-4.715281,35.94088,19.28221,57.97619
46.3162,-4.715281,35.94088,19.28221,10.97733
46.3162,-4.715281,35.94088,19.28221,12.39445
46.3162,-4.715281,35.94088,19.28221,68.34073
46.3162,-4.715281,35.94088,19.28221,23.09868
46.3162,-4.715281,35.94088,19.28221,9.078592
46.3162,-4.715281,35.94088,19.28221,109.7157
46.3162,-4.715281,35.94088,19.28221,16.8984
46.3162,-4.715281,35.94088,19.28221,42.42726
46.3162,-4.715281,35.94088,19.28221,13.9215
46.3162,-4.715281,35.94088,19.28221,103.0812
46.3162,-4.715281,35.94088,19.28221,61.73755
46.3162,-4.715281,35.94088,19.28221,75.00254
46.3162,-4.715281,35.94088,19.28221,41.1482
46.3162,-4.715281,35.94088,19.28221,98.84997
46.3162,-4.715281,35.94088,19.28221,86.52335
46.3162,-4.715281,35.94088,19.28221,95.55795
46.3162,-4.715281,35.94088,19.28221,88.41505
46.3162,-4.715281,35.94088,19.28221,66.6973
46.3162,-4.715281,35.94088,19.28221,101.24
46.3162,-4.715281,35.94088,19.28221,103.6822
46.3162,-4.715281,35.94088,19.28221,92.8029
46.3162,-4.715281,35.94088,19.28221,83.91611
46.3162,-4.715281,35.94088,19.28221,100.4104
46.3162,-4.715281,35.94088,19.28221,105.7243
46.3162,-4.715281,35.94088,19.28221,102.7665
46.3162,-4.715281,35.94088,19.28221,97.25375
46.3162,-4.715281,35.94088,19.28221,29.58893
46.3162,-4.715281,35.94088,19.28221,94.5753
46.3162,-4.715281,35.94088,19.28221,112.2728
46.3162,-4.715281,35.94088,19.28221,88.08292
46.3162,-4.715281,35.94088,19.28221,98.07416
46.3162,-4.715281,35.94088,19.28221,70.8093
46.3162,-4.715281,35.94088,19.28221,49.56691
46.3162,-4.715281,35.94088,19.28221,93.09752
46.3162,-4.715281,35.94088,19.28221,95.99465
46.3162,-4.715281,35.94088,19.28221,94.1073
46.3162,-4.715281,35.94088,19.28221,94.338
46.3162,-4.715281,35.94088,19.28221,87.81335
46.3162,-4.715281,35.94088,19.28221,97.86581
46.3162,-4.715281,35.94088,19.28221,78.28843
46.3162,-4.715281,35.94088,19.28221,41.15393
46.3162,-4.715281,35.94088,19.28221,72.1386
46.3162,-4.715281,35.94088,19.28221,24.42847
46.3162,-4.715281,35.94088,19.28221,84.19911
46.3162,-4.715281,35.94088,19.28221,79.63218
46.3162,-4.715281,35.94088,19.28221,102.5722
46.3162,-4.715281,35.94088,19.28221,106.5326
46.3162,-4.715281,35.94088,19.28221,106.1087
46.3162,-4.715281,35.94088,19.28221,18.14273
46.3162,-4.715281,35.94088,19.28221,109.5706
46.3162,-4.715281,35.94088,19.28221,93.54425
46.3162,-4.715281,35.94088,19.28221,58.14175
46.3162,-4.715281,35.94088,19.28221,53.75556
46.3162,-4.715281,35.94088,19.28221,6.6264
46.3162,-4.715281,35.94088,19.28221,71.11176
46.3162,-4.715281,35.94088,19.28221,24.74648
46.3162,-4.715281,35.94088,19.28221,90.51006
46.3162,-4.715281,35.94088,19.28221,27.02876
46.3162,-4.715281,35.94088,19.28221,104.0914
46.3162,-4.715281,35.94088,19.28221,60.17807
46.3162,-4.715281,35.94088,19.28221,29.1692
46.3162,-4.715281,35.94088,19.28221,50.60195
46.3162,-4.715281,35.94088,19.28221,104.1728
48.06347,-7.178966,71.75603,17.2336,23.43205
48.06347,-7.178966,71.75603,17.2336,54.3124
48.06347,-7.178966,71.75603,17.2336,23.65073
48.06347,-7.178966,71.75603,17.2336,40.83852
48.06347,-7.178966,71.75603,17.2336,19.80197
48.06347,-7.178966,71.75603,17.2336,29.7624
48.06347,-7.178966,71.75603,17.2336,53.51323
48.06347,-7.178966,71.75603,17.2336,23.36577
48.06347,-7.178966,71.75603,17.2336,21.6784
48.06347,-7.178966,71.75603,17.2336,18.34718
48.06347,-7.178966,71.75603,17.2336,39.11684
48.06347,-7.178966,71.75603,17.2336,40.65248
48.06347,-7.178966,71.75603,17.2336,25.15841
48.06347,-7.178966,71.75603,17.2336,20.10908
48.06347,-7.178966,71.75603,17.2336,21.07154
48.06347,-7.178966,71.75603,17.2336,41.0858
48.06347,-7.178966,71.75603,17.2336,35.41176
48.06347,-7.178966,71.75603,17.2336,38.42727
48.06347,-7.178966,71.75603,17.2336,17.47181
48.06347,-7.178966,71.75603,17.2336,23.09362
48.06347,-7.178966,71.75603,17.2336,29.05697
48.06347,-7.178966,71.75603,17.2336,54.35496
48.06347,-7.178966,71.75603,17.2336,39.42192
48.06347,-7.178966,71.75603,17.2336,12.99415
48.06347,-7.178966,71.75603,17.2336,19.53464
48.06347,-7.178966,71.75603,17.2336,21.4903
48.06347,-7.178966,71.75603,17.2336,21.96037
48.06347,-7.178966,71.75603,17.2336,44.22403
48.06347,-7.178966,71.75603,17.2336,21.55798
48.06347,-7.178966,71.75603,17.2336,45.02122
48.06347,-7.178966,71.75603,17.2336,22.42022
48.06347,-7.178966,71.75603,17.2336,18.24396
48.06347,-7.178966,71.75603,17.2336,21.31918
48.06347,-7.178966,71.75603,17.2336,47.06582
48.06347,-7.178966,71.75603,17.2336,37.71597
48.06347,-7.178966,71.75603,17.2336,30.84496
48.06347,-7.178966,71.75603,17.2336,17.37943
48.06347,-7.178966,71.75603,17.2336,12.73187
48.06347,-7.178966,71.75603,17.2336,31.2364
48.06347,-7.178966,71.75603,17.2336,36.82278
48.06347,-7.178966,71.75603,17.2336,52.35098
48.06347,-7.178966,71.75603,17.2336,19.40012
48.06347,-7.178966,71.75603,17.2336,24.47892
48.06347,-7.178966,71.75603,17.2336,28.00761
48.06347,-7.178966,71.75603,17.2336,41.13933
48.06347,-7.178966,71.75603,17.2336,24.48113
48.06347,-7.178966,71.75603,17.2336,35.12292
48.06347,-7.178966,71.75603,17.2336,15.01067
48.06347,-7.178966,71.75603,17.2336,47.70869
48.06347,-7.178966,71.75603,17.2336,46.26116
48.06347,-7.178966,71.75603,17.2336,21.11377
48.06347,-7.178966,71.75603,17.2336,47.38867
48.06347,-7.178966,71.75603,17.2336,31.65537
48.06347,-7.178966,71.75603,17.2336,49.12165
48.06347,-7.178966,71.75603,17.2336,21.9793
48.06347,-7.178966,71.75603,17.2336,50.54904
48.06347,-7.178966,71.75603,17.2336,46.15497
48.06347,-7.178966,71.75603,17.2336,23.25436
48.06347,-7.178966,71.75603,17.2336,20.59292
48.06347,-7.178966,71.75603,17.2336,17.75624
48.06347,-7.178966,71.75603,17.2336,26.08098
48.06347,-7.178966,71.75603,17.2336,28.85892
48.06347,-7.178966,71.75603,17.2336,23.7358
48.06347,-7.178966,71.75603,17.2336,19.54604
48.06347,-7.178966,71.75603,17.2336,29.59938
48.06347,-7.178966,71.75603,17.2336,13.59956
48.06347,-7.178966,71.75603,17.2336,16.9929
48.06347,-7.178966,71.75603,17.2336,34.48084
48.06347,-7.178966,71.75603,17.2336,36.22801
48.06347,-7.178966,71.75603,17.2336,20.87434
48.06347,-7.178966,71.75603,17.2336,27.55502
48.06347,-7.178966,71.75603,17.2336,39.05905
48.06347,-7.178966,71.75603,17.2336,13.91148
48.06347,-7.178966,71.75603,17.2336,29.78743
48.06347,-7.178966,71.75603,17.2336,39.36507
48.06347,-7.178966,71.75603,17.2336,47.53431
48.06347,-7.178966,71.75603,17.2336,54.5234
48.06347,-7.178966,71.75603,17.2336,33.81718
48.06347,-7.178966,71.75603,17.2336,25.93537
48.06347,-7.178966,71.75603,17.2336,39.17805
48.06347,-7.178966,71.75603,17.2336,24.33594
48.06347,-7.178966,71.75603,17.2336,14.32638
48.06347,-7.178966,71.75603,17.2336,18.67924
48.06347,-7.178966,71.75603,17.2336,54.36247
48.06347,-7.178966,71.75603,17.2336,19.87438
48.06347,-7.178966,71.75603,17.2336,15.03286
48.06347,-7.178966,71.75603,17.2336,17.73417
48.06347,-7.178966,71.75603,17.2336,25.48094
48.06347,-7.178966,71.75603,17.2336,22.72886
48.06347,-7.178966,71.75603,17.2336,22.90613
48.06347,-7.178966,71.75603,17.2336,35.00884
48.06347,-7.178966,71.75603,17.2336,50.89378
48.06347,-7.178966,71.75603,17.2336,24.68573
48.06347,-7.178966,71.75603,17.2336,19.20602
48.06347,-7.178966,71.75603,17.2336,49.28547
48.06347,-7.178966,71.75603,17.2336,52.8084
48.06347,-7.178966,71.75603,17.2336,49.52278
48.06347,-7.178966,71.75603,17.2336,46.92809
48.06347,-7.178966,71.75603,17.2336,35.63559
48.06347,-7.178966,71.75603,17.2336,26.39581
48.06347,-7.178966,71.75603,17.2336,18.6773
48.06347,-7.178966,71.75603,17.2336,25.77175
48.06347,-7.178966,71.75603,17.2336,28.31305
48.06347,-7.178966,71.75603,17.2336,47.19018
48.06347,-7.178966,71.75603,17.2336,13.10387
48.06347,-7.178966,71.75603,17.2336,41.80197
48.06347,-7.178966,71.75603,17.2336,20.54885
48.06347,-7.178966,71.75603,17.2336,26.11632
48.06347,-7.178966,71.75603,17.2336,44.15992
48.06347,-7.178966,71.75603,17.2336,13.01967
48.06347,-7.178966,71.75603,17.2336,20.40168
48.06347,-7.178966,71.75603,17.2336,21.20878
48.06347,-7.178966,71.75603,17.2336,24.37074
48.06347,-7.178966,71.75603,17.2336,17.90972
48.06347,-7.178966,71.75603,17.2336,23.63464
48.06347,-7.178966,71.75603,17.2336,23.26455
48.06347,-7.178966,71.75603,17.2336,51.81983
48.06347,-7.178966,71.75603,17.2336,21.17855
48.06347,-7.178966,71.75603,17.2336,30.81716
48.06347,-7.178966,71.75603,17.2336,28.12724
48.06347,-7.178966,71.75603,17.2336,51.36625
48.06347,-7.178966,71.75603,17.2336,18.69727
48.06347,-7.178966,71.75603,17.2336,32.29726
48.06347,-7.178966,71.75603,17.2336,13.81651
48.06347,-7.178966,71.75603,17.2336,54.92931
48.06347,-7.178966,71.75603,17.2336,48.11943
48.06347,-7.178966,71.75603,17.2336,19.77147
48.06347,-7.178966,71.75603,17.2336,22.99567
48.06347,-7.178966,71.75603,17.2336,14.35802
48.06347,-7.178966,71.75603,17.2336,21.57642
48.06347,-7.178966,71.75603,17.2336,22.1017
48.06347,-7.178966,71.75603,17.2336,17.68261
48.06347,-7.178966,71.75603,17.2336,18.56451
48.06347,-7.178966,71.75603,17.2336,50.49874
48.06347,-7.178966,71.75603,17.2336,47.82924
48.06347,-7.178966,71.75603,17.2336,28.60543
48.06347,-7.178966,71.75603,17.2336,27.03832
48.06347,-7.178966,71.75603,17.2336,20.69716
48.06347,-7.178966,71.75603,17.2336,52.47363
48.06347,-7.178966,71.75603,17.2336,23.85392
48.06347,-7.178966,71.75603,17.2336,45.67907
48.06347,-7.178966,71.75603,17.2336,20.59462
48.06347,-7.178966,71.75603,17.2336,23.96636
48.06347,-7.178966,71.75603,17.2336,17.92974
48.06347,-7.178966,71.75603,17.2336,18.01911
48.06347,-7.178966,71.75603,17.2336,22.70721
48.06347,-7.178966,71.75603,17.2336,40.59197
48.06347,-7.178966,71.75603,17.2336,36.99708
48.06347,-7.178966,71.75603,17.2336,40.23245
48.06347,-7.178966,71.75603,17.2336,30.26192
48.06347,-7.178966,71.75603,17.2336,35.73106
48.06347,-7.178966,71.75603,17.2336,20.60966
48.06347,-7.178966,71.75603,17.2336,23.43417
48.06347,-7.178966,71.75603,17.2336,20.00079
48.06347,-7.178966,71.75603,17.2336,15.02442
48.06347,-7.178966,71.75603,17.2336,23.68111
48.06347,-7.178966,71.75603,17.2336,24.35586
48.06347,-7.178966,71.75603,17.2336,26.98474
48.06347,-7.178966,71.75603,17.2336,24.17455
48.06347,-7.178966,71.75603,17.2336,18.90116
48.06347,-7.178966,71.75603,17.2336,23.17183
48.06347,-7.178966,71.75603,17.2336,38.70596
48.06347,-7.178966,71.75603,17.2336,44.04597
48.06347,-7.178966,71.75603,17.2336,29.56635
48.06347,-7.178966,71.75603,17.2336,20.62728
48.06347,-7.178966,71.75603,17.2336,12.31091
48.06347,-7.178966,71.75603,17.2336,13.43012
48.06347,-7.178966,71.75603,17.2336,25.95768
48.06347,-7.178966,71.75603,17.2336,24.1343
48.06347,-7.178966,71.75603,17.2336,18.02958
48.06347,-7.178966,71.75603,17.2336,45.08952
48.06347,-7.178966,71.75603,17.2336,20.1034
48.06347,-7.178966,71.75603,17.2336,32.70251
48.06347,-7.178966,71.75603,17.2336,50.48257
48.06347,-7.178966,71.75603,17.2336,28.03682
48.06347,-7.178966,71.75603,17.2336,20.49888
48.06347,-7.178966,71.75603,17.2336,32.14909
48.06347,-7.178966,71.75603,17.2336,11.50403
48.06347,-7.178966,71.75603,17.2336,24.06163
48.06347,-7.178966,71.75603,17.2336,54.2728
48.06347,-7.178966,71.75603,17.2336,30.63541
48.06347,-7.178966,71.75603,17.2336,29.13482
48.06347,-7.178966,71.75603,17.2336,25.14031
48.06347,-7.178966,71.75603,17.2336,31.63576
48.06347,-7.178966,71.75603,17.2336,19.55188
48.06347,-7.178966,71.75603,17.2336,21.76707
48.06347,-7.178966,71.75603,17.2336,19.4518
48.06347,-7.178966,71.75603,17.2336,33.81978
48.06347,-7.178966,71.75603,17.2336,55.09521
48.06347,-7.178966,71.75603,17.2336,20.57224
48.06347,-7.178966,71.75603,17.2336,53.44357
48.06347,-7.178966,71.75603,17.2336,38.74689
48.06347,-7.178966,71.75603,17.2336,42.23385
48.06347,-7.178966,71.75603,17.2336,29.08782
48.06347,-7.178966,71.75603,17.2336,17.11624
48.06347,-7.178966,71.75603,17.2336,21.9896
48.06347,-7.178966,71.75603,17.2336,32.94029
48.06347,-7.178966,71.75603,17.2336,14.88021
48.06347,-7.178966,71.75603,17.2336,14.81752
48.06347,-7.178966,71.75603,17.2336,31.4488
48.06347,-7.178966,71.75603,17.2336,34.41771
48.06347,-7.178966,71.75603,17.2336,48.61525
48.06347,-7.178966,71.75603,17.2336,16.68807
48.06347,-7.178966,71.75603,17.2336,38.21853
48.06347,-7.178966,71.75603,17.2336,19.44097
48.06347,-7.178966,71.75603,17.2336,30.06716
48.06347,-7.178966,71.75603,17.2336,29.26768
48.06347,-7.178966,71.75603,17.2336,17.71585
48.06347,-7.178966,71.75603,17.2336,34.68777
48.06347,-7.178966,71.75603,17.2336,30.48346
48.06347,-7.178966,71.75603,17.2336,39.53249
48.06347,-7.178966,71.75603,17.2336,35.45749
48.06347,-7.178966,71.75603,17.2336,42.10011
48.06347,-7.178966,71.75603,17.2336,20.10614
48.06347,-7.178966,71.75603,17.2336,20.18244
48.06347,-7.178966,71.75603,17.2336,15.80127
48.06347,-7.178966,71.75603,17.2336,13.99638
48.06347,-7.178966,71.75603,17.2336,26.03485
48.06347,-7.178966,71.75603,17.2336,28.31528
48.06347,-7.178966,71.75603,17.2336,18.92393
48.06347,-7.178966,71.75603,17.2336,23.78267
48.06347,-7.178966,71.75603,17.2336,27.72508
48.06347,-7.178966,71.75603,17.2336,20.44577
48.06347,-7.178966,71.75603,17.2336,19.18427
48.06347,-7.178966,71.75603,17.2336,20.90034
48.06347,-7.178966,71.75603,17.2336,29.23626
48.06347,-7.178966,71.75603,17.2336,17.37761
48.06347,-7.178966,71.75603,17.2336,32.52413
48.06347,-7.178966,71.75603,17.2336,17.00123
48.06347,-7.178966,71.75603,17.2336,45.11723
48.06347,-7.178966,71.75603,17.2336,54.60986
48.06347,-7.178966,71.75603,17.2336,35.16546
48.06347,-7.178966,71.75603,17.2336,39.02354
48.06347,-7.178966,71.75603,17.2336,35.75983
48.06347,-7.178966,71.75603,17.2336,19.54295
48.06347,-7.178966,71.75603,17.2336,29.57509
48.06347,-7.178966,71.75603,17.2336,19.50411
48.06347,-7.178966,71.75603,17.2336,15.04646
48.06347,-7.178966,71.75603,17.2336,39.83752
48.06347,-7.178966,71.75603,17.2336,51.63334
48.06347,-7.178966,71.75603,17.2336,20.88812
48.06347,-7.178966,71.75603,17.2336,16.8419
48.06347,-7.178966,71.75603,17.2336,54.25845
48.06347,-7.178966,71.75603,17.2336,21.5658
48.06347,-7.178966,71.75603,17.2336,19.5088
48.06347,-7.178966,71.75603,17.2336,29.83316
48.06347,-7.178966,71.75603,17.2336,19.26065
48.06347,-7.178966,71.75603,17.2336,32.30028
48.06347,-7.178966,71.75603,17.2336,22.20628
48.06347,-7.178966,71.75603,17.2336,15.09133
48.06347,-7.178966,71.75603,17.2336,53.15355
48.06347,-7.178966,71.75603,17.2336,54.14027
48.06347,-7.178966,71.75603,17.2336,17.1014
48.06347,-7.178966,71.75603,17.2336,12.6203
48.06347,-7.178966,71.75603,17.2336,16.0967
48.06347,-7.178966,71.75603,17.2336,22.61188
48.06347,-7.178966,71.75603,17.2336,19.6252
48.06347,-7.178966,71.75603,17.2336,16.34322
48.06347,-7.178966,71.75603,17.2336,18.12966
48.06347,-7.178966,71.75603,17.2336,11.22656
48.06347,-7.178966,71.75603,17.2336,20.80022
48.06347,-7.178966,71.75603,17.2336,15.45371
48.06347,-7.178966,71.75603,17.2336,54.34227
48.06347,-7.178966,71.75603,17.2336,27.03801
48.06347,-7.178966,71.75603,17.2336,33.23447
48.06347,-7.178966,71.75603,17.2336,16.62339
48.06347,-7.178966,71.75603,17.2336,51.4518
48.06347,-7.178966,71.75603,17.2336,18.12132
48.06347,-7.178966,71.75603,17.2336,42.72354
48.06347,-7.178966,71.75603,17.2336,29.05831
48.06347,-7.178966,71.75603,17.2336,26.20755
48.06347,-7.178966,71.75603,17.2336,46.33607
48.06347,-7.178966,71.75603,17.2336,20.34908
48.06347,-7.178966,71.75603,17.2336,29.82471
48.06347,-7.178966,71.75603,17.2336,38.14355
48.06347,-7.178966,71.75603,17.2336,24.67821
48.06347,-7.178966,71.75603,17.2336,32.48897
48.06347,-7.178966,71.75603,17.2336,36.65179
48.06347,-7.178966,71.75603,17.2336,37.45616
48.06347,-7.178966,71.75603,17.2336,18.06009
48.06347,-7.178966,71.75603,17.2336,51.88416
48.06347,-7.178966,71.75603,17.2336,25.18604
48.06347,-7.178966,71.75603,17.2336,39.62806
48.06347,-7.178966,71.75603,17.2336,34.19958
48.06347,-7.178966,71.75603,17.2336,26.50215
48.06347,-7.178966,71.75603,17.2336,41.36677
48.06347,-7.178966,71.75603,17.2336,21.77784
48.06347,-7.178966,71.75603,17.2336,14.49656
48.06347,-7.178966,71.75603,17.2336,14.5217
48.06347,-7.178966,71.75603,17.2336,40.89738
48.06347,-7.178966,71.75603,17.2336,25.79232
48.06347,-7.178966,71.75603,17.2336,32.17499
48.06347,-7.178966,71.75603,17.2336,48.04473
48.06347,-7.178966,71.75603,17.2336,22.64839
48.06347,-7.178966,71.75603,17.2336,18.43185
48.06347,-7.178966,71.75603,17.2336,18.63625
48.06347,-7.178966,71.75603,17.2336,40.27048
48.06347,-7.178966,71.75603,17.2336,19.30012
48.06347,-7.178966,71.75603,17.2336,34.82758
48.06347,-7.178966,71.75603,17.2336,32.43857
48.06347,-7.178966,71.75603,17.2336,47.2815
48.06347,-7.178966,71.75603,17.2336,19.16685
48.06347,-7.178966,71.75603,17.2336,15.59091
48.06347,-7.178966,71.75603,17.2336,22.18695
48.06347,-7.178966,71.75603,17.2336,12.89042
48.06347,-7.178966,71.75603,17.2336,17.8631
48.06347,-7.178966,71.75603,17.2336,44.77189
48.06347,-7.178966,71.75603,17.2336,22.78824
48.06347,-7.178966,71.75603,17.2336,21.57783
48.06347,-7.178966,71.75603,17.2336,20.7574
48.06347,-7.178966,71.75603,17.2336,21.48372
48.06347,-7.178966,71.75603,17.2336,23.93476
48.06347,-7.178966,71.75603,17.2336,27.30217
48.06347,-7.178966,71.75603,17.2336,24.1598
48.06347,-7.178966,71.75603,17.2336,27.72365
48.06347,-7.178966,71.75603,17.2336,46.00117
48.06347,-7.178966,71.75603,17.2336,31.71033
48.06347,-7.178966,71.75603,17.2336,49.82933
48.06347,-7.178966,71.75603,17.2336,50.84645
48.06347,-7.178966,71.75603,17.2336,25.07066
48.06347,-7.178966,71.75603,17.2336,36.48589
48.06347,-7.178966,71.75603,17.2336,46.14679
48.06347,-7.178966,71.75603,17.2336,45.23372
48.06347,-7.178966,71.75603,17.2336,17.95679
48.06347,-7.178966,71.75603,17.2336,29.98195
48.06347,-7.178966,71.75603,17.2336,29.0247
48.06347,-7.178966,71.75603,17.2336,28.51109
48.06347,-7.178966,71.75603,17.2336,13.95268
48.06347,-7.178966,71.75603,17.2336,40.47032
48.06347,-7.178966,71.75603,17.2336,24.58501
48.06347,-7.178966,71.75603,17.2336,54.77721
48.06347,-7.178966,71.75603,17.2336,15.48018
48.06347,-7.178966,71.75603,17.2336,31.06878
48.06347,-7.178966,71.75603,17.2336,23.16621
48.06347,-7.178966,71.75603,17.2336,47.39267
48.06347,-7.178966,71.75603,17.2336,45.93212
48.06347,-7.178966,71.75603,17.2336,53.35258
48.06347,-7.178966,71.75603,17.2336,52.08541
48.06347,-7.178966,71.75603,17.2336,19.73242
48.06347,-7.178966,71.75603,17.2336,31.21649
48.06347,-7.178966,71.75603,17.2336,54.95857
48.06347,-7.178966,71.75603,17.2336,15.19353
48.06347,-7.178966,71.75603,17.2336,22.95574
48.06347,-7.178966,71.75603,17.2336,51.33496
48.06347,-7.178966,71.75603,17.2336,40.85092
48.06347,-7.178966,71.75603,17.2336,21.71991
48.06347,-7.178966,71.75603,17.2336,34.6426
48.06347,-7.178966,71.75603,17.2336,12.79463
48.06347,-7.178966,71.75603,17.2336,19.53835
48.06347,-7.178966,71.75603,17.2336,18.75113
48.06347,-7.178966,71.75603,17.2336,20.06457
48.06347,-7.178966,71.75603,17.2336,23.05905
48.06347,-7.178966,71.75603,17.2336,54.40044
48.06347,-7.178966,71.75603,17.2336,52.97078
48.06347,-7.178966,71.75603,17.2336,22.91556
48.06347,-7.178966,71.75603,17.2336,34.59951
48.06347,-7.178966,71.75603,17.2336,35.668
48.06347,-7.178966,71.75603,17.2336,34.48451
48.06347,-7.178966,71.75603,17.2336,46.45578
48.06347,-7.178966,71.75603,17.2336,24.94866
48.06347,-7.178966,71.75603,17.2336,21.04798
48.06347,-7.178966,71.75603,17.2336,54.80156
48.06347,-7.178966,71.75603,17.2336,20.87451
48.06347,-7.178966,71.75603,17.2336,15.00828
48.06347,-7.178966,71.75603,17.2336,21.50678
48.06347,-7.178966,71.75603,17.2336,46.72224
48.06347,-7.178966,71.75603,17.2336,42.24294
48.06347,-7.178966,71.75603,17.2336,50.31023
48.06347,-7.178966,71.75603,17.2336,28.41659
48.06347,-7.178966,71.75603,17.2336,19.79123
48.06347,-7.178966,71.75603,17.2336,20.38673
48.06347,-7.178966,71.75603,17.2336,41.36942
48.06347,-7.178966,71.75603,17.2336,31.97312
48.06347,-7.178966,71.75603,17.2336,35.3026
48.06347,-7.178966,71.75603,17.2336,30.18964
48.06347,-7.178966,71.75603,17.2336,16.3022
48.06347,-7.178966,71.75603,17.2336,51.18322
48.06347,-7.178966,71.75603,17.2336,18.44822
48.06347,-7.178966,71.75603,17.2336,34.0035
48.06347,-7.178966,71.75603,17.2336,23.01481
48.06347,-7.178966,71.75603,17.2336,27.08127
48.06347,-7.178966,71.75603,17.2336,38.01344
48.06347,-7.178966,71.75603,17.2336,25.15182
48.06347,-7.178966,71.75603,17.2336,34.83806
48.06347,-7.178966,71.75603,17.2336,22.68356
48.06347,-7.178966,71.75603,17.2336,13.11923
48.06347,-7.178966,71.75603,17.2336,35.43757
48.06347,-7.178966,71.75603,17.2336,29.44587
48.06347,-7.178966,71.75603,17.2336,23.90766
48.06347,-7.178966,71.75603,17.2336,32.69958
48.06347,-7.178966,71.75603,17.2336,21.14844
48.06347,-7.178966,71.75603,17.2336,22.93629
48.06347,-7.178966,71.75603,17.2336,29.61931
48.06347,-7.178966,71.75603,17.2336,23.62156
48.06347,-7.178966,71.75603,17.2336,19.0632
48.06347,-7.178966,71.75603,17.2336,19.15028
48.06347,-7.178966,71.75603,17.2336,29.44946
48.06347,-7.178966,71.75603,17.2336,14.72085
48.06347,-7.178966,71.75603,17.2336,17.54376
48.06347,-7.178966,71.75603,17.2336,23.31496
48.06347,-7.178966,71.75603,17.2336,49.78448
48.06347,-7.178966,71.75603,17.2336,54.97025
48.06347,-7.178966,71.75603,17.2336,24.32072
48.06347,-7.178966,71.75603,17.2336,29.16759
48.06347,-7.178966,71.75603,17.2336,22.6147
48.06347,-7.178966,71.75603,17.2336,45.15693
48.06347,-7.178966,71.75603,17.2336,17.8189
48.06347,-7.178966,71.75603,17.2336,24.09261
48.06347,-7.178966,71.75603,17.2336,17.28135
48.06347,-7.178966,71.75603,17.2336,14.69223
48.06347,-7.178966,71.75603,17.2336,48.16568
48.06347,-7.178966,71.75603,17.2336,19.67005
48.06347,-7.178966,71.75603,17.2336,33.93565
48.06347,-7.178966,71.75603,17.2336,36.98468
48.06347,-7.178966,71.75603,17.2336,18.95697
48.06347,-7.178966,71.75603,17.2336,40.5523
48.06347,-7.178966,71.75603,17.2336,28.6429
48.06347,-7.178966,71.75603,17.2336,40.44069
48.06347,-7.178966,71.75603,17.2336,49.59311
48.06347,-7.178966,71.75603,17.2336,22.84284
48.06347,-7.178966,71.75603,17.2336,17.89634
48.06347,-7.178966,71.75603,17.2336,41.10192
48.06347,-7.178966,71.75603,17.2336,54.94812
48.06347,-7.178966,71.75603,17.2336,38.36641
48.06347,-7.178966,71.75603,17.2336,48.99118
48.06347,-7.178966,71.75603,17.2336,20.51062
48.06347,-7.178966,71.75603,17.2336,17.4233
48.06347,-7.178966,71.75603,17.2336,47.4674
48.06347,-7.178966,71.75603,17.2336,19.25193
48.06347,-7.178966,71.75603,17.2336,54.47844
48.06347,-7.178966,71.75603,17.2336,14.50618
48.06347,-7.178966,71.75603,17.2336,21.44706
48.06347,-7.178966,71.75603,17.2336,47.06148
48.06347,-7.178966,71.75603,17.2336,44.97467
48.06347,-7.178966,71.75603,17.2336,48.29189
48.06347,-7.178966,71.75603,17.2336,21.83341
48.06347,-7.178966,71.75603,17.2336,28.19003
48.06347,-7.178966,71.75603,17.2336,23.30323
48.06347,-7.178966,71.75603,17.2336,22.49905
48.06347,-7.178966,71.75603,17.2336,34.53958
48.06347,-7.178966,71.75603,17.2336,20.49297
48.06347,-7.178966,71.75603,17.2336,44.81382
48.06347,-7.178966,71.75603,17.2336,33.54848
48.06347,-7.178966,71.75603,17.2336,26.6772
48.06347,-7.178966,71.75603,17.2336,40.50354
48.06347,-7.178966,71.75603,17.2336,41.83484
48.06347,-7.178966,71.75603,17.2336,49.61244
48.06347,-7.178966,71.75603,17.2336,45.38245
48.06347,-7.178966,71.75603,17.2336,48.00835
48.06347,-7.178966,71.75603,17.2336,40.59034
48.06347,-7.178966,71.75603,17.2336,20.61149
48.06347,-7.178966,71.75603,17.2336,23.33343
48.06347,-7.178966,71.75603,17.2336,30.47404
48.06347,-7.178966,71.75603,17.2336,16.33412
48.06347,-7.178966,71.75603,17.2336,53.84842
48.06347,-7.178966,71.75603,17.2336,24.55478
48.06347,-7.178966,71.75603,17.2336,36.66565
48.06347,-7.178966,71.75603,17.2336,27.67276
48.06347,-7.178966,71.75603,17.2336,35.16885
48.06347,-7.178966,71.75603,17.2336,21.27187
48.06347,-7.178966,71.75603,17.2336,22.47355
48.06347,-7.178966,71.75603,17.2336,23.28873
48.06347,-7.178966,71.75603,17.2336,21.71503
48.06347,-7.178966,71.75603,17.2336,23.97146
48.06347,-7.178966,71.75603,17.2336,32.36045
48.06347,-7.178966,71.75603,17.2336,20.39498
48.06347,-7.178966,71.75603,17.2336,30.87687
48.06347,-7.178966,71.75603,17.2336,41.38325
48.06347,-7.178966,71.75603,17.2336,26.02301
48.06347,-7.178966,71.75603,17.2336,49.81141
48.06347,-7.178966,71.75603,17.2336,51.16839
48.06347,-7.178966,71.75603,17.2336,35.38488
48.06347,-7.178966,71.75603,17.2336,19.42213
48.06347,-7.178966,71.75603,17.2336,24.03675
48.06347,-7.178966,71.75603,17.2336,25.1994
48.06347,-7.178966,71.75603,17.2336,27.88683
