NAFSGNQGPPASQSDILQGNNGNKRPRRGDRRRTGMNTNEPSSPTGQQSA
